rank_number,actor,contributions,percent,cumulative_sum,cumulative_percent,all_contributions
1,mcandeia,109,1.49458,109,1.49458,7293
2,jakobmoellersap,103,1.41231,212,2.90690,7293
3,amolmote,78,1.06952,290,3.97642,7293
4,dannypsnl,63,0.86384,353,4.84026,7293
5,tonyzaizai,38,0.52105,391,5.36131,7293
6,jinjianfeng-chn,37,0.50734,428,5.86864,7293
7,jackyshang12321,35,0.47991,463,6.34855,7293
8,rszwajko,35,0.47991,498,6.82847,7293
9,aishwarya25252,34,0.46620,532,7.29467,7293
10,4383,32,0.43878,564,7.73344,7293
11,sohampachpande,32,0.43878,596,8.17222,7293
12,WindNotStop,29,0.39764,625,8.56986,7293
13,mharshita,28,0.38393,653,8.95379,7293
14,mzacho,28,0.38393,681,9.33772,7293
15,zhenglinan,28,0.38393,709,9.72165,7293
16,baolsen,27,0.37022,736,10.09187,7293
17,ronyis,26,0.35651,762,10.44838,7293
18,sctb512,26,0.35651,788,10.80488,7293
19,cdeliaRH,25,0.34279,813,11.14768,7293
20,chrysan55,25,0.34279,838,11.49047,7293
21,khizunov,24,0.32908,862,11.81955,7293
22,moogzy,24,0.32908,886,12.14864,7293
23,niconorsk,24,0.32908,910,12.47772,7293
24,gjcairo,23,0.31537,933,12.79309,7293
25,jcanocan,23,0.31537,956,13.10846,7293
26,anirudhp26,22,0.30166,978,13.41012,7293
27,darthaud,22,0.30166,1000,13.71178,7293
28,demoManito,22,0.30166,1022,14.01344,7293
29,LatorreDev,22,0.30166,1044,14.31510,7293
30,shenmo3,22,0.30166,1066,14.61676,7293
31,asim-reza,21,0.28795,1087,14.90470,7293
32,YashPimple,21,0.28795,1108,15.19265,7293
33,andyatwork,20,0.27424,1128,15.46689,7293
34,i-dipanshu,20,0.27424,1148,15.74112,7293
35,Lichiehyao,20,0.27424,1168,16.01536,7293
36,philipp-hinteregger,20,0.27424,1188,16.28959,7293
37,robobario,20,0.27424,1208,16.56383,7293
38,by-d-sign,19,0.26052,1227,16.82435,7293
39,datacore-vkumar,19,0.26052,1246,17.08488,7293
40,ddd1123,19,0.26052,1265,17.34540,7293
41,mikeb26,19,0.26052,1284,17.60592,7293
42,wuyanpinguniontech,19,0.26052,1303,17.86645,7293
43,carnerito,18,0.24681,1321,18.11326,7293
44,joshleecreates,18,0.24681,1339,18.36007,7293
45,rajivharlalka,18,0.24681,1357,18.60688,7293
46,yzcyayaya,18,0.24681,1375,18.85370,7293
47,avlitman,17,0.23310,1392,19.08680,7293
48,ethanvc,17,0.23310,1409,19.31990,7293
49,mdcarr941,17,0.23310,1426,19.55300,7293
50,suprjinx,17,0.23310,1443,19.78610,7293
51,guyinyou,16,0.21939,1459,20.00548,7293
52,lavakush07,16,0.21939,1475,20.22487,7293
53,mike-pt,16,0.21939,1491,20.44426,7293
54,RangelReale,16,0.21939,1507,20.66365,7293
55,leonardomaier,15,0.20568,1522,20.86933,7293
56,Lichmaker,15,0.20568,1537,21.07500,7293
57,ruanxin,15,0.20568,1552,21.28068,7293
58,sharp-pixel,15,0.20568,1567,21.48636,7293
59,Shivaniiiiiiiiiii,15,0.20568,1582,21.69203,7293
60,uday060,15,0.20568,1597,21.89771,7293
61,bgaifullin,14,0.19196,1611,22.08968,7293
62,feihu-stripe,14,0.19196,1625,22.28164,7293
63,hirendave47,14,0.19196,1639,22.47360,7293
64,Rei1010,14,0.19196,1653,22.66557,7293
65,vibhansa-msft,14,0.19196,1667,22.85753,7293
66,vroetman,14,0.19196,1681,23.04950,7293
67,wangamel,14,0.19196,1695,23.24146,7293
68,xiaochanwang,14,0.19196,1709,23.43343,7293
69,3pings,13,0.17825,1722,23.61168,7293
70,drohnow,13,0.17825,1735,23.78994,7293
71,musingvirtual,13,0.17825,1748,23.96819,7293
72,PleasantMachine9,13,0.17825,1761,24.14644,7293
73,sfilyh,13,0.17825,1774,24.32469,7293
74,abhayanoop,12,0.16454,1786,24.48924,7293
75,Enity,12,0.16454,1798,24.65378,7293
76,fk128,12,0.16454,1810,24.81832,7293
77,Gentleelephant,12,0.16454,1822,24.98286,7293
78,JossWhittle,12,0.16454,1834,25.14740,7293
79,jyotibhanot,12,0.16454,1846,25.31194,7293
80,mayurvaid-redvest,12,0.16454,1858,25.47648,7293
81,MrSumeng,12,0.16454,1870,25.64103,7293
82,robozb,12,0.16454,1882,25.80557,7293
83,subi9,12,0.16454,1894,25.97011,7293
84,Sword-zhj,12,0.16454,1906,26.13465,7293
85,Weijun-H,12,0.16454,1918,26.29919,7293
86,adarsh500,11,0.15083,1929,26.45002,7293
87,dzane17,11,0.15083,1940,26.60085,7293
88,fireinrain,11,0.15083,1951,26.75168,7293
89,houhuijian,11,0.15083,1962,26.90251,7293
90,linjunzhe,11,0.15083,1973,27.05334,7293
91,Mahagon,11,0.15083,1984,27.20417,7293
92,pradeepjairamani,11,0.15083,1995,27.35500,7293
93,rockdrilla,11,0.15083,2006,27.50583,7293
94,sambit-sankalp,11,0.15083,2017,27.65666,7293
95,shanchenggang,11,0.15083,2028,27.80749,7293
96,Szpark,11,0.15083,2039,27.95832,7293
97,zhenyuanlau,11,0.15083,2050,28.10915,7293
98,AbdAlRahman-Odeh-99,10,0.13712,2060,28.24626,7293
99,Cull-Methi,10,0.13712,2070,28.38338,7293
100,d8660091,10,0.13712,2080,28.52050,7293
101,HaokunX-intel,10,0.13712,2090,28.65762,7293
102,Himanshu664,10,0.13712,2100,28.79473,7293
103,jpmnteiro,10,0.13712,2110,28.93185,7293
104,jsvk,10,0.13712,2120,29.06897,7293
105,kaiquerass,10,0.13712,2130,29.20609,7293
106,KasperKornak,10,0.13712,2140,29.34321,7293
107,KlausMikhaelson,10,0.13712,2150,29.48032,7293
108,LiavSlama,10,0.13712,2160,29.61744,7293
109,Longchuanzheng,10,0.13712,2170,29.75456,7293
110,melvinkcx,10,0.13712,2180,29.89168,7293
111,pawank0411,10,0.13712,2190,30.02879,7293
112,pritamfocal,10,0.13712,2200,30.16591,7293
113,renatolabs,10,0.13712,2210,30.30303,7293
114,ritch2022,10,0.13712,2220,30.44015,7293
115,sarthakkathpalia,10,0.13712,2230,30.57727,7293
116,Tizull,10,0.13712,2240,30.71438,7293
117,vaibhav135,10,0.13712,2250,30.85150,7293
118,voldemorte,10,0.13712,2260,30.98862,7293
119,yizha1,10,0.13712,2270,31.12574,7293
120,alanlekah,9,0.12341,2279,31.24914,7293
121,Boenan,9,0.12341,2288,31.37255,7293
122,djryanj,9,0.12341,2297,31.49596,7293
123,dqsully,9,0.12341,2306,31.61936,7293
124,igor-mendix,9,0.12341,2315,31.74277,7293
125,jiangjiongyu,9,0.12341,2324,31.86617,7293
126,kajogo777,9,0.12341,2333,31.98958,7293
127,Manvir-nokia,9,0.12341,2342,32.11299,7293
128,Mwad22,9,0.12341,2351,32.23639,7293
129,omarkhammassi,9,0.12341,2360,32.35980,7293
130,pigboysid,9,0.12341,2369,32.48320,7293
131,RedwineOS,9,0.12341,2378,32.60661,7293
132,sartsj,9,0.12341,2387,32.73002,7293
133,sumanmukherjee03,9,0.12341,2396,32.85342,7293
134,thed0ct0r,9,0.12341,2405,32.97683,7293
135,tusharxoxoxo,9,0.12341,2414,33.10023,7293
136,wju-MSFT,9,0.12341,2423,33.22364,7293
137,zeel-pathak,9,0.12341,2432,33.34705,7293
138,117503445,8,0.10969,2440,33.45674,7293
139,ADITYADAS1999,8,0.10969,2448,33.56643,7293
140,aim-for-better,8,0.10969,2456,33.67613,7293
141,anguisa,8,0.10969,2464,33.78582,7293
142,droppedbars,8,0.10969,2472,33.89552,7293
143,foroozf001,8,0.10969,2480,34.00521,7293
144,frdeboffles,8,0.10969,2488,34.11490,7293
145,hanselsen,8,0.10969,2496,34.22460,7293
146,jasminetMSFT,8,0.10969,2504,34.33429,7293
147,jherrman,8,0.10969,2512,34.44399,7293
148,jorgeepc,8,0.10969,2520,34.55368,7293
149,kilsilent,8,0.10969,2528,34.66338,7293
150,KirolosShehata,8,0.10969,2536,34.77307,7293
151,lpegoraro,8,0.10969,2544,34.88276,7293
152,martijnvdp,8,0.10969,2552,34.99246,7293
153,mattaltberg,8,0.10969,2560,35.10215,7293
154,MBoui,8,0.10969,2568,35.21185,7293
155,qian1166,8,0.10969,2576,35.32154,7293
156,saber1017,8,0.10969,2584,35.43124,7293
157,SealinGp,8,0.10969,2592,35.54093,7293
158,suryatejaswi89,8,0.10969,2600,35.65062,7293
159,thiagorizzo,8,0.10969,2608,35.76032,7293
160,twstewart42,8,0.10969,2616,35.87001,7293
161,u0000000021,8,0.10969,2624,35.97971,7293
162,zdxgs,8,0.10969,2632,36.08940,7293
163,AbdullahArean,7,0.09598,2639,36.18538,7293
164,bledbet,7,0.09598,2646,36.28137,7293
165,bobbyangers,7,0.09598,2653,36.37735,7293
166,brlala,7,0.09598,2660,36.47333,7293
167,caesar0301,7,0.09598,2667,36.56931,7293
168,ccunning,7,0.09598,2674,36.66530,7293
169,Chinwendu20,7,0.09598,2681,36.76128,7293
170,dhruvmaindola227,7,0.09598,2688,36.85726,7293
171,digogid,7,0.09598,2695,36.95324,7293
172,dima618,7,0.09598,2702,37.04923,7293
173,ethanrange,7,0.09598,2709,37.14521,7293
174,inlann,7,0.09598,2716,37.24119,7293
175,jdloft,7,0.09598,2723,37.33717,7293
176,jj22ee,7,0.09598,2730,37.43316,7293
177,lionello,7,0.09598,2737,37.52914,7293
178,lsiric,7,0.09598,2744,37.62512,7293
179,maciekmm,7,0.09598,2751,37.72110,7293
180,macrokernel,7,0.09598,2758,37.81708,7293
181,maia-iyer,7,0.09598,2765,37.91307,7293
182,mostafaghadimi,7,0.09598,2772,38.00905,7293
183,mrblonde91,7,0.09598,2779,38.10503,7293
184,patrik93,7,0.09598,2786,38.20101,7293
185,pawicao-ibm,7,0.09598,2793,38.29700,7293
186,sole0bserver,7,0.09598,2800,38.39298,7293
187,vk0125,7,0.09598,2807,38.48896,7293
188,yuzd,7,0.09598,2814,38.58494,7293
189,AaravBaba,6,0.08227,2820,38.66722,7293
190,akasprzok,6,0.08227,2826,38.74949,7293
191,Alehap,6,0.08227,2832,38.83176,7293
192,alexandrejulien,6,0.08227,2838,38.91403,7293
193,andrewkwok2022,6,0.08227,2844,38.99630,7293
194,bingsenmu,6,0.08227,2850,39.07857,7293
195,bitpeng,6,0.08227,2856,39.16084,7293
196,Comolli,6,0.08227,2862,39.24311,7293
197,david-christ,6,0.08227,2868,39.32538,7293
198,Devansu-Yadav,6,0.08227,2874,39.40765,7293
199,dhawal1304,6,0.08227,2880,39.48992,7293
200,DNJha,6,0.08227,2886,39.57219,7293
201,ear7h,6,0.08227,2892,39.65446,7293
202,erezweissgloat,6,0.08227,2898,39.73673,7293
203,gfrid,6,0.08227,2904,39.81900,7293
204,happlins,6,0.08227,2910,39.90128,7293
205,husimplicity,6,0.08227,2916,39.98355,7293
206,iMikeG6,6,0.08227,2922,40.06582,7293
207,JoshuaFurman,6,0.08227,2928,40.14809,7293
208,jpts,6,0.08227,2934,40.23036,7293
209,Jthomas54,6,0.08227,2940,40.31263,7293
210,kfrankli,6,0.08227,2946,40.39490,7293
211,lihaomin1010,6,0.08227,2952,40.47717,7293
212,luctowers,6,0.08227,2958,40.55944,7293
213,mabrarov,6,0.08227,2964,40.64171,7293
214,mcdoker18,6,0.08227,2970,40.72398,7293
215,mczimm,6,0.08227,2976,40.80625,7293
216,michael-cico,6,0.08227,2982,40.88852,7293
217,muhaook,6,0.08227,2988,40.97079,7293
218,nirev,6,0.08227,2994,41.05306,7293
219,oka-tan,6,0.08227,3000,41.13534,7293
220,pallasathena92,6,0.08227,3006,41.21761,7293
221,pbzweihander,6,0.08227,3012,41.29988,7293
222,phaakmat,6,0.08227,3018,41.38215,7293
223,rogue-gamer-ryt,6,0.08227,3024,41.46442,7293
224,rooque,6,0.08227,3030,41.54669,7293
225,ryan65,6,0.08227,3036,41.62896,7293
226,scotthain,6,0.08227,3042,41.71123,7293
227,SunnyAureliusRichard,6,0.08227,3048,41.79350,7293
228,surbhiahuja,6,0.08227,3054,41.87577,7293
229,tauseef-ah,6,0.08227,3060,41.95804,7293
230,TiAmoAmore,6,0.08227,3066,42.04031,7293
231,tomassitar,6,0.08227,3072,42.12258,7293
232,TYTaO,6,0.08227,3078,42.20485,7293
233,v1ferrarij,6,0.08227,3084,42.28712,7293
234,vsvastey,6,0.08227,3090,42.36940,7293
235,wudenggang,6,0.08227,3096,42.45167,7293
236,yangjuexi-ones,6,0.08227,3102,42.53394,7293
237,ybelMekk,6,0.08227,3108,42.61621,7293
238,Yh010,6,0.08227,3114,42.69848,7293
239,zengxilong,6,0.08227,3120,42.78075,7293
240,0saurabh0,5,0.06856,3125,42.84931,7293
241,3405691582,5,0.06856,3130,42.91787,7293
242,aamirali-dev,5,0.06856,3135,42.98643,7293
243,adityyaa-10,5,0.06856,3140,43.05498,7293
244,akalittle,5,0.06856,3145,43.12354,7293
245,akashjain971,5,0.06856,3150,43.19210,7293
246,AlbeeSo,5,0.06856,3155,43.26066,7293
247,alphamarket,5,0.06856,3160,43.32922,7293
248,amcginlay,5,0.06856,3165,43.39778,7293
249,amit1-100ms,5,0.06856,3170,43.46634,7293
250,ap-mx-git,5,0.06856,3175,43.53490,7293
251,atakarabt,5,0.06856,3180,43.60346,7293
252,ayandapalli,5,0.06856,3185,43.67201,7293
253,BenGatewood,5,0.06856,3190,43.74057,7293
254,bitmeal,5,0.06856,3195,43.80913,7293
255,Brawcks,5,0.06856,3200,43.87769,7293
256,chusteven,5,0.06856,3205,43.94625,7293
257,clww,5,0.06856,3210,44.01481,7293
258,CypherpunkSamurai,5,0.06856,3215,44.08337,7293
259,DanielCastronovo,5,0.06856,3220,44.15193,7293
260,dauntlessXXI,5,0.06856,3225,44.22049,7293
261,DCCSKrezovic,5,0.06856,3230,44.28904,7293
262,debdutdeb,5,0.06856,3235,44.35760,7293
263,deveshgoyal1000,5,0.06856,3240,44.42616,7293
264,DSigmund,5,0.06856,3245,44.49472,7293
265,edisonX-sudo,5,0.06856,3250,44.56328,7293
266,eliaharm,5,0.06856,3255,44.63184,7293
267,eradnab,5,0.06856,3260,44.70040,7293
268,erikkn,5,0.06856,3265,44.76896,7293
269,eulisesquidel,5,0.06856,3270,44.83752,7293
270,Gab-Menezes,5,0.06856,3275,44.90607,7293
271,GalvinGao,5,0.06856,3280,44.97463,7293
272,GeorginaKin,5,0.06856,3285,45.04319,7293
273,HYAR7E,5,0.06856,3290,45.11175,7293
274,jaqfassqlf,5,0.06856,3295,45.18031,7293
275,jarrington-supernatural,5,0.06856,3300,45.24887,7293
276,jchipmunk,5,0.06856,3305,45.31743,7293
277,jeevagan1,5,0.06856,3310,45.38599,7293
278,JesudassJosephraj,5,0.06856,3315,45.45455,7293
279,JoshuaGarrison27,5,0.06856,3320,45.52310,7293
280,jsparter,5,0.06856,3325,45.59166,7293
281,julian-dolce-form3,5,0.06856,3330,45.66022,7293
282,keqpup232,5,0.06856,3335,45.72878,7293
283,kmlamkin9,5,0.06856,3340,45.79734,7293
284,knowshan,5,0.06856,3345,45.86590,7293
285,koenekle,5,0.06856,3350,45.93446,7293
286,Kyle-Wong,5,0.06856,3355,46.00302,7293
287,lam-man,5,0.06856,3360,46.07158,7293
288,LeiJJ8,5,0.06856,3365,46.14013,7293
289,lifejoyforpy,5,0.06856,3370,46.20869,7293
290,lijin-union,5,0.06856,3375,46.27725,7293
291,linlew60,5,0.06856,3380,46.34581,7293
292,mahdiG,5,0.06856,3385,46.41437,7293
293,marshell0,5,0.06856,3390,46.48293,7293
294,Miseratio,5,0.06856,3395,46.55149,7293
295,MonocleKelso,5,0.06856,3400,46.62005,7293
296,muhammad-rafi,5,0.06856,3405,46.68861,7293
297,mulhotavares,5,0.06856,3410,46.75716,7293
298,neeraj-2,5,0.06856,3415,46.82572,7293
299,nicholasyin,5,0.06856,3420,46.89428,7293
300,nullable-eth,5,0.06856,3425,46.96284,7293
301,OHsechun,5,0.06856,3430,47.03140,7293
302,qascade,5,0.06856,3435,47.09996,7293
303,qianbeibuzui,5,0.06856,3440,47.16852,7293
304,qw3r3wq,5,0.06856,3445,47.23708,7293
305,reecenil,5,0.06856,3450,47.30564,7293
306,rohannair11,5,0.06856,3455,47.37419,7293
307,RossComputerGuy,5,0.06856,3460,47.44275,7293
308,ruslandoga,5,0.06856,3465,47.51131,7293
309,rvolchanskii,5,0.06856,3470,47.57987,7293
310,sakiib,5,0.06856,3475,47.64843,7293
311,SantiEich,5,0.06856,3480,47.71699,7293
312,ShiLei96,5,0.06856,3485,47.78555,7293
313,sondrelg,5,0.06856,3490,47.85411,7293
314,sreelakshminarayananm,5,0.06856,3495,47.92267,7293
315,srinathjamboju92,5,0.06856,3500,47.99122,7293
316,stefanbenten,5,0.06856,3505,48.05978,7293
317,sumanth-sure,5,0.06856,3510,48.12834,7293
318,TonyShanc,5,0.06856,3515,48.19690,7293
319,VictorDM,5,0.06856,3520,48.26546,7293
320,viniciusfs,5,0.06856,3525,48.33402,7293
321,vvoland,5,0.06856,3530,48.40258,7293
322,xinqshang,5,0.06856,3535,48.47114,7293
323,yakovdom,5,0.06856,3540,48.53970,7293
324,yasunaga-shuto,5,0.06856,3545,48.60825,7293
325,yelghali,5,0.06856,3550,48.67681,7293
326,Adityayxt,4,0.05485,3554,48.73166,7293
327,agomez-infoblox,4,0.05485,3558,48.78651,7293
328,ahmedalawady,4,0.05485,3562,48.84135,7293
329,akshat172,4,0.05485,3566,48.89620,7293
330,alirezazamani,4,0.05485,3570,48.95105,7293
331,alissonfabiano,4,0.05485,3574,49.00590,7293
332,amitsetty,4,0.05485,3578,49.06074,7293
333,amRohitKumar,4,0.05485,3582,49.11559,7293
334,AndriiChuzhynov,4,0.05485,3586,49.17044,7293
335,anhpngt,4,0.05485,3590,49.22528,7293
336,anirudhjayakumar,4,0.05485,3594,49.28013,7293
337,anshul81095,4,0.05485,3598,49.33498,7293
338,avinashs433,4,0.05485,3602,49.38983,7293
339,awhitepl,4,0.05485,3606,49.44467,7293
340,back1860,4,0.05485,3610,49.49952,7293
341,bandya2003,4,0.05485,3614,49.55437,7293
342,ben-swit,4,0.05485,3618,49.60921,7293
343,Benzhaomin,4,0.05485,3622,49.66406,7293
344,biukang,4,0.05485,3626,49.71891,7293
345,bnoctis,4,0.05485,3630,49.77376,7293
346,Breadkenty,4,0.05485,3634,49.82860,7293
347,bsmith1180,4,0.05485,3638,49.88345,7293
348,bumblebeeK,4,0.05485,3642,49.93830,7293
349,chefmtt,4,0.05485,3646,49.99314,7293
350,cliftonz1,4,0.05485,3650,50.04799,7293
351,danilouchoa,4,0.05485,3654,50.10284,7293
352,dansl1982,4,0.05485,3658,50.15769,7293
353,dbanetto,4,0.05485,3662,50.21253,7293
354,dcfranca,4,0.05485,3666,50.26738,7293
355,dmitrynovik,4,0.05485,3670,50.32223,7293
356,DrZoidberg09,4,0.05485,3674,50.37707,7293
357,Edenzil,4,0.05485,3678,50.43192,7293
358,ekitagawa,4,0.05485,3682,50.48677,7293
359,enriquebelarte,4,0.05485,3686,50.54162,7293
360,fcfz2016,4,0.05485,3690,50.59646,7293
361,FoeverA0,4,0.05485,3694,50.65131,7293
362,fravoss,4,0.05485,3698,50.70616,7293
363,Garfield96,4,0.05485,3702,50.76100,7293
364,giany,4,0.05485,3706,50.81585,7293
365,gtWalker98,4,0.05485,3710,50.87070,7293
366,gushev,4,0.05485,3714,50.92555,7293
367,h3nry-1,4,0.05485,3718,50.98039,7293
368,hari4147,4,0.05485,3722,51.03524,7293
369,harinarayanan-muthukumar,4,0.05485,3726,51.09009,7293
370,henryrior,4,0.05485,3730,51.14493,7293
371,hethehe,4,0.05485,3734,51.19978,7293
372,hilladalins,4,0.05485,3738,51.25463,7293
373,HummingMind,4,0.05485,3742,51.30947,7293
374,Hyan1996,4,0.05485,3746,51.36432,7293
375,itac-admin,4,0.05485,3750,51.41917,7293
376,jatinkumarg,4,0.05485,3754,51.47402,7293
377,Jaxelr,4,0.05485,3758,51.52886,7293
378,jiangjinnan,4,0.05485,3762,51.58371,7293
379,Jihadik,4,0.05485,3766,51.63856,7293
380,JnRouvignac,4,0.05485,3770,51.69340,7293
381,jonathanbrecher,4,0.05485,3774,51.74825,7293
382,Joshua-Igoni,4,0.05485,3778,51.80310,7293
383,josiahbryan,4,0.05485,3782,51.85795,7293
384,jpegleg-k8s,4,0.05485,3786,51.91279,7293
385,JulienVdG,4,0.05485,3790,51.96764,7293
386,jwang1013,4,0.05485,3794,52.02249,7293
387,kalyan-vurugonda,4,0.05485,3798,52.07733,7293
388,kleug,4,0.05485,3802,52.13218,7293
389,kschoche,4,0.05485,3806,52.18703,7293
390,kyle8615,4,0.05485,3810,52.24188,7293
391,KylePeterDavies,4,0.05485,3814,52.29672,7293
392,laxmansoma22,4,0.05485,3818,52.35157,7293
393,leffeloket,4,0.05485,3822,52.40642,7293
394,llaoj,4,0.05485,3826,52.46126,7293
395,LongJingGit,4,0.05485,3830,52.51611,7293
396,lootoos,4,0.05485,3834,52.57096,7293
397,lpessoa,4,0.05485,3838,52.62581,7293
398,luyangsc,4,0.05485,3842,52.68065,7293
399,MalikMlitat,4,0.05485,3846,52.73550,7293
400,manjunath-batakurki,4,0.05485,3850,52.79035,7293
401,marcus1aleksand,4,0.05485,3854,52.84519,7293
402,MarcusWichelmann,4,0.05485,3858,52.90004,7293
403,mashriram,4,0.05485,3862,52.95489,7293
404,matwerber1,4,0.05485,3866,53.00974,7293
405,mdf-observe,4,0.05485,3870,53.06458,7293
406,mill-falcon,4,0.05485,3874,53.11943,7293
407,Mohdcode,4,0.05485,3878,53.17428,7293
408,MrBLightning,4,0.05485,3882,53.22912,7293
409,muncus,4,0.05485,3886,53.28397,7293
410,nicdumz,4,0.05485,3890,53.33882,7293
411,nicoloxu,4,0.05485,3894,53.39367,7293
412,nilesh-akhade,4,0.05485,3898,53.44851,7293
413,Northcode,4,0.05485,3902,53.50336,7293
414,NUAAMETEOR,4,0.05485,3906,53.55821,7293
415,offbyone,4,0.05485,3910,53.61305,7293
416,outscale-mdr,4,0.05485,3914,53.66790,7293
417,Ozarklake,4,0.05485,3918,53.72275,7293
418,p9139010,4,0.05485,3922,53.77759,7293
419,phshen68,4,0.05485,3926,53.83244,7293
420,PIYUSH-MISHRA-00,4,0.05485,3930,53.88729,7293
421,ps68060,4,0.05485,3934,53.94214,7293
422,qinrui96,4,0.05485,3938,53.99698,7293
423,rikirolly,4,0.05485,3942,54.05183,7293
424,roblabla,4,0.05485,3946,54.10668,7293
425,roman-chub,4,0.05485,3950,54.16152,7293
426,rsha123,4,0.05485,3954,54.21637,7293
427,rubenvdg,4,0.05485,3958,54.27122,7293
428,sachinjangramp,4,0.05485,3962,54.32607,7293
429,sahilsarawagi,4,0.05485,3966,54.38091,7293
430,saikyt,4,0.05485,3970,54.43576,7293
431,SakaZhang,4,0.05485,3974,54.49061,7293
432,santkuma77,4,0.05485,3978,54.54545,7293
433,sat-devopsnow,4,0.05485,3982,54.60030,7293
434,Shikhrshukla,4,0.05485,3986,54.65515,7293
435,smamindla57,4,0.05485,3990,54.71000,7293
436,song0071000,4,0.05485,3994,54.76484,7293
437,SpareShade,4,0.05485,3998,54.81969,7293
438,sthomson-wyn,4,0.05485,4002,54.87454,7293
439,tarobins,4,0.05485,4006,54.92938,7293
440,TeoJJss,4,0.05485,4010,54.98423,7293
441,Thanos222,4,0.05485,4014,55.03908,7293
442,theworkshopcom,4,0.05485,4018,55.09393,7293
443,thr3a,4,0.05485,4022,55.14877,7293
444,tmerello2001,4,0.05485,4026,55.20362,7293
445,Transmitt0r,4,0.05485,4030,55.25847,7293
446,tylergu,4,0.05485,4034,55.31331,7293
447,Uzay-G,4,0.05485,4038,55.36816,7293
448,vamshi05,4,0.05485,4042,55.42301,7293
449,VanessaWeaveworksK8S,4,0.05485,4046,55.47786,7293
450,vhsantos,4,0.05485,4050,55.53270,7293
451,vjvel,4,0.05485,4054,55.58755,7293
452,wallflower762,4,0.05485,4058,55.64240,7293
453,Wercurial,4,0.05485,4062,55.69724,7293
454,xqbumu,4,0.05485,4066,55.75209,7293
455,xushuhui,4,0.05485,4070,55.80694,7293
456,yashvardhan-zs,4,0.05485,4074,55.86179,7293
457,yasindce1998,4,0.05485,4078,55.91663,7293
458,youtweakit,4,0.05485,4082,55.97148,7293
459,zgq25302111,4,0.05485,4086,56.02633,7293
460,zoranzaric-cpx,4,0.05485,4090,56.08117,7293
461,zyv,4,0.05485,4094,56.13602,7293
462,03amir,3,0.04114,4097,56.17716,7293
463,1006er,3,0.04114,4100,56.21829,7293
464,329277920,3,0.04114,4103,56.25943,7293
465,a3yko,3,0.04114,4106,56.30056,7293
466,abc767234318,3,0.04114,4109,56.34170,7293
467,abutch3r,3,0.04114,4112,56.38283,7293
468,acald-creator,3,0.04114,4115,56.42397,7293
469,activated-coal,3,0.04114,4118,56.46510,7293
470,AdiaLoveTrance,3,0.04114,4121,56.50624,7293
471,ahsenkamal,3,0.04114,4124,56.54737,7293
472,airavichandra,3,0.04114,4127,56.58851,7293
473,akhilaj,3,0.04114,4130,56.62964,7293
474,aktech,3,0.04114,4133,56.67078,7293
475,Alan-cheng,3,0.04114,4136,56.71192,7293
476,Alan-huan,3,0.04114,4139,56.75305,7293
477,AlexisHW,3,0.04114,4142,56.79419,7293
478,alinoaimi,3,0.04114,4145,56.83532,7293
479,anagri,3,0.04114,4148,56.87646,7293
480,anetogit,3,0.04114,4151,56.91759,7293
481,angjuLin,3,0.04114,4154,56.95873,7293
482,AnkitaMalik22,3,0.04114,4157,56.99986,7293
483,ann-wzhao,3,0.04114,4160,57.04100,7293
484,aostrovsky,3,0.04114,4163,57.08213,7293
485,armandpicard,3,0.04114,4166,57.12327,7293
486,arnabaws15,3,0.04114,4169,57.16440,7293
487,aru-trackunit,3,0.04114,4172,57.20554,7293
488,ashwinrana-db,3,0.04114,4175,57.24667,7293
489,Aslan-Liu,3,0.04114,4178,57.28781,7293
490,a-spit-to-silkworm-circle,3,0.04114,4181,57.32895,7293
491,bangzhuzhu,3,0.04114,4184,57.37008,7293
492,benaskikutis,3,0.04114,4187,57.41122,7293
493,Benny-Git,3,0.04114,4190,57.45235,7293
494,BGrasnick,3,0.04114,4193,57.49349,7293
495,bigbigxu,3,0.04114,4196,57.53462,7293
496,bitoku,3,0.04114,4199,57.57576,7293
497,blakethepatton,3,0.04114,4202,57.61689,7293
498,brucearctor,3,0.04114,4205,57.65803,7293
499,buettner123,3,0.04114,4208,57.69916,7293
500,BugenZhao,3,0.04114,4211,57.74030,7293
501,bultas,3,0.04114,4214,57.78143,7293
502,byako,3,0.04114,4217,57.82257,7293
503,byronic,3,0.04114,4220,57.86370,7293
504,camartinez04,3,0.04114,4223,57.90484,7293
505,cecco16,3,0.04114,4226,57.94598,7293
506,chenkennt,3,0.04114,4229,57.98711,7293
507,cherez0ff,3,0.04114,4232,58.02825,7293
508,chinochao,3,0.04114,4235,58.06938,7293
509,chiraggadasc,3,0.04114,4238,58.11052,7293
510,chriphus,3,0.04114,4241,58.15165,7293
511,chrosim,3,0.04114,4244,58.19279,7293
512,CoLa5,3,0.04114,4247,58.23392,7293
513,craigandrews,3,0.04114,4250,58.27506,7293
514,crisguitar,3,0.04114,4253,58.31619,7293
515,cxrus,3,0.04114,4256,58.35733,7293
516,d4j-opensource,3,0.04114,4259,58.39846,7293
517,DavidCockerill,3,0.04114,4262,58.43960,7293
518,deanb-everc,3,0.04114,4265,58.48073,7293
519,dedsxc,3,0.04114,4268,58.52187,7293
520,deejaybanban,3,0.04114,4271,58.56301,7293
521,DesislavaNPetrova,3,0.04114,4274,58.60414,7293
522,djakupovic,3,0.04114,4277,58.64528,7293
523,dmitrii-didenko,3,0.04114,4280,58.68641,7293
524,dmitry-g,3,0.04114,4283,58.72755,7293
525,dnaka91,3,0.04114,4286,58.76868,7293
526,dolamaiti,3,0.04114,4289,58.80982,7293
527,dougramirez,3,0.04114,4292,58.85095,7293
528,dudududi,3,0.04114,4295,58.89209,7293
529,eindrawan,3,0.04114,4298,58.93322,7293
530,elb3k,3,0.04114,4301,58.97436,7293
531,elfogre,3,0.04114,4304,59.01549,7293
532,elizaitsev,3,0.04114,4307,59.05663,7293
533,enneitex,3,0.04114,4310,59.09776,7293
534,ErfanY,3,0.04114,4313,59.13890,7293
535,erusso7,3,0.04114,4316,59.18004,7293
536,eTopchik,3,0.04114,4319,59.22117,7293
537,feng081212,3,0.04114,4322,59.26231,7293
538,ffcsrdc,3,0.04114,4325,59.30344,7293
539,fische,3,0.04114,4328,59.34458,7293
540,fjz99,3,0.04114,4331,59.38571,7293
541,FlorianFiebig,3,0.04114,4334,59.42685,7293
542,floriank,3,0.04114,4337,59.46798,7293
543,FollieHiyuki,3,0.04114,4340,59.50912,7293
544,Frank-lilinjie,3,0.04114,4343,59.55025,7293
545,frasmarco,3,0.04114,4346,59.59139,7293
546,GeekEz,3,0.04114,4349,59.63252,7293
547,geetamakineni,3,0.04114,4352,59.67366,7293
548,Gekko0114,3,0.04114,4355,59.71480,7293
549,genos1998,3,0.04114,4358,59.75593,7293
550,gitzh2017,3,0.04114,4361,59.79707,7293
551,gudmojo,3,0.04114,4364,59.83820,7293
552,gustavo1ms,3,0.04114,4367,59.87934,7293
553,hangyakuzero,3,0.04114,4370,59.92047,7293
554,Hellblazer,3,0.04114,4373,59.96161,7293
555,hemuvemula,3,0.04114,4376,60.00274,7293
556,HenrikH-Ericsson,3,0.04114,4379,60.04388,7293
557,hhhyang,3,0.04114,4382,60.08501,7293
558,hi120ki,3,0.04114,4385,60.12615,7293
559,hoqinf,3,0.04114,4388,60.16728,7293
560,i2xS,3,0.04114,4391,60.20842,7293
561,iabughosh,3,0.04114,4394,60.24955,7293
562,ianpurton,3,0.04114,4397,60.29069,7293
563,ilhan-sadikoglu,3,0.04114,4400,60.33183,7293
564,impeham,3,0.04114,4403,60.37296,7293
565,indukuriv,3,0.04114,4406,60.41410,7293
566,inzanez,3,0.04114,4409,60.45523,7293
567,irperez,3,0.04114,4412,60.49637,7293
568,isality,3,0.04114,4415,60.53750,7293
569,Ives66,3,0.04114,4418,60.57864,7293
570,jackin853,3,0.04114,4421,60.61977,7293
571,jahands,3,0.04114,4424,60.66091,7293
572,jamel056,3,0.04114,4427,60.70204,7293
573,JayyyXp,3,0.04114,4430,60.74318,7293
574,jean13360,3,0.04114,4433,60.78431,7293
575,jholowaty,3,0.04114,4436,60.82545,7293
576,jlphillipsphd,3,0.04114,4439,60.86658,7293
577,jmhwang7,3,0.04114,4442,60.90772,7293
578,johurul000,3,0.04114,4445,60.94886,7293
579,jorenvandeweyer,3,0.04114,4448,60.98999,7293
580,jubla102,3,0.04114,4451,61.03113,7293
581,julenpardo,3,0.04114,4454,61.07226,7293
582,JustGetLucky,3,0.04114,4457,61.11340,7293
583,jWolo,3,0.04114,4460,61.15453,7293
584,karelvanhecke,3,0.04114,4463,61.19567,7293
585,karl-sprig,3,0.04114,4466,61.23680,7293
586,kf-rammanokar,3,0.04114,4469,61.27794,7293
587,Kristin0,3,0.04114,4472,61.31907,7293
588,kunallanjewar,3,0.04114,4475,61.36021,7293
589,laxmanvallandas,3,0.04114,4478,61.40134,7293
590,leigh-johnson,3,0.04114,4481,61.44248,7293
591,LeiZhou-97,3,0.04114,4484,61.48361,7293
592,leonmsdev,3,0.04114,4487,61.52475,7293
593,lfialho,3,0.04114,4490,61.56589,7293
594,LikeTheSalad,3,0.04114,4493,61.60702,7293
595,livehl,3,0.04114,4496,61.64816,7293
596,llanos1205,3,0.04114,4499,61.68929,7293
597,loxiaopohaiol,3,0.04114,4502,61.73043,7293
598,lukesteensen,3,0.04114,4505,61.77156,7293
599,luksi1,3,0.04114,4508,61.81270,7293
600,lusou-zhangquan,3,0.04114,4511,61.85383,7293
601,Manda-supraja26,3,0.04114,4514,61.89497,7293
602,manuelwallrapp,3,0.04114,4517,61.93610,7293
603,marwansalem,3,0.04114,4520,61.97724,7293
604,matteogazzadi,3,0.04114,4523,62.01837,7293
605,maximumG,3,0.04114,4526,62.05951,7293
606,MichaelJHaywood,3,0.04114,4529,62.10064,7293
607,migs35323,3,0.04114,4532,62.14178,7293
608,mihaibuzgau,3,0.04114,4535,62.18292,7293
609,milan-stikic-cif,3,0.04114,4538,62.22405,7293
610,miyasereina,3,0.04114,4541,62.26519,7293
611,mlgualtieri,3,0.04114,4544,62.30632,7293
612,MohamedBenighil,3,0.04114,4547,62.34746,7293
613,mongoliaredmountain,3,0.04114,4550,62.38859,7293
614,moronito,3,0.04114,4553,62.42973,7293
615,motorailgun,3,0.04114,4556,62.47086,7293
616,mouhannadali,3,0.04114,4559,62.51200,7293
617,mowtschan,3,0.04114,4562,62.55313,7293
618,mrajadurai2413,3,0.04114,4565,62.59427,7293
619,mrioux3,3,0.04114,4568,62.63540,7293
620,mterwill,3,0.04114,4571,62.67654,7293
621,mxd-321,3,0.04114,4574,62.71767,7293
622,nagygao,3,0.04114,4577,62.75881,7293
623,NakagawaMakoto,3,0.04114,4580,62.79995,7293
624,Namohar,3,0.04114,4583,62.84108,7293
625,neilgierman,3,0.04114,4586,62.88222,7293
626,nick4646,3,0.04114,4589,62.92335,7293
627,nimish22,3,0.04114,4592,62.96449,7293
628,nitinSophos,3,0.04114,4595,63.00562,7293
629,nmdzl,3,0.04114,4598,63.04676,7293
630,NoWait126,3,0.04114,4601,63.08789,7293
631,NPDebs,3,0.04114,4604,63.12903,7293
632,nsemikov,3,0.04114,4607,63.17016,7293
633,ntpct1993,3,0.04114,4610,63.21130,7293
634,nuclecloud,3,0.04114,4613,63.25243,7293
635,Odysseusailoon,3,0.04114,4616,63.29357,7293
636,oeffel,3,0.04114,4619,63.33470,7293
637,oppshorer,3,0.04114,4622,63.37584,7293
638,ostreek,3,0.04114,4625,63.41698,7293
639,palmobar,3,0.04114,4628,63.45811,7293
640,pbchekin,3,0.04114,4631,63.49925,7293
641,PengWang-SMARTM,3,0.04114,4634,63.54038,7293
642,pg-yang,3,0.04114,4637,63.58152,7293
643,PixelOrange,3,0.04114,4640,63.62265,7293
644,praddy26,3,0.04114,4643,63.66379,7293
645,Pradeepkarthi,3,0.04114,4646,63.70492,7293
646,protonyx,3,0.04114,4649,63.74606,7293
647,PSalant726,3,0.04114,4652,63.78719,7293
648,q12321q,3,0.04114,4655,63.82833,7293
649,QinZhanlong,3,0.04114,4658,63.86946,7293
650,rajguptavm,3,0.04114,4661,63.91060,7293
651,Ranjithkhan17,3,0.04114,4664,63.95173,7293
652,rashmigs1993,3,0.04114,4667,63.99287,7293
653,rawhideron,3,0.04114,4670,64.03401,7293
654,rberger,3,0.04114,4673,64.07514,7293
655,rehanpfmr,3,0.04114,4676,64.11628,7293
656,remiville,3,0.04114,4679,64.15741,7293
657,ren-chen2021,3,0.04114,4682,64.19855,7293
658,REscobar,3,0.04114,4685,64.23968,7293
659,rghdrizzle,3,0.04114,4688,64.28082,7293
660,ricardomiguel-os,3,0.04114,4691,64.32195,7293
661,ritikaguptams,3,0.04114,4694,64.36309,7293
662,rohitg00,3,0.04114,4697,64.40422,7293
663,root-ali,3,0.04114,4700,64.44536,7293
664,rovast,3,0.04114,4703,64.48649,7293
665,RRoundTable,3,0.04114,4706,64.52763,7293
666,runes83,3,0.04114,4709,64.56876,7293
667,s191k,3,0.04114,4712,64.60990,7293
668,sadiqueWiseboxs,3,0.04114,4715,64.65104,7293
669,saikey0379,3,0.04114,4718,64.69217,7293
670,saimahaji,3,0.04114,4721,64.73331,7293
671,SaiPavan1608,3,0.04114,4724,64.77444,7293
672,salilhpe,3,0.04114,4727,64.81558,7293
673,SamStenton,3,0.04114,4730,64.85671,7293
674,Sarthak2143,3,0.04114,4733,64.89785,7293
675,savardc,3,0.04114,4736,64.93898,7293
676,scorpinxia,3,0.04114,4739,64.98012,7293
677,sebastianas,3,0.04114,4742,65.02125,7293
678,sgilhooly,3,0.04114,4745,65.06239,7293
679,shepherd1530,3,0.04114,4748,65.10352,7293
680,shyupc,3,0.04114,4751,65.14466,7293
681,silveraignacio,3,0.04114,4754,65.18579,7293
682,Silverglass,3,0.04114,4757,65.22693,7293
683,soujatyabhat,3,0.04114,4760,65.26807,7293
684,SoulKyu,3,0.04114,4763,65.30920,7293
685,SriramDuvvuri,3,0.04114,4766,65.35034,7293
686,StephaneGling,3,0.04114,4769,65.39147,7293
687,stshrive,3,0.04114,4772,65.43261,7293
688,tankilo,3,0.04114,4775,65.47374,7293
689,tanmaniac,3,0.04114,4778,65.51488,7293
690,TechDPi,3,0.04114,4781,65.55601,7293
691,TheDarthMole,3,0.04114,4784,65.59715,7293
692,thinkhoon,3,0.04114,4787,65.63828,7293
693,thomasf7,3,0.04114,4790,65.67942,7293
694,Tiagodge,3,0.04114,4793,65.72055,7293
695,tommed,3,0.04114,4796,65.76169,7293
696,toshkent89,3,0.04114,4799,65.80282,7293
697,tritueviet,3,0.04114,4802,65.84396,7293
698,true1064,3,0.04114,4805,65.88510,7293
699,Tyler-Cash,3,0.04114,4808,65.92623,7293
700,umutcakan,3,0.04114,4811,65.96737,7293
701,unpWn4bL3,3,0.04114,4814,66.00850,7293
702,van-adam,3,0.04114,4817,66.04964,7293
703,Vignesh-Au,3,0.04114,4820,66.09077,7293
704,vriabyk,3,0.04114,4823,66.13191,7293
705,WinterCK,3,0.04114,4826,66.17304,7293
706,winterfoxnet,3,0.04114,4829,66.21418,7293
707,wizardfrag,3,0.04114,4832,66.25531,7293
708,woodenwatcher,3,0.04114,4835,66.29645,7293
709,wujunzhuo,3,0.04114,4838,66.33758,7293
710,XandeCoding,3,0.04114,4841,66.37872,7293
711,xhuan28,3,0.04114,4844,66.41985,7293
712,Xieql,3,0.04114,4847,66.46099,7293
713,y509319,3,0.04114,4850,66.50213,7293
714,yabadabadoubis,3,0.04114,4853,66.54326,7293
715,yangxiaolaing,3,0.04114,4856,66.58440,7293
716,yds12,3,0.04114,4859,66.62553,7293
717,yess1987,3,0.04114,4862,66.66667,7293
718,yigeqiji,3,0.04114,4865,66.70780,7293
719,yinsihaws,3,0.04114,4868,66.74894,7293
720,Ymh13383894400,3,0.04114,4871,66.79007,7293
721,YouriMa,3,0.04114,4874,66.83121,7293
722,yucer,3,0.04114,4877,66.87234,7293
723,YunShiHang,3,0.04114,4880,66.91348,7293
724,zeze1004,3,0.04114,4883,66.95461,7293
725,zhzure,3,0.04114,4886,66.99575,7293
726,03530038,2,0.02742,4888,67.02317,7293
727,393633905,2,0.02742,4890,67.05060,7293
728,692568516,2,0.02742,4892,67.07802,7293
729,abaelhe,2,0.02742,4894,67.10544,7293
730,abencomoc,2,0.02742,4896,67.13287,7293
731,abhargava7,2,0.02742,4898,67.16029,7293
732,abhaytaras7,2,0.02742,4900,67.18771,7293
733,abhirajputnikku7,2,0.02742,4902,67.21514,7293
734,adrianhoban,2,0.02742,4904,67.24256,7293
735,aggo15,2,0.02742,4906,67.26998,7293
736,AhmedGrati,2,0.02742,4908,67.29741,7293
737,ajita-asthana,2,0.02742,4910,67.32483,7293
738,AkiraXie,2,0.02742,4912,67.35226,7293
739,alaeddine-13,2,0.02742,4914,67.37968,7293
740,alam-chime,2,0.02742,4916,67.40710,7293
741,alexandros-genies,2,0.02742,4918,67.43453,7293
742,alex-broad,2,0.02742,4920,67.46195,7293
743,AlexeyPetroff,2,0.02742,4922,67.48937,7293
744,ali-kamali,2,0.02742,4924,67.51680,7293
745,alvin9527,2,0.02742,4926,67.54422,7293
746,amcconag,2,0.02742,4928,67.57164,7293
747,andrusenko-ag,2,0.02742,4930,67.59907,7293
748,anthonyloupos,2,0.02742,4932,67.62649,7293
749,antstudio-git,2,0.02742,4934,67.65391,7293
750,apis,2,0.02742,4936,67.68134,7293
751,aravindgpd,2,0.02742,4938,67.70876,7293
752,arielpacciaroni,2,0.02742,4940,67.73619,7293
753,arielweinberger,2,0.02742,4942,67.76361,7293
754,arielyang,2,0.02742,4944,67.79103,7293
755,arrin00,2,0.02742,4946,67.81846,7293
756,ashishkumar-07,2,0.02742,4948,67.84588,7293
757,aspin,2,0.02742,4950,67.87330,7293
758,atimgraves,2,0.02742,4952,67.90073,7293
759,Autoshi-k,2,0.02742,4954,67.92815,7293
760,Avto9711,2,0.02742,4956,67.95557,7293
761,azara8,2,0.02742,4958,67.98300,7293
762,BearDare,2,0.02742,4960,68.01042,7293
763,bendikp,2,0.02742,4962,68.03784,7293
764,bentocin,2,0.02742,4964,68.06527,7293
765,BHSDuncan,2,0.02742,4966,68.09269,7293
766,binkesi,2,0.02742,4968,68.12012,7293
767,bjandras,2,0.02742,4970,68.14754,7293
768,blablatdinov,2,0.02742,4972,68.17496,7293
769,blieb,2,0.02742,4974,68.20239,7293
770,BnkTCh,2,0.02742,4976,68.22981,7293
771,BooNny95,2,0.02742,4978,68.25723,7293
772,BppleMan,2,0.02742,4980,68.28466,7293
773,bradthomasbrown,2,0.02742,4982,68.31208,7293
774,brentos,2,0.02742,4984,68.33950,7293
775,bschroers,2,0.02742,4986,68.36693,7293
776,buckaroogeek,2,0.02742,4988,68.39435,7293
777,BuggerMaster,2,0.02742,4990,68.42177,7293
778,BusyOppo,2,0.02742,4992,68.44920,7293
779,cameronelliott,2,0.02742,4994,68.47662,7293
780,cancecen,2,0.02742,4996,68.50404,7293
781,cfldtn,2,0.02742,4998,68.53147,7293
782,cha7ri,2,0.02742,5000,68.55889,7293
783,chalut01,2,0.02742,5002,68.58632,7293
784,ChenpiDog,2,0.02742,5004,68.61374,7293
785,chen-shmilovich-sysdig,2,0.02742,5006,68.64116,7293
786,Chiwon-Park,2,0.02742,5008,68.66859,7293
787,chobostar,2,0.02742,5010,68.69601,7293
788,chuongnguyen5397,2,0.02742,5012,68.72343,7293
789,cimin0,2,0.02742,5014,68.75086,7293
790,cj2a7t,2,0.02742,5016,68.77828,7293
791,cloud-bsf,2,0.02742,5018,68.80570,7293
792,CoderSherlock,2,0.02742,5020,68.83313,7293
793,ConnorSMaynes,2,0.02742,5022,68.86055,7293
794,Conradgabe,2,0.02742,5024,68.88797,7293
795,csobrinho,2,0.02742,5026,68.91540,7293
796,cuishuyuanCode,2,0.02742,5028,68.94282,7293
797,cunbex,2,0.02742,5030,68.97025,7293
798,cwachira,2,0.02742,5032,68.99767,7293
799,danakeydar,2,0.02742,5034,69.02509,7293
800,daniel-anova,2,0.02742,5036,69.05252,7293
801,danielduduta,2,0.02742,5038,69.07994,7293
802,danieleharel,2,0.02742,5040,69.10736,7293
803,dbut023,2,0.02742,5042,69.13479,7293
804,dc7303,2,0.02742,5044,69.16221,7293
805,Ddddeee,2,0.02742,5046,69.18963,7293
806,ddmunhoz,2,0.02742,5048,69.21706,7293
807,deephon,2,0.02742,5050,69.24448,7293
808,dejongm,2,0.02742,5052,69.27190,7293
809,demimraz,2,0.02742,5054,69.29933,7293
810,depthwise,2,0.02742,5056,69.32675,7293
811,DerFetzer,2,0.02742,5058,69.35418,7293
812,deveshXm,2,0.02742,5060,69.38160,7293
813,DezlowNG,2,0.02742,5062,69.40902,7293
814,dfdf10086,2,0.02742,5064,69.43645,7293
815,dferreiralopessc,2,0.02742,5066,69.46387,7293
816,dharmeshgordhan,2,0.02742,5068,69.49129,7293
817,dimitriusx,2,0.02742,5070,69.51872,7293
818,dinhan2411,2,0.02742,5072,69.54614,7293
819,DivineOrji,2,0.02742,5074,69.57356,7293
820,DoingTheNeedful,2,0.02742,5076,69.60099,7293
821,dormullor,2,0.02742,5078,69.62841,7293
822,DrBu7cher,2,0.02742,5080,69.65583,7293
823,dreamerlzl,2,0.02742,5082,69.68326,7293
824,druanoor,2,0.02742,5084,69.71068,7293
825,dscofaws,2,0.02742,5086,69.73811,7293
826,dttung2905,2,0.02742,5088,69.76553,7293
827,duchoa2015,2,0.02742,5090,69.79295,7293
828,dvbdard,2,0.02742,5092,69.82038,7293
829,ebar0n,2,0.02742,5094,69.84780,7293
830,edwinmauricio,2,0.02742,5096,69.87522,7293
831,elegantm,2,0.02742,5098,69.90265,7293
832,emelieakerstrom-sb1,2,0.02742,5100,69.93007,7293
833,enyiakwu,2,0.02742,5102,69.95749,7293
834,ethanmwam,2,0.02742,5104,69.98492,7293
835,eugenenuke,2,0.02742,5106,70.01234,7293
836,eugenepaniot,2,0.02742,5108,70.03976,7293
837,EvanKuhn-Affirm,2,0.02742,5110,70.06719,7293
838,evocati,2,0.02742,5112,70.09461,7293
839,ewilderj,2,0.02742,5114,70.12203,7293
840,ezzatron,2,0.02742,5116,70.14946,7293
841,f39516046,2,0.02742,5118,70.17688,7293
842,Fatmylin,2,0.02742,5120,70.20431,7293
843,fbarrerafalabella,2,0.02742,5122,70.23173,7293
844,fbutter,2,0.02742,5124,70.25915,7293
845,feanil,2,0.02742,5126,70.28658,7293
846,fengqiqingping,2,0.02742,5128,70.31400,7293
847,FleetAdmiralButter,2,0.02742,5130,70.34142,7293
848,Fran-Rg,2,0.02742,5132,70.36885,7293
849,fuma8,2,0.02742,5134,70.39627,7293
850,gadgetwhiz,2,0.02742,5136,70.42369,7293
851,gapra-msft,2,0.02742,5138,70.45112,7293
852,Ghettoburger,2,0.02742,5140,70.47854,7293
853,ghorio,2,0.02742,5142,70.50596,7293
854,GhostLyrics,2,0.02742,5144,70.53339,7293
855,giorgosera,2,0.02742,5146,70.56081,7293
856,Glen-Tigera,2,0.02742,5148,70.58824,7293
857,goncalocribeiro,2,0.02742,5150,70.61566,7293
858,good92,2,0.02742,5152,70.64308,7293
859,GreatLazyMan,2,0.02742,5154,70.67051,7293
860,gregsdennis,2,0.02742,5156,70.69793,7293
861,Grigoryan-not-available,2,0.02742,5158,70.72535,7293
862,gruenerg,2,0.02742,5160,70.75278,7293
863,guybrand,2,0.02742,5162,70.78020,7293
864,gvkhna,2,0.02742,5164,70.80762,7293
865,handrews,2,0.02742,5166,70.83505,7293
866,hankovich,2,0.02742,5168,70.86247,7293
867,HarisBalaji,2,0.02742,5170,70.88989,7293
868,haxhcf,2,0.02742,5172,70.91732,7293
869,haydenzhourepo,2,0.02742,5174,70.94474,7293
870,headless-kjh,2,0.02742,5176,70.97217,7293
871,hedhyw,2,0.02742,5178,70.99959,7293
872,He-Jingkai,2,0.02742,5180,71.02701,7293
873,helloxjade,2,0.02742,5182,71.05444,7293
874,hernandev,2,0.02742,5184,71.08186,7293
875,hillmandj,2,0.02742,5186,71.10928,7293
876,hitesh-infracloud,2,0.02742,5188,71.13671,7293
877,hjellinek,2,0.02742,5190,71.16413,7293
878,hkk1010,2,0.02742,5192,71.19155,7293
879,hks1,2,0.02742,5194,71.21898,7293
880,Hughlav,2,0.02742,5196,71.24640,7293
881,hypeitnow,2,0.02742,5198,71.27382,7293
882,iamraj007,2,0.02742,5200,71.30125,7293
883,IAmTamal,2,0.02742,5202,71.32867,7293
884,ido-vcita,2,0.02742,5204,71.35609,7293
885,iharnoor,2,0.02742,5206,71.38352,7293
886,Imightkillmyself,2,0.02742,5208,71.41094,7293
887,intrepidsilence,2,0.02742,5210,71.43837,7293
888,ivegamerayo,2,0.02742,5212,71.46579,7293
889,jackding2000,2,0.02742,5214,71.49321,7293
890,jafarlihi,2,0.02742,5216,71.52064,7293
891,Jagrutiti,2,0.02742,5218,71.54806,7293
892,janpieterz,2,0.02742,5220,71.57548,7293
893,jason-i-vv,2,0.02742,5222,71.60291,7293
894,JasonRodman,2,0.02742,5224,71.63033,7293
895,jb-discovery,2,0.02742,5226,71.65775,7293
896,jdfrozen,2,0.02742,5228,71.68518,7293
897,JediSange,2,0.02742,5230,71.71260,7293
898,jeffgtxjava,2,0.02742,5232,71.74002,7293
899,jeromeguiard,2,0.02742,5234,71.76745,7293
900,jerryguowei,2,0.02742,5236,71.79487,7293
901,jerryhxu,2,0.02742,5238,71.82230,7293
902,JeyJeyGao,2,0.02742,5240,71.84972,7293
903,Jgfrausing,2,0.02742,5242,71.87714,7293
904,jheiselman,2,0.02742,5244,71.90457,7293
905,JingWoo,2,0.02742,5246,71.93199,7293
906,jlubins,2,0.02742,5248,71.95941,7293
907,jmbutter,2,0.02742,5250,71.98684,7293
908,Jmorjsm,2,0.02742,5252,72.01426,7293
909,joaofhenriques,2,0.02742,5254,72.04168,7293
910,joelbixbyrevel,2,0.02742,5256,72.06911,7293
911,jograca,2,0.02742,5258,72.09653,7293
912,johningve,2,0.02742,5260,72.12395,7293
913,jolt23,2,0.02742,5262,72.15138,7293
914,JonahLyu,2,0.02742,5264,72.17880,7293
915,jonathan-fornari,2,0.02742,5266,72.20623,7293
916,jonmahoney15,2,0.02742,5268,72.23365,7293
917,Josephblt,2,0.02742,5270,72.26107,7293
918,jrmendeshurb4,2,0.02742,5272,72.28850,7293
919,JRoppert,2,0.02742,5274,72.31592,7293
920,jrwpatterson,2,0.02742,5276,72.34334,7293
921,jsnh83,2,0.02742,5278,72.37077,7293
922,jsong-oracle,2,0.02742,5280,72.39819,7293
923,juancarlosm,2,0.02742,5282,72.42561,7293
924,Julian-Marco,2,0.02742,5284,72.45304,7293
925,junli-lyft,2,0.02742,5286,72.48046,7293
926,justinhellreich-stripe,2,0.02742,5288,72.50788,7293
927,JustryDeng,2,0.02742,5290,72.53531,7293
928,kainawroth,2,0.02742,5292,72.56273,7293
929,kamiltalipov,2,0.02742,5294,72.59015,7293
930,kartik-579,2,0.02742,5296,72.61758,7293
931,kashok7474,2,0.02742,5298,72.64500,7293
932,katefort,2,0.02742,5300,72.67243,7293
933,kayvonkhosrowpour,2,0.02742,5302,72.69985,7293
934,kderck,2,0.02742,5304,72.72727,7293
935,kekbur,2,0.02742,5306,72.75470,7293
936,keuberneteliu,2,0.02742,5308,72.78212,7293
937,kevarr,2,0.02742,5310,72.80954,7293
938,keybrl,2,0.02742,5312,72.83697,7293
939,khayalghosh,2,0.02742,5314,72.86439,7293
940,khbrendle,2,0.02742,5316,72.89181,7293
941,kilian-kier,2,0.02742,5318,72.91924,7293
942,kiwidev,2,0.02742,5320,72.94666,7293
943,kkurno,2,0.02742,5322,72.97408,7293
944,Kobla,2,0.02742,5324,73.00151,7293
945,kosahin,2,0.02742,5326,73.02893,7293
946,kosksq,2,0.02742,5328,73.05636,7293
947,kristinWalker1991,2,0.02742,5330,73.08378,7293
948,langyan1022,2,0.02742,5332,73.11120,7293
949,Lauri-Nomme,2,0.02742,5334,73.13863,7293
950,lbcforgit,2,0.02742,5336,73.16605,7293
951,lc32781971,2,0.02742,5338,73.19347,7293
952,leasley199,2,0.02742,5340,73.22090,7293
953,levivm,2,0.02742,5342,73.24832,7293
954,lisadd,2,0.02742,5344,73.27574,7293
955,Littlemoon917,2,0.02742,5346,73.30317,7293
956,liuqingyangsensetime,2,0.02742,5348,73.33059,7293
957,liuxuzxx,2,0.02742,5350,73.35801,7293
958,LiyuCode,2,0.02742,5352,73.38544,7293
959,lkad,2,0.02742,5354,73.41286,7293
960,llnbe,2,0.02742,5356,73.44029,7293
961,loic-fremaux,2,0.02742,5358,73.46771,7293
962,LordMilan,2,0.02742,5360,73.49513,7293
963,lovehhf,2,0.02742,5362,73.52256,7293
964,lrsmith,2,0.02742,5364,73.54998,7293
965,lufeee,2,0.02742,5366,73.57740,7293
966,LukasKnuth,2,0.02742,5368,73.60483,7293
967,lungmussDev,2,0.02742,5370,73.63225,7293
968,lvyuan8908412,2,0.02742,5372,73.65967,7293
969,MaAl13,2,0.02742,5374,73.68710,7293
970,mallardduck,2,0.02742,5376,73.71452,7293
971,manvydasu,2,0.02742,5378,73.74194,7293
972,masterkidan,2,0.02742,5380,73.76937,7293
973,matmerr,2,0.02742,5382,73.79679,7293
974,maxgda,2,0.02742,5384,73.82422,7293
975,mdsjip,2,0.02742,5386,73.85164,7293
976,mencutekin,2,0.02742,5388,73.87906,7293
977,meons,2,0.02742,5390,73.90649,7293
978,mertkaant,2,0.02742,5392,73.93391,7293
979,merusso,2,0.02742,5394,73.96133,7293
980,mezgani,2,0.02742,5396,73.98876,7293
981,michael18781,2,0.02742,5398,74.01618,7293
982,michaeloreillyintel,2,0.02742,5400,74.04360,7293
983,MichaelWarnecke,2,0.02742,5402,74.07103,7293
984,mickare,2,0.02742,5404,74.09845,7293
985,MihaiSandor,2,0.02742,5406,74.12587,7293
986,Mills-2,2,0.02742,5408,74.15330,7293
987,mohammadsrahman,2,0.02742,5410,74.18072,7293
988,MohammedYunus2002,2,0.02742,5412,74.20814,7293
989,mondalkaushik91,2,0.02742,5414,74.23557,7293
990,Moresec-ksp,2,0.02742,5416,74.26299,7293
991,morooshka,2,0.02742,5418,74.29042,7293
992,MouceL,2,0.02742,5420,74.31784,7293
993,Mpdreamz,2,0.02742,5422,74.34526,7293
994,mprocterncs,2,0.02742,5424,74.37269,7293
995,MrRightLi,2,0.02742,5426,74.40011,7293
996,mtwebster,2,0.02742,5428,74.42753,7293
997,mueherizky,2,0.02742,5430,74.45496,7293
998,mumong,2,0.02742,5432,74.48238,7293
999,murphd40,2,0.02742,5434,74.50980,7293
1000,MZayed47,2,0.02742,5436,74.53723,7293
1001,naefsadika,2,0.02742,5438,74.56465,7293
1002,nanquanyuhao,2,0.02742,5440,74.59207,7293
1003,Narcolapser,2,0.02742,5442,74.61950,7293
1004,narendramadanapalli,2,0.02742,5444,74.64692,7293
1005,nbisson,2,0.02742,5446,74.67435,7293
1006,nephyst,2,0.02742,5448,74.70177,7293
1007,NeraverinTarantool,2,0.02742,5450,74.72919,7293
1008,nheimlich,2,0.02742,5452,74.75662,7293
1009,nicc777,2,0.02742,5454,74.78404,7293
1010,Niekteg,2,0.02742,5456,74.81146,7293
1011,nik736,2,0.02742,5458,74.83889,7293
1012,Nikhil1Raina,2,0.02742,5460,74.86631,7293
1013,nnstt1,2,0.02742,5462,74.89373,7293
1014,notbucai,2,0.02742,5464,74.92116,7293
1015,nr-jbiggley,2,0.02742,5466,74.94858,7293
1016,nsandhu-godaddy,2,0.02742,5468,74.97600,7293
1017,nuno-aj-aniceto,2,0.02742,5470,75.00343,7293
1018,nwilkens,2,0.02742,5472,75.03085,7293
1019,nxhuy-github,2,0.02742,5474,75.05828,7293
1020,ohorvath,2,0.02742,5476,75.08570,7293
1021,olehm-ma,2,0.02742,5478,75.11312,7293
1022,PandyTheBroh,2,0.02742,5480,75.14055,7293
1023,parangsjo-ingka,2,0.02742,5482,75.16797,7293
1024,paro-,2,0.02742,5484,75.19539,7293
1025,PavloPaitak,2,0.02742,5486,75.22282,7293
1026,pberndt,2,0.02742,5488,75.25024,7293
1027,pczerkas,2,0.02742,5490,75.27766,7293
1028,pdonovan,2,0.02742,5492,75.30509,7293
1029,pedroaccamara,2,0.02742,5494,75.33251,7293
1030,PedroSimoesDoutor,2,0.02742,5496,75.35993,7293
1031,pgiblock,2,0.02742,5498,75.38736,7293
1032,pilotudesh,2,0.02742,5500,75.41478,7293
1033,pioka,2,0.02742,5502,75.44220,7293
1034,piotr-bzdyl-vertexinc,2,0.02742,5504,75.46963,7293
1035,piotr-janek,2,0.02742,5506,75.49705,7293
1036,Piwriw,2,0.02742,5508,75.52448,7293
1037,pj,2,0.02742,5510,75.55190,7293
1038,pleic,2,0.02742,5512,75.57932,7293
1039,pluto-junzeng,2,0.02742,5514,75.60675,7293
1040,pmcenery-bl,2,0.02742,5516,75.63417,7293
1041,pradeepvrd,2,0.02742,5518,75.66159,7293
1042,Prakhar225,2,0.02742,5520,75.68902,7293
1043,Prarthana29,2,0.02742,5522,75.71644,7293
1044,pwurbs,2,0.02742,5524,75.74386,7293
1045,qiaoshi123,2,0.02742,5526,75.77129,7293
1046,r67yfyt,2,0.02742,5528,75.79871,7293
1047,radekkujawa,2,0.02742,5530,75.82613,7293
1048,radek-ryckowski,2,0.02742,5532,75.85356,7293
1049,RafaelHGBotelho,2,0.02742,5534,75.88098,7293
1050,RalfBeckesch,2,0.02742,5536,75.90841,7293
1051,repl-chris,2,0.02742,5538,75.93583,7293
1052,rice-junhaoyu,2,0.02742,5540,75.96325,7293
1053,rich-l,2,0.02742,5542,75.99068,7293
1054,rickyrick2002,2,0.02742,5544,76.01810,7293
1055,robinelastisys,2,0.02742,5546,76.04552,7293
1056,robinlandstrom,2,0.02742,5548,76.07295,7293
1057,rodrigosanntoos,2,0.02742,5550,76.10037,7293
1058,rodriguezc,2,0.02742,5552,76.12779,7293
1059,ronenl3,2,0.02742,5554,76.15522,7293
1060,ronigober,2,0.02742,5556,76.18264,7293
1061,rpurdie,2,0.02742,5558,76.21006,7293
1062,rsaLive,2,0.02742,5560,76.23749,7293
1063,RubenV-dev,2,0.02742,5562,76.26491,7293
1064,rupadhy3,2,0.02742,5564,76.29234,7293
1065,s0und0fs1lence,2,0.02742,5566,76.31976,7293
1066,sadgit,2,0.02742,5568,76.34718,7293
1067,sagar-shah-uipath,2,0.02742,5570,76.37461,7293
1068,saha-rajdeep,2,0.02742,5572,76.40203,7293
1069,saintdarthcoder,2,0.02742,5574,76.42945,7293
1070,sakshisharma84,2,0.02742,5576,76.45688,7293
1071,sambalmueslie,2,0.02742,5578,76.48430,7293
1072,SamGuoMsft,2,0.02742,5580,76.51172,7293
1073,sammyne,2,0.02742,5582,76.53915,7293
1074,SampathKumarAmex,2,0.02742,5584,76.56657,7293
1075,sandeepksingla123,2,0.02742,5586,76.59399,7293
1076,sanzhar-rakhimkul,2,0.02742,5588,76.62142,7293
1077,sa-slg,2,0.02742,5590,76.64884,7293
1078,saurabhp0119,2,0.02742,5592,76.67626,7293
1079,sawsa307,2,0.02742,5594,76.70369,7293
1080,schintalapudi,2,0.02742,5596,76.73111,7293
1081,scudella,2,0.02742,5598,76.75854,7293
1082,sddwt,2,0.02742,5600,76.78596,7293
1083,segal90,2,0.02742,5602,76.81338,7293
1084,Senorsen,2,0.02742,5604,76.84081,7293
1085,SergiySavarin,2,0.02742,5606,76.86823,7293
1086,sfc-gh-aivanou,2,0.02742,5608,76.89565,7293
1087,sha-lik,2,0.02742,5610,76.92308,7293
1088,shbfy,2,0.02742,5612,76.95050,7293
1089,shenglol,2,0.02742,5614,76.97792,7293
1090,shinnu73,2,0.02742,5616,77.00535,7293
1091,Sierra1011,2,0.02742,5618,77.03277,7293
1092,sjerman,2,0.02742,5620,77.06019,7293
1093,skbergam,2,0.02742,5622,77.08762,7293
1094,skylaro,2,0.02742,5624,77.11504,7293
1095,slavaromanov,2,0.02742,5626,77.14247,7293
1096,sminer87,2,0.02742,5628,77.16989,7293
1097,Smixi,2,0.02742,5630,77.19731,7293
1098,Smmfh223,2,0.02742,5632,77.22474,7293
1099,snowlan91,2,0.02742,5634,77.25216,7293
1100,sosukesuzuki,2,0.02742,5636,77.27958,7293
1101,Souher,2,0.02742,5638,77.30701,7293
1102,spencergotowork,2,0.02742,5640,77.33443,7293
1103,splatch,2,0.02742,5642,77.36185,7293
1104,spulut-sumo,2,0.02742,5644,77.38928,7293
1105,SRI0000000,2,0.02742,5646,77.41670,7293
1106,srivatsn,2,0.02742,5648,77.44412,7293
1107,ssivasankarrao,2,0.02742,5650,77.47155,7293
1108,steven-esser,2,0.02742,5652,77.49897,7293
1109,subhashis2018,2,0.02742,5654,77.52640,7293
1110,SunnyWinteri,2,0.02742,5656,77.55382,7293
1111,SunsetFeng,2,0.02742,5658,77.58124,7293
1112,sunshineing,2,0.02742,5660,77.60867,7293
1113,surenderky,2,0.02742,5662,77.63609,7293
1114,SushmaSuraj,2,0.02742,5664,77.66351,7293
1115,Susurrus19,2,0.02742,5666,77.69094,7293
1116,swenhan,2,0.02742,5668,77.71836,7293
1117,szyhf,2,0.02742,5670,77.74578,7293
1118,taki-d,2,0.02742,5672,77.77321,7293
1119,Tarunbot,2,0.02742,5674,77.80063,7293
1120,tarunrsl,2,0.02742,5676,77.82805,7293
1121,TasinIshmam,2,0.02742,5678,77.85548,7293
1122,tc1148,2,0.02742,5680,77.88290,7293
1123,techiek7,2,0.02742,5682,77.91032,7293
1124,tee,2,0.02742,5684,77.93775,7293
1125,tewfik-ghariani,2,0.02742,5686,77.96517,7293
1126,Thanos666,2,0.02742,5688,77.99260,7293
1127,tharpooljha,2,0.02742,5690,78.02002,7293
1128,ThomasBeavers,2,0.02742,5692,78.04744,7293
1129,thoughtful-solutions,2,0.02742,5694,78.07487,7293
1130,thradec,2,0.02742,5696,78.10229,7293
1131,Tim-0731-Hzt,2,0.02742,5698,78.12971,7293
1132,tobiasjacobsen,2,0.02742,5700,78.15714,7293
1133,toddtarsi,2,0.02742,5702,78.18456,7293
1134,Tomer20,2,0.02742,5704,78.21198,7293
1135,tomhreb,2,0.02742,5706,78.23941,7293
1136,tommy31,2,0.02742,5708,78.26683,7293
1137,toufikbenkhelifa,2,0.02742,5710,78.29425,7293
1138,Trainbow,2,0.02742,5712,78.32168,7293
1139,tsiq-jkusz,2,0.02742,5714,78.34910,7293
1140,tu-maurice,2,0.02742,5716,78.37653,7293
1141,tywallis-wk,2,0.02742,5718,78.40395,7293
1142,uhlajs,2,0.02742,5720,78.43137,7293
1143,unaryops,2,0.02742,5722,78.45880,7293
1144,unnimona,2,0.02742,5724,78.48622,7293
1145,use-epoll,2,0.02742,5726,78.51364,7293
1146,valeintinesowl,2,0.02742,5728,78.54107,7293
1147,valtzu,2,0.02742,5730,78.56849,7293
1148,vankleefjim,2,0.02742,5732,78.59591,7293
1149,Vansh-dev07,2,0.02742,5734,78.62334,7293
1150,vassav-nn,2,0.02742,5736,78.65076,7293
1151,Vikrant1020,2,0.02742,5738,78.67818,7293
1152,vinayak912002,2,0.02742,5740,78.70561,7293
1153,violinorg,2,0.02742,5742,78.73303,7293
1154,vkagusa-mckinsey,2,0.02742,5744,78.76046,7293
1155,vkc12uec,2,0.02742,5746,78.78788,7293
1156,vlakka1,2,0.02742,5748,78.81530,7293
1157,vzong,2,0.02742,5750,78.84273,7293
1158,wafuwafu13,2,0.02742,5752,78.87015,7293
1159,waxling,2,0.02742,5754,78.89757,7293
1160,wenjiezen,2,0.02742,5756,78.92500,7293
1161,wenqiang0527,2,0.02742,5758,78.95242,7293
1162,wesbrownfavor,2,0.02742,5760,78.97984,7293
1163,wesjdj,2,0.02742,5762,79.00727,7293
1164,winhvu,2,0.02742,5764,79.03469,7293
1165,wtaylor-ovo,2,0.02742,5766,79.06211,7293
1166,wukaixian,2,0.02742,5768,79.08954,7293
1167,wzy531a,2,0.02742,5770,79.11696,7293
1168,XEROXSHOP,2,0.02742,5772,79.14439,7293
1169,x-giraffee,2,0.02742,5774,79.17181,7293
1170,xiaoliwang,2,0.02742,5776,79.19923,7293
1171,xiaopengcn,2,0.02742,5778,79.22666,7293
1172,xiazhenghua,2,0.02742,5780,79.25408,7293
1173,xtianus79,2,0.02742,5782,79.28150,7293
1174,xtreme-vikram-yadav,2,0.02742,5784,79.30893,7293
1175,xuzeyu91,2,0.02742,5786,79.33635,7293
1176,yan12125,2,0.02742,5788,79.36377,7293
1177,yanamg7,2,0.02742,5790,79.39120,7293
1178,YANGMAO-ZHANG,2,0.02742,5792,79.41862,7293
1179,yifeng-cerebras,2,0.02742,5794,79.44604,7293
1180,yifeng-yu,2,0.02742,5796,79.47347,7293
1181,yj12,2,0.02742,5798,79.50089,7293
1182,yokaimeow,2,0.02742,5800,79.52831,7293
1183,yoshimotoyuk,2,0.02742,5802,79.55574,7293
1184,yugesh-github,2,0.02742,5804,79.58316,7293
1185,yumingzhangmtk,2,0.02742,5806,79.61059,7293
1186,yun-zero,2,0.02742,5808,79.63801,7293
1187,yushiwho,2,0.02742,5810,79.66543,7293
1188,ywen407,2,0.02742,5812,79.69286,7293
1189,zachBridges,2,0.02742,5814,79.72028,7293
1190,zackzhangverkada,2,0.02742,5816,79.74770,7293
1191,zanehala-wk,2,0.02742,5818,79.77513,7293
1192,zanyraspi,2,0.02742,5820,79.80255,7293
1193,Zeeshan50522,2,0.02742,5822,79.82997,7293
1194,zekena2,2,0.02742,5824,79.85740,7293
1195,zeyad-mhmd,2,0.02742,5826,79.88482,7293
1196,zhangjundong1992,2,0.02742,5828,79.91224,7293
1197,zhangzju,2,0.02742,5830,79.93967,7293
1198,zsizsik,2,0.02742,5832,79.96709,7293
1199,Zstro,2,0.02742,5834,79.99452,7293
1200,0x0ranm,1,0.01371,5835,80.00823,7293
1201,0xIAN,1,0.01371,5836,80.02194,7293
1202,1003n40,1,0.01371,5837,80.03565,7293
1203,13750573877,1,0.01371,5838,80.04936,7293
1204,137-rick,1,0.01371,5839,80.06307,7293
1205,18707602767,1,0.01371,5840,80.07679,7293
1206,2190413,1,0.01371,5841,80.09050,7293
1207,23Skidoo,1,0.01371,5842,80.10421,7293
1208,25b3nk,1,0.01371,5843,80.11792,7293
1209,26tanishabanik,1,0.01371,5844,80.13163,7293
1210,2820402,1,0.01371,5845,80.14534,7293
1211,2muchgit,1,0.01371,5846,80.15906,7293
1212,304NotModified,1,0.01371,5847,80.17277,7293
1213,3u13r,1,0.01371,5848,80.18648,7293
1214,8thblock,1,0.01371,5849,80.20019,7293
1215,905049079,1,0.01371,5850,80.21390,7293
1216,9268,1,0.01371,5851,80.22762,7293
1217,AAkindele,1,0.01371,5852,80.24133,7293
1218,aarnq,1,0.01371,5853,80.25504,7293
1219,AaronWGoh,1,0.01371,5854,80.26875,7293
1220,abbasihsn,1,0.01371,5855,80.28246,7293
1221,Abdera7mane,1,0.01371,5856,80.29617,7293
1222,Abdullium,1,0.01371,5857,80.30989,7293
1223,abhaikollara,1,0.01371,5858,80.32360,7293
1224,abhidwi27,1,0.01371,5859,80.33731,7293
1225,abhijeethaval,1,0.01371,5860,80.35102,7293
1226,abhinavttyagi,1,0.01371,5861,80.36473,7293
1227,abhishekmaha-tno,1,0.01371,5862,80.37845,7293
1228,abliqo,1,0.01371,5863,80.39216,7293
1229,aboretum,1,0.01371,5864,80.40587,7293
1230,abtris,1,0.01371,5865,80.41958,7293
1231,actionbronson,1,0.01371,5866,80.43329,7293
1232,Adam-Stack,1,0.01371,5867,80.44700,7293
1233,adamw-linadm,1,0.01371,5868,80.46072,7293
1234,adaniline-rkt,1,0.01371,5869,80.47443,7293
1235,addiati,1,0.01371,5870,80.48814,7293
1236,AdeshAtole,1,0.01371,5871,80.50185,7293
1237,adisunw,1,0.01371,5872,80.51556,7293
1238,adminy,1,0.01371,5873,80.52927,7293
1239,adremnsk,1,0.01371,5874,80.54299,7293
1240,aduerig,1,0.01371,5875,80.55670,7293
1241,advanderveer,1,0.01371,5876,80.57041,7293
1242,Aeliot-Tm,1,0.01371,5877,80.58412,7293
1243,afammartino-godaddy,1,0.01371,5878,80.59783,7293
1244,affan848,1,0.01371,5879,80.61155,7293
1245,agonzalezm,1,0.01371,5880,80.62526,7293
1246,agorges,1,0.01371,5881,80.63897,7293
1247,ahmedaabouzied,1,0.01371,5882,80.65268,7293
1248,aholmberg,1,0.01371,5883,80.66639,7293
1249,aimcod,1,0.01371,5884,80.68010,7293
1250,aiwanwan,1,0.01371,5885,80.69382,7293
1251,AjkayAlan,1,0.01371,5886,80.70753,7293
1252,ajordens,1,0.01371,5887,80.72124,7293
1253,ajw-aus,1,0.01371,5888,80.73495,7293
1254,akesser,1,0.01371,5889,80.74866,7293
1255,akessner,1,0.01371,5890,80.76237,7293
1256,akollipara,1,0.01371,5891,80.77609,7293
1257,akshaykrjain,1,0.01371,5892,80.78980,7293
1258,akshaypatidar1999,1,0.01371,5893,80.80351,7293
1259,AlagiefNget,1,0.01371,5894,80.81722,7293
1260,AlanD88,1,0.01371,5895,80.83093,7293
1261,alantbarlow,1,0.01371,5896,80.84465,7293
1262,albferrari,1,0.01371,5897,80.85836,7293
1263,alchimere,1,0.01371,5898,80.87207,7293
1264,alebcay,1,0.01371,5899,80.88578,7293
1265,alecdorenkamp,1,0.01371,5900,80.89949,7293
1266,alecgerona,1,0.01371,5901,80.91320,7293
1267,alejandro-colomar,1,0.01371,5902,80.92692,7293
1268,alejandrolr,1,0.01371,5903,80.94063,7293
1269,alekczapski,1,0.01371,5904,80.95434,7293
1270,ale-kennedy,1,0.01371,5905,80.96805,7293
1271,aleshaczech,1,0.01371,5906,80.98176,7293
1272,alexagriffith,1,0.01371,5907,80.99548,7293
1273,alexandre1984rj,1,0.01371,5908,81.00919,7293
1274,AlexandreDelforgeAdeo,1,0.01371,5909,81.02290,7293
1275,alexangas,1,0.01371,5910,81.03661,7293
1276,alexey-milovidov,1,0.01371,5911,81.05032,7293
1277,alexfricker,1,0.01371,5912,81.06403,7293
1278,AlexWeinstein92,1,0.01371,5913,81.07775,7293
1279,aliabbasjaffri,1,0.01371,5914,81.09146,7293
1280,aliibrahimroshan,1,0.01371,5915,81.10517,7293
1281,Alkemic,1,0.01371,5916,81.11888,7293
1282,allaismail,1,0.01371,5917,81.13259,7293
1283,AlonKaftan,1,0.01371,5918,81.14630,7293
1284,alowe7,1,0.01371,5919,81.16002,7293
1285,alphalzh,1,0.01371,5920,81.17373,7293
1286,als-git,1,0.01371,5921,81.18744,7293
1287,alvesalex,1,0.01371,5922,81.20115,7293
1288,alyvusal,1,0.01371,5923,81.21486,7293
1289,amaanq,1,0.01371,5924,81.22858,7293
1290,amaftei-xilinx,1,0.01371,5925,81.24229,7293
1291,amirad1,1,0.01371,5926,81.25600,7293
1292,amirmuminovic,1,0.01371,5927,81.26971,7293
1293,AmmarovTou,1,0.01371,5928,81.28342,7293
1294,amotl,1,0.01371,5929,81.29713,7293
1295,amsapns2,1,0.01371,5930,81.31085,7293
1296,amyounis,1,0.01371,5931,81.32456,7293
1297,ananduw,1,0.01371,5932,81.33827,7293
1298,aNaoy,1,0.01371,5933,81.35198,7293
1299,AndersClausen,1,0.01371,5934,81.36569,7293
1300,andersro93,1,0.01371,5935,81.37940,7293
1301,andihysondotmatics,1,0.01371,5936,81.39312,7293
1302,andoshin11,1,0.01371,5937,81.40683,7293
1303,andreadaoud,1,0.01371,5938,81.42054,7293
1304,AndrewSafwatFrancis,1,0.01371,5939,81.43425,7293
1305,AndrewwHummer,1,0.01371,5940,81.44796,7293
1306,andreybavt,1,0.01371,5941,81.46168,7293
1307,andrii-shevchyk,1,0.01371,5942,81.47539,7293
1308,andy-anhnguyen,1,0.01371,5943,81.48910,7293
1309,AndyBoWu,1,0.01371,5944,81.50281,7293
1310,andyzimmerman1,1,0.01371,5945,81.51652,7293
1311,aniketphanse,1,0.01371,5946,81.53023,7293
1312,anilkvp,1,0.01371,5947,81.54395,7293
1313,anke1938,1,0.01371,5948,81.55766,7293
1314,anthogez,1,0.01371,5949,81.57137,7293
1315,anthonsu,1,0.01371,5950,81.58508,7293
1316,antoffka,1,0.01371,5951,81.59879,7293
1317,AntonAM,1,0.01371,5952,81.61251,7293
1318,antongroot,1,0.01371,5953,81.62622,7293
1319,antonipp,1,0.01371,5954,81.63993,7293
1320,anupchandak,1,0.01371,5955,81.65364,7293
1321,anushas-dev,1,0.01371,5956,81.66735,7293
1322,aoga88,1,0.01371,5957,81.68106,7293
1323,aparnakcvs,1,0.01371,5958,81.69478,7293
1324,apenn-msft,1,0.01371,5959,81.70849,7293
1325,apetrosyan1613,1,0.01371,5960,81.72220,7293
1326,apoorva-marisomaradhya,1,0.01371,5961,81.73591,7293
1327,Aqdas-7,1,0.01371,5962,81.74962,7293
1328,arbelaxRbz,1,0.01371,5963,81.76333,7293
1329,Argalep,1,0.01371,5964,81.77705,7293
1330,arikalon1,1,0.01371,5965,81.79076,7293
1331,arjun-san,1,0.01371,5966,81.80447,7293
1332,armandomeeuwenoord,1,0.01371,5967,81.81818,7293
1333,aroelo,1,0.01371,5968,81.83189,7293
1334,aromero15,1,0.01371,5969,81.84561,7293
1335,ArpStorm1,1,0.01371,5970,81.85932,7293
1336,ArshamTeymouri,1,0.01371,5971,81.87303,7293
1337,arul-opsverse,1,0.01371,5972,81.88674,7293
1338,arvingre,1,0.01371,5973,81.90045,7293
1339,asat24,1,0.01371,5974,81.91416,7293
1340,ashan-tharaka,1,0.01371,5975,81.92788,7293
1341,ashokkumarprajapati,1,0.01371,5976,81.94159,7293
1342,AshokMishra,1,0.01371,5977,81.95530,7293
1343,Ashu1908,1,0.01371,5978,81.96901,7293
1344,Ashutosh-20,1,0.01371,5979,81.98272,7293
1345,asifktr,1,0.01371,5980,81.99643,7293
1346,asim-iz,1,0.01371,5981,82.01015,7293
1347,asjdf,1,0.01371,5982,82.02386,7293
1348,AtebMT,1,0.01371,5983,82.03757,7293
1349,atilaromero,1,0.01371,5984,82.05128,7293
1350,atluxity,1,0.01371,5985,82.06499,7293
1351,aungsanoo1996,1,0.01371,5986,82.07871,7293
1352,avdeevi,1,0.01371,5987,82.09242,7293
1353,awlsring,1,0.01371,5988,82.10613,7293
1354,awuorm,1,0.01371,5989,82.11984,7293
1355,ayan4all,1,0.01371,5990,82.13355,7293
1356,bagutzu,1,0.01371,5991,82.14726,7293
1357,bala-gif,1,0.01371,5992,82.16098,7293
1358,BaldFabi,1,0.01371,5993,82.17469,7293
1359,balu-ce,1,0.01371,5994,82.18840,7293
1360,bandiawy,1,0.01371,5995,82.20211,7293
1361,banka01,1,0.01371,5996,82.21582,7293
1362,barrynorman,1,0.01371,5997,82.22954,7293
1363,basimons,1,0.01371,5998,82.24325,7293
1364,basraven,1,0.01371,5999,82.25696,7293
1365,BastienBNG,1,0.01371,6000,82.27067,7293
1366,baymaxlan,1,0.01371,6001,82.28438,7293
1367,bdevapatla,1,0.01371,6002,82.29809,7293
1368,bdobay,1,0.01371,6003,82.31181,7293
1369,beanaroo,1,0.01371,6004,82.32552,7293
1370,bear00712,1,0.01371,6005,82.33923,7293
1371,begrossi,1,0.01371,6006,82.35294,7293
1372,ben700,1,0.01371,6007,82.36665,7293
1373,benewen-brav,1,0.01371,6008,82.38036,7293
1374,beni0888,1,0.01371,6009,82.39408,7293
1375,benkilimnik,1,0.01371,6010,82.40779,7293
1376,benzea,1,0.01371,6011,82.42150,7293
1377,bgruber,1,0.01371,6012,82.43521,7293
1378,bhaskarpalani,1,0.01371,6013,82.44892,7293
1379,bimmerv,1,0.01371,6014,82.46264,7293
1380,bindubc,1,0.01371,6015,82.47635,7293
1381,Bischoff,1,0.01371,6016,82.49006,7293
1382,biswa123642,1,0.01371,6017,82.50377,7293
1383,BjarteHaram,1,0.01371,6018,82.51748,7293
1384,bkonicek,1,0.01371,6019,82.53119,7293
1385,BlackDex,1,0.01371,6020,82.54491,7293
1386,blacksoul9412,1,0.01371,6021,82.55862,7293
1387,Blamas,1,0.01371,6022,82.57233,7293
1388,bledogit,1,0.01371,6023,82.58604,7293
1389,bmanojpatel,1,0.01371,6024,82.59975,7293
1390,bmiag,1,0.01371,6025,82.61346,7293
1391,bob-rove,1,0.01371,6026,82.62718,7293
1392,boehle,1,0.01371,6027,82.64089,7293
1393,boliza,1,0.01371,6028,82.65460,7293
1394,BonusPlay,1,0.01371,6029,82.66831,7293
1395,Borales,1,0.01371,6030,82.68202,7293
1396,bouzanb,1,0.01371,6031,82.69574,7293
1397,bprosnitz,1,0.01371,6032,82.70945,7293
1398,bradfordwagner,1,0.01371,6033,82.72316,7293
1399,bricss,1,0.01371,6034,82.73687,7293
1400,BrinthaSivakami,1,0.01371,6035,82.75058,7293
1401,brodin,1,0.01371,6036,82.76429,7293
1402,brunomiguel-teixeira,1,0.01371,6037,82.77801,7293
1403,B-Whitt,1,0.01371,6038,82.79172,7293
1404,caboodle,1,0.01371,6039,82.80543,7293
1405,cakriwut,1,0.01371,6040,82.81914,7293
1406,calasto123,1,0.01371,6041,82.83285,7293
1407,caldeirav,1,0.01371,6042,82.84657,7293
1408,camerontscott,1,0.01371,6043,82.86028,7293
1409,CaoYunzhou,1,0.01371,6044,82.87399,7293
1410,carct,1,0.01371,6045,82.88770,7293
1411,carozuniga,1,0.01371,6046,82.90141,7293
1412,carrycooldude,1,0.01371,6047,82.91512,7293
1413,carterbury,1,0.01371,6048,82.92884,7293
1414,caseybrown89,1,0.01371,6049,82.94255,7293
1415,CatchSandeepVaid,1,0.01371,6050,82.95626,7293
1416,cathyzhang05,1,0.01371,6051,82.96997,7293
1417,cbodonnell,1,0.01371,6052,82.98368,7293
1418,ccanizares,1,0.01371,6053,82.99739,7293
1419,cch123,1,0.01371,6054,83.01111,7293
1420,CenturySparkle,1,0.01371,6055,83.02482,7293
1421,cesarb1392,1,0.01371,6056,83.03853,7293
1422,cesarqdt,1,0.01371,6057,83.05224,7293
1423,Cesarsk,1,0.01371,6058,83.06595,7293
1424,ChandniSuresh,1,0.01371,6059,83.07967,7293
1425,chathsuom,1,0.01371,6060,83.09338,7293
1426,chathumal-nad,1,0.01371,6061,83.10709,7293
1427,chaudharynidhi,1,0.01371,6062,83.12080,7293
1428,chaughawout,1,0.01371,6063,83.13451,7293
1429,CH-DrewWatson,1,0.01371,6064,83.14822,7293
1430,cheery550,1,0.01371,6065,83.16194,7293
1431,chen610620,1,0.01371,6066,83.17565,7293
1432,chenbh,1,0.01371,6067,83.18936,7293
1433,chenjunyu0103,1,0.01371,6068,83.20307,7293
1434,childrentime,1,0.01371,6069,83.21678,7293
1435,chiquidev,1,0.01371,6070,83.23049,7293
1436,chiranjeevivarma,1,0.01371,6071,83.24421,7293
1437,ChrisScotMartin,1,0.01371,6072,83.25792,7293
1438,chris-theodorson,1,0.01371,6073,83.27163,7293
1439,cihanulas,1,0.01371,6074,83.28534,7293
1440,cjinhang,1,0.01371,6075,83.29905,7293
1441,ck1125,1,0.01371,6076,83.31277,7293
1442,ck250186,1,0.01371,6077,83.32648,7293
1443,cklucker-w,1,0.01371,6078,83.34019,7293
1444,claudiobizzotto-slalom,1,0.01371,6079,83.35390,7293
1445,clementbowe14,1,0.01371,6080,83.36761,7293
1446,cliffbr-dv,1,0.01371,6081,83.38132,7293
1447,Clusiv,1,0.01371,6082,83.39504,7293
1448,cmarincia,1,0.01371,6083,83.40875,7293
1449,cm-trityum,1,0.01371,6084,83.42246,7293
1450,cmulk,1,0.01371,6085,83.43617,7293
1451,cnb2412,1,0.01371,6086,83.44988,7293
1452,cncoder,1,0.01371,6087,83.46360,7293
1453,cocakoala,1,0.01371,6088,83.47731,7293
1454,codecleric,1,0.01371,6089,83.49102,7293
1455,CodeHcy,1,0.01371,6090,83.50473,7293
1456,CoderMercury,1,0.01371,6091,83.51844,7293
1457,codershangfeng,1,0.01371,6092,83.53215,7293
1458,codes4coffee,1,0.01371,6093,83.54587,7293
1459,CodesbyUnnati,1,0.01371,6094,83.55958,7293
1460,connorlay,1,0.01371,6095,83.57329,7293
1461,containerguy,1,0.01371,6096,83.58700,7293
1462,contributor00,1,0.01371,6097,83.60071,7293
1463,copyx,1,0.01371,6098,83.61442,7293
1464,cpendery,1,0.01371,6099,83.62814,7293
1465,cqc5511,1,0.01371,6100,83.64185,7293
1466,craig-grab,1,0.01371,6101,83.65556,7293
1467,crazyelectron-io,1,0.01371,6102,83.66927,7293
1468,Cris123m,1,0.01371,6103,83.68298,7293
1469,crystal-create,1,0.01371,6104,83.69670,7293
1470,cthtrifork,1,0.01371,6105,83.71041,7293
1471,ctsanjuan,1,0.01371,6106,83.72412,7293
1472,d4rk-d4nph3,1,0.01371,6107,83.73783,7293
1473,Daemoen,1,0.01371,6108,83.75154,7293
1474,daemonadmin,1,0.01371,6109,83.76525,7293
1475,daichij,1,0.01371,6110,83.77897,7293
1476,damocles-dev,1,0.01371,6111,83.79268,7293
1477,DanBiscotti,1,0.01371,6112,83.80639,7293
1478,danielcibrao-form3,1,0.01371,6113,83.82010,7293
1479,Danielkem,1,0.01371,6114,83.83381,7293
1480,daniel-rusnak,1,0.01371,6115,83.84753,7293
1481,danielslab,1,0.01371,6116,83.86124,7293
1482,danielye11,1,0.01371,6117,83.87495,7293
1483,danspark,1,0.01371,6118,83.88866,7293
1484,dardosordi,1,0.01371,6119,83.90237,7293
1485,dargow,1,0.01371,6120,83.91608,7293
1486,Dark-Bob,1,0.01371,6121,83.92980,7293
1487,darkelf21cn,1,0.01371,6122,83.94351,7293
1488,daru1027,1,0.01371,6123,83.95722,7293
1489,Dashhh,1,0.01371,6124,83.97093,7293
1490,daswars,1,0.01371,6125,83.98464,7293
1491,davidbrogan13,1,0.01371,6126,83.99835,7293
1492,davidgwps,1,0.01371,6127,84.01207,7293
1493,DavidS,1,0.01371,6128,84.02578,7293
1494,DavidStevensWillow,1,0.01371,6129,84.03949,7293
1495,DawidWozniak-TomTom,1,0.01371,6130,84.05320,7293
1496,dblokhin,1,0.01371,6131,84.06691,7293
1497,dcambronero,1,0.01371,6132,84.08063,7293
1498,ddemydenko,1,0.01371,6133,84.09434,7293
1499,deepaksb2,1,0.01371,6134,84.10805,7293
1500,DekelDevunet,1,0.01371,6135,84.12176,7293
1501,demony0320,1,0.01371,6136,84.13547,7293
1502,demuelle,1,0.01371,6137,84.14918,7293
1503,dengqinghua,1,0.01371,6138,84.16290,7293
1504,denniskaran,1,0.01371,6139,84.17661,7293
1505,dertin,1,0.01371,6140,84.19032,7293
1506,devarsh10,1,0.01371,6141,84.20403,7293
1507,DevMayurJ,1,0.01371,6142,84.21774,7293
1508,devopsoch,1,0.01371,6143,84.23145,7293
1509,dharmicksai,1,0.01371,6144,84.24517,7293
1510,dhruvy1,1,0.01371,6145,84.25888,7293
1511,dhuijiang,1,0.01371,6146,84.27259,7293
1512,dibrinsofor,1,0.01371,6147,84.28630,7293
1513,dilippanwar1,1,0.01371,6148,84.30001,7293
1514,DinghaoJoe,1,0.01371,6149,84.31373,7293
1515,Divyenth-K,1,0.01371,6150,84.32744,7293
1516,DJM0502,1,0.01371,6151,84.34115,7293
1517,dkeysil,1,0.01371,6152,84.35486,7293
1518,dlahyani,1,0.01371,6153,84.36857,7293
1519,dlovelace10,1,0.01371,6154,84.38228,7293
1520,dmitry-vlt,1,0.01371,6155,84.39600,7293
1521,dnslin,1,0.01371,6156,84.40971,7293
1522,Dobry-kot,1,0.01371,6157,84.42342,7293
1523,Domantas,1,0.01371,6158,84.43713,7293
1524,domhanak,1,0.01371,6159,84.45084,7293
1525,dominicfollett,1,0.01371,6160,84.46456,7293
1526,dominykasn,1,0.01371,6161,84.47827,7293
1527,donghuarui,1,0.01371,6162,84.49198,7293
1528,Donnie,1,0.01371,6163,84.50569,7293
1529,donotnoot,1,0.01371,6164,84.51940,7293
1530,DougTea,1,0.01371,6165,84.53311,7293
1531,downright-ux,1,0.01371,6166,84.54683,7293
1532,dqiubread,1,0.01371,6167,84.56054,7293
1533,dremmos,1,0.01371,6168,84.57425,7293
1534,drencrom,1,0.01371,6169,84.58796,7293
1535,drew-herron,1,0.01371,6170,84.60167,7293
1536,driv,1,0.01371,6171,84.61538,7293
1537,drkho,1,0.01371,6172,84.62910,7293
1538,Drongerman,1,0.01371,6173,84.64281,7293
1539,ds-chriswilliamson,1,0.01371,6174,84.65652,7293
1540,dss539,1,0.01371,6175,84.67023,7293
1541,ducvo-kms,1,0.01371,6176,84.68394,7293
1542,DudyZ,1,0.01371,6177,84.69766,7293
1543,DumbMachine,1,0.01371,6178,84.71137,7293
1544,dumitraand,1,0.01371,6179,84.72508,7293
1545,e0018328,1,0.01371,6180,84.73879,7293
1546,eagle939,1,0.01371,6181,84.75250,7293
1547,Eason0729,1,0.01371,6182,84.76621,7293
1548,eavonius,1,0.01371,6183,84.77993,7293
1549,ecrusara,1,0.01371,6184,84.79364,7293
1550,EdDanileyko,1,0.01371,6185,84.80735,7293
1551,eddiewebb,1,0.01371,6186,84.82106,7293
1552,edouardpagnier,1,0.01371,6187,84.83477,7293
1553,EdPaillard,1,0.01371,6188,84.84848,7293
1554,eduardocorral,1,0.01371,6189,84.86220,7293
1555,edusouza,1,0.01371,6190,84.87591,7293
1556,edvgui,1,0.01371,6191,84.88962,7293
1557,edwin-alphalabs,1,0.01371,6192,84.90333,7293
1558,EgerUS,1,0.01371,6193,84.91704,7293
1559,ehthan1,1,0.01371,6194,84.93076,7293
1560,ejaneb,1,0.01371,6195,84.94447,7293
1561,elamribadrayour,1,0.01371,6196,84.95818,7293
1562,EldarEccor,1,0.01371,6197,84.97189,7293
1563,electropolis,1,0.01371,6198,84.98560,7293
1564,elgamala,1,0.01371,6199,84.99931,7293
1565,elghali,1,0.01371,6200,85.01303,7293
1566,eliatcodecov,1,0.01371,6201,85.02674,7293
1567,Elimuhub-coder,1,0.01371,6202,85.04045,7293
1568,elizabethking2,1,0.01371,6203,85.05416,7293
1569,ellamacrow98,1,0.01371,6204,85.06787,7293
1570,ematan552,1,0.01371,6205,85.08159,7293
1571,emckean,1,0.01371,6206,85.09530,7293
1572,ender-wieczorek,1,0.01371,6207,85.10901,7293
1573,engeluke,1,0.01371,6208,85.12272,7293
1574,enhuiz,1,0.01371,6209,85.13643,7293
1575,enimath,1,0.01371,6210,85.15014,7293
1576,eptiger,1,0.01371,6211,85.16386,7293
1577,Eramirez33,1,0.01371,6212,85.17757,7293
1578,eravindar12,1,0.01371,6213,85.19128,7293
1579,ericazhao-china,1,0.01371,6214,85.20499,7293
1580,erickroseira,1,0.01371,6215,85.21870,7293
1581,EricLi23,1,0.01371,6216,85.23241,7293
1582,erikahansen,1,0.01371,6217,85.24613,7293
1583,erltho,1,0.01371,6218,85.25984,7293
1584,escomputers,1,0.01371,6219,85.27355,7293
1585,etherealy,1,0.01371,6220,85.28726,7293
1586,EvgenyGrishnov,1,0.01371,6221,85.30097,7293
1587,exinos-git,1,0.01371,6222,85.31469,7293
1588,eyalb181,1,0.01371,6223,85.32840,7293
1589,Eyal-G,1,0.01371,6224,85.34211,7293
1590,eyeye,1,0.01371,6225,85.35582,7293
1591,eyTns,1,0.01371,6226,85.36953,7293
1592,fadedme,1,0.01371,6227,85.38324,7293
1593,fangzhixiang,1,0.01371,6228,85.39696,7293
1594,faraday23,1,0.01371,6229,85.41067,7293
1595,fatihkc,1,0.01371,6230,85.42438,7293
1596,fbirlik,1,0.01371,6231,85.43809,7293
1597,fbruandrade,1,0.01371,6232,85.45180,7293
1598,fdallaca,1,0.01371,6233,85.46551,7293
1599,FellowFellow,1,0.01371,6234,85.47923,7293
1600,feng-yifan,1,0.01371,6235,85.49294,7293
1601,fenio,1,0.01371,6236,85.50665,7293
1602,ff-fgomez,1,0.01371,6237,85.52036,7293
1603,fidelity,1,0.01371,6238,85.53407,7293
1604,filbotblue,1,0.01371,6239,85.54779,7293
1605,filipjosifoski,1,0.01371,6240,85.56150,7293
1606,fimmicon,1,0.01371,6241,85.57521,7293
1607,finlaysawyer,1,0.01371,6242,85.58892,7293
1608,Firaenix,1,0.01371,6243,85.60263,7293
1609,flexboy,1,0.01371,6244,85.61634,7293
1610,flexfrank,1,0.01371,6245,85.63006,7293
1611,flix-,1,0.01371,6246,85.64377,7293
1612,Florence-Njeri,1,0.01371,6247,85.65748,7293
1613,florian-serraille,1,0.01371,6248,85.67119,7293
1614,flyfish002,1,0.01371,6249,85.68490,7293
1615,flyth,1,0.01371,6250,85.69862,7293
1616,forge3125,1,0.01371,6251,85.71233,7293
1617,fraillt,1,0.01371,6252,85.72604,7293
1618,franalta,1,0.01371,6253,85.73975,7293
1619,frankoid,1,0.01371,6254,85.75346,7293
1620,fredchen-bj,1,0.01371,6255,85.76717,7293
1621,fredrikhgrelland,1,0.01371,6256,85.78089,7293
1622,freedge,1,0.01371,6257,85.79460,7293
1623,FreshlyBrewedCode,1,0.01371,6258,85.80831,7293
1624,freyes,1,0.01371,6259,85.82202,7293
1625,fstarkenberg,1,0.01371,6260,85.83573,7293
1626,fstr,1,0.01371,6261,85.84944,7293
1627,FullDataAlchemist,1,0.01371,6262,85.86316,7293
1628,fyankee,1,0.01371,6263,85.87687,7293
1629,gabriel-brotas,1,0.01371,6264,85.89058,7293
1630,gabrielemilan,1,0.01371,6265,85.90429,7293
1631,gabrielpulga-grafeno,1,0.01371,6266,85.91800,7293
1632,gaedemischwarz,1,0.01371,6267,85.93172,7293
1633,galsolo,1,0.01371,6268,85.94543,7293
1634,garbelini,1,0.01371,6269,85.95914,7293
1635,gardellajuanpablo,1,0.01371,6270,85.97285,7293
1636,garymartyn,1,0.01371,6271,85.98656,7293
1637,gbitten,1,0.01371,6272,86.00027,7293
1638,gbrlins,1,0.01371,6273,86.01399,7293
1639,GCHQDeveloper638,1,0.01371,6274,86.02770,7293
1640,GdataGithubBot,1,0.01371,6275,86.04141,7293
1641,GenPage,1,0.01371,6276,86.05512,7293
1642,geoai777,1,0.01371,6277,86.06883,7293
1643,ggiguash,1,0.01371,6278,86.08254,7293
1644,gh-kgangineni,1,0.01371,6279,86.09626,7293
1645,gibbonsryan,1,0.01371,6280,86.10997,7293
1646,Gimbitgaram,1,0.01371,6281,86.12368,7293
1647,GitBatra,1,0.01371,6282,86.13739,7293
1648,github-yuvo,1,0.01371,6283,86.15110,7293
1649,gitpage,1,0.01371,6284,86.16482,7293
1650,giuliohome,1,0.01371,6285,86.17853,7293
1651,giz33,1,0.01371,6286,86.19224,7293
1652,gkrajewx,1,0.01371,6287,86.20595,7293
1653,glidea,1,0.01371,6288,86.21966,7293
1654,glover279,1,0.01371,6289,86.23337,7293
1655,gmaharram,1,0.01371,6290,86.24709,7293
1656,goder-tao,1,0.01371,6291,86.26080,7293
1657,gokarnm,1,0.01371,6292,86.27451,7293
1658,goldnetonline,1,0.01371,6293,86.28822,7293
1659,Golgautier,1,0.01371,6294,86.30193,7293
1660,gooooogle5,1,0.01371,6295,86.31565,7293
1661,gowtham-sundara,1,0.01371,6296,86.32936,7293
1662,gpetrovgeorgi,1,0.01371,6297,86.34307,7293
1663,gr0l0rg,1,0.01371,6298,86.35678,7293
1664,gritzkoo,1,0.01371,6299,86.37049,7293
1665,grossgrundbesitzer,1,0.01371,6300,86.38420,7293
1666,gsmlg,1,0.01371,6301,86.39792,7293
1667,gtestault,1,0.01371,6302,86.41163,7293
1668,GTron-1729,1,0.01371,6303,86.42534,7293
1669,gudladona,1,0.01371,6304,86.43905,7293
1670,guijusto90,1,0.01371,6305,86.45276,7293
1671,guilhermexd11,1,0.01371,6306,86.46647,7293
1672,gunnicus,1,0.01371,6307,86.48019,7293
1673,guntiss,1,0.01371,6308,86.49390,7293
1674,gursewak96,1,0.01371,6309,86.50761,7293
1675,gyanprakash48,1,0.01371,6310,86.52132,7293
1676,gygitlab,1,0.01371,6311,86.53503,7293
1677,haeramkeem,1,0.01371,6312,86.54875,7293
1678,hamirmahal,1,0.01371,6313,86.56246,7293
1679,Hamza-Rana1,1,0.01371,6314,86.57617,7293
1680,hankwallace,1,0.01371,6315,86.58988,7293
1681,hariharPai,1,0.01371,6316,86.60359,7293
1682,HariomSaini,1,0.01371,6317,86.61730,7293
1683,hariramshankar,1,0.01371,6318,86.63102,7293
1684,harshamaduri,1,0.01371,6319,86.64473,7293
1685,harshpan,1,0.01371,6320,86.65844,7293
1686,hassanbenhzaine,1,0.01371,6321,86.67215,7293
1687,heavenly999,1,0.01371,6322,86.68586,7293
1688,hecheng64,1,0.01371,6323,86.69957,7293
1689,HeeerQ,1,0.01371,6324,86.71329,7293
1690,hehu80,1,0.01371,6325,86.72700,7293
1691,hellfire1980,1,0.01371,6326,86.74071,7293
1692,hellooops,1,0.01371,6327,86.75442,7293
1693,hemanthkotaprolu,1,0.01371,6328,86.76813,7293
1694,hemantwasthere,1,0.01371,6329,86.78185,7293
1695,herzaso,1,0.01371,6330,86.79556,7293
1696,HeTvaM,1,0.01371,6331,86.80927,7293
1697,heymukesh,1,0.01371,6332,86.82298,7293
1698,hinorashi,1,0.01371,6333,86.83669,7293
1699,hitk6,1,0.01371,6334,86.85040,7293
1700,hitosatish,1,0.01371,6335,86.86412,7293
1701,hjcian,1,0.01371,6336,86.87783,7293
1702,hlipsig,1,0.01371,6337,86.89154,7293
1703,HoangTheQuyen96,1,0.01371,6338,86.90525,7293
1704,hoi-nx,1,0.01371,6339,86.91896,7293
1705,hojenkai,1,0.01371,6340,86.93268,7293
1706,holylong,1,0.01371,6341,86.94639,7293
1707,horpto,1,0.01371,6342,86.96010,7293
1708,hpwahyao,1,0.01371,6343,86.97381,7293
1709,hsharrison,1,0.01371,6344,86.98752,7293
1710,Huddie,1,0.01371,6345,87.00123,7293
1711,huezo,1,0.01371,6346,87.01495,7293
1712,husenlinwei,1,0.01371,6347,87.02866,7293
1713,huynhhoanghai05,1,0.01371,6348,87.04237,7293
1714,hwo411,1,0.01371,6349,87.05608,7293
1715,hxtpoe,1,0.01371,6350,87.06979,7293
1716,IakimLynnyk-TomTom,1,0.01371,6351,87.08350,7293
1717,iamprashant,1,0.01371,6352,87.09722,7293
1718,ianhattendorf,1,0.01371,6353,87.11093,7293
1719,ianyuan26,1,0.01371,6354,87.12464,7293
1720,icodeforyou-dot-net,1,0.01371,6355,87.13835,7293
1721,IdoWinter,1,0.01371,6356,87.15206,7293
1722,iElephant,1,0.01371,6357,87.16578,7293
1723,iendeavor,1,0.01371,6358,87.17949,7293
1724,igyori,1,0.01371,6359,87.19320,7293
1725,iiq374,1,0.01371,6360,87.20691,7293
1726,ikbal06,1,0.01371,6361,87.22062,7293
1727,ilanRosenbaum,1,0.01371,6362,87.23433,7293
1728,iluwatar,1,0.01371,6363,87.24805,7293
1729,ilya-scale,1,0.01371,6364,87.26176,7293
1730,imageslr,1,0.01371,6365,87.27547,7293
1731,imsaux,1,0.01371,6366,87.28918,7293
1732,infa-madhanb,1,0.01371,6367,87.30289,7293
1733,InfraGenie,1,0.01371,6368,87.31660,7293
1734,inianv,1,0.01371,6369,87.33032,7293
1735,insmo,1,0.01371,6370,87.34403,7293
1736,Intimaria,1,0.01371,6371,87.35774,7293
1737,ipsita-npg,1,0.01371,6372,87.37145,7293
1738,ipsitkumar,1,0.01371,6373,87.38516,7293
1739,Irindul,1,0.01371,6374,87.39888,7293
1740,irlapp,1,0.01371,6375,87.41259,7293
1741,ishanip24,1,0.01371,6376,87.42630,7293
1742,Ishmeet,1,0.01371,6377,87.44001,7293
1743,IslamNouh,1,0.01371,6378,87.45372,7293
1744,itai-gendler,1,0.01371,6379,87.46743,7293
1745,itsmethemojo,1,0.01371,6380,87.48115,7293
1746,itsmylife,1,0.01371,6381,87.49486,7293
1747,IvanPletnyov,1,0.01371,6382,87.50857,7293
1748,iwaitu,1,0.01371,6383,87.52228,7293
1749,izenoni,1,0.01371,6384,87.53599,7293
1750,jack-at-circle,1,0.01371,6385,87.54971,7293
1751,jackmurray,1,0.01371,6386,87.56342,7293
1752,jaczhao,1,0.01371,6387,87.57713,7293
1753,JaggedJax,1,0.01371,6388,87.59084,7293
1754,jaivalis,1,0.01371,6389,87.60455,7293
1755,Jake-Mok-Nelson,1,0.01371,6390,87.61826,7293
1756,Jakub-Kubkowski,1,0.01371,6391,87.63198,7293
1757,james-ransom,1,0.01371,6392,87.64569,7293
1758,jam-re,1,0.01371,6393,87.65940,7293
1759,janekc,1,0.01371,6394,87.67311,7293
1760,janfuhrer,1,0.01371,6395,87.68682,7293
1761,jankaderabek,1,0.01371,6396,87.70053,7293
1762,JanTG1,1,0.01371,6397,87.71425,7293
1763,JasmineTang1231,1,0.01371,6398,87.72796,7293
1764,jasonjayr,1,0.01371,6399,87.74167,7293
1765,jason-lindholm,1,0.01371,6400,87.75538,7293
1766,jasonwbrown23,1,0.01371,6401,87.76909,7293
1767,JavonneM,1,0.01371,6402,87.78281,7293
1768,jblakeney,1,0.01371,6403,87.79652,7293
1769,jchoibm,1,0.01371,6404,87.81023,7293
1770,jdkhome,1,0.01371,6405,87.82394,7293
1771,jeff-an,1,0.01371,6406,87.83765,7293
1772,Jeffote,1,0.01371,6407,87.85136,7293
1773,jeffreyc,1,0.01371,6408,87.86508,7293
1774,jeffwmiles,1,0.01371,6409,87.87879,7293
1775,jerryptl26,1,0.01371,6410,87.89250,7293
1776,JerryWengcw,1,0.01371,6411,87.90621,7293
1777,Jerry-yz,1,0.01371,6412,87.91992,7293
1778,Jetdachui,1,0.01371,6413,87.93363,7293
1779,JeyJer,1,0.01371,6414,87.94735,7293
1780,jgulian,1,0.01371,6415,87.96106,7293
1781,jhaldar22,1,0.01371,6416,87.97477,7293
1782,J-hoplin1,1,0.01371,6417,87.98848,7293
1783,JiangTaoShi,1,0.01371,6418,88.00219,7293
1784,Jim-1011,1,0.01371,6419,88.01591,7293
1785,Jimlah,1,0.01371,6420,88.02962,7293
1786,JimmyShi22,1,0.01371,6421,88.04333,7293
1787,Jimver,1,0.01371,6422,88.05704,7293
1788,jingkkkkai,1,0.01371,6423,88.07075,7293
1789,jinjimosd,1,0.01371,6424,88.08446,7293
1790,jinsiangpony,1,0.01371,6425,88.09818,7293
1791,jjettenCamunda,1,0.01371,6426,88.11189,7293
1792,jjminer,1,0.01371,6427,88.12560,7293
1793,jkapponms,1,0.01371,6428,88.13931,7293
1794,Jkudjo,1,0.01371,6429,88.15302,7293
1795,jlitola,1,0.01371,6430,88.16674,7293
1796,jmabecassis,1,0.01371,6431,88.18045,7293
1797,jmasud,1,0.01371,6432,88.19416,7293
1798,jmdoman,1,0.01371,6433,88.20787,7293
1799,jnoble-rcd,1,0.01371,6434,88.22158,7293
1800,jnt2007,1,0.01371,6435,88.23529,7293
1801,joanamadasun,1,0.01371,6436,88.24901,7293
1802,joe-bricknell,1,0.01371,6437,88.26272,7293
1803,joelyen,1,0.01371,6438,88.27643,7293
1804,JoeShi,1,0.01371,6439,88.29014,7293
1805,johnnytardin,1,0.01371,6440,88.30385,7293
1806,johnoct-au,1,0.01371,6441,88.31756,7293
1807,johnphilip283,1,0.01371,6442,88.33128,7293
1808,johnzhangchangshan,1,0.01371,6443,88.34499,7293
1809,Jonas-Sander,1,0.01371,6444,88.35870,7293
1810,jonathasb-cit,1,0.01371,6445,88.37241,7293
1811,JonnyBDev,1,0.01371,6446,88.38612,7293
1812,JorgeMGuimaraes,1,0.01371,6447,88.39984,7293
1813,jorgen-myklebust,1,0.01371,6448,88.41355,7293
1814,joroddy,1,0.01371,6449,88.42726,7293
1815,joseespinoza,1,0.01371,6450,88.44097,7293
1816,joshualex,1,0.01371,6451,88.45468,7293
1817,josueneo,1,0.01371,6452,88.46839,7293
1818,joywaves,1,0.01371,6453,88.48211,7293
1819,jpjsm,1,0.01371,6454,88.49582,7293
1820,jpOlivo-uala,1,0.01371,6455,88.50953,7293
1821,jrbrtsn,1,0.01371,6456,88.52324,7293
1822,JRuedas,1,0.01371,6457,88.53695,7293
1823,Js0nMar2,1,0.01371,6458,88.55067,7293
1824,jship,1,0.01371,6459,88.56438,7293
1825,jty016,1,0.01371,6460,88.57809,7293
1826,julius-ziegler,1,0.01371,6461,88.59180,7293
1827,Julysun0,1,0.01371,6462,88.60551,7293
1828,justdan96,1,0.01371,6463,88.61922,7293
1829,justin-watkinson-cherre,1,0.01371,6464,88.63294,7293
1830,JyothiOrangebeard,1,0.01371,6465,88.64665,7293
1831,jyuan68,1,0.01371,6466,88.66036,7293
1832,K41eb,1,0.01371,6467,88.67407,7293
1833,KaiserNicols,1,0.01371,6468,88.68778,7293
1834,kaizen-cmd,1,0.01371,6469,88.70149,7293
1835,kalihman,1,0.01371,6470,88.71521,7293
1836,KanhaKesarwani,1,0.01371,6471,88.72892,7293
1837,Kardi5,1,0.01371,6472,88.74263,7293
1838,karimtabet,1,0.01371,6473,88.75634,7293
1839,karlpip,1,0.01371,6474,88.77005,7293
1840,karmux,1,0.01371,6475,88.78377,7293
1841,karthanvijay,1,0.01371,6476,88.79748,7293
1842,karvind007,1,0.01371,6477,88.81119,7293
1843,kaustav-mondal,1,0.01371,6478,88.82490,7293
1844,kaustubh1994,1,0.01371,6479,88.83861,7293
1845,kazablock,1,0.01371,6480,88.85232,7293
1846,kazuhisya,1,0.01371,6481,88.86604,7293
1847,kc611,1,0.01371,6482,88.87975,7293
1848,kcraley,1,0.01371,6483,88.89346,7293
1849,kerry-Cho,1,0.01371,6484,88.90717,7293
1850,KevFan,1,0.01371,6485,88.92088,7293
1851,kgaurav29,1,0.01371,6486,88.93459,7293
1852,khalsah,1,0.01371,6487,88.94831,7293
1853,khartahk,1,0.01371,6488,88.96202,7293
1854,KinzaaSheikh,1,0.01371,6489,88.97573,7293
1855,kipusoep,1,0.01371,6490,88.98944,7293
1856,Kiran-G1,1,0.01371,6491,89.00315,7293
1857,kissiel,1,0.01371,6492,89.01687,7293
1858,Kistor,1,0.01371,6493,89.03058,7293
1859,KiyonamiYu,1,0.01371,6494,89.04429,7293
1860,kjsch,1,0.01371,6495,89.05800,7293
1861,kkato,1,0.01371,6496,89.07171,7293
1862,KKKZOZ,1,0.01371,6497,89.08542,7293
1863,KlausGrosser,1,0.01371,6498,89.09914,7293
1864,kochn,1,0.01371,6499,89.11285,7293
1865,kocoler,1,0.01371,6500,89.12656,7293
1866,kolade-01,1,0.01371,6501,89.14027,7293
1867,kovaxur,1,0.01371,6502,89.15398,7293
1868,kpassapk,1,0.01371,6503,89.16770,7293
1869,krakowski,1,0.01371,6504,89.18141,7293
1870,k-raval,1,0.01371,6505,89.19512,7293
1871,KrishnaIyer,1,0.01371,6506,89.20883,7293
1872,krishna-rakesh-dubey-db,1,0.01371,6507,89.22254,7293
1873,krouser,1,0.01371,6508,89.23625,7293
1874,ksator,1,0.01371,6509,89.24997,7293
1875,kschjeld,1,0.01371,6510,89.26368,7293
1876,kse3hi,1,0.01371,6511,89.27739,7293
1877,ktivdv,1,0.01371,6512,89.29110,7293
1878,KUANG-CHENG,1,0.01371,6513,89.30481,7293
1879,kulisse,1,0.01371,6514,89.31852,7293
1880,Kumar2106,1,0.01371,6515,89.33224,7293
1881,kumar385,1,0.01371,6516,89.34595,7293
1882,kumariitr,1,0.01371,6517,89.35966,7293
1883,kungfumonk,1,0.01371,6518,89.37337,7293
1884,KuraSas,1,0.01371,6519,89.38708,7293
1885,kyberorg,1,0.01371,6520,89.40080,7293
1886,kyrylogy,1,0.01371,6521,89.41451,7293
1887,l10178,1,0.01371,6522,89.42822,7293
1888,Laffs2k5,1,0.01371,6523,89.44193,7293
1889,laileman,1,0.01371,6524,89.45564,7293
1890,lajifeiwomoshu,1,0.01371,6525,89.46935,7293
1891,lamenawuer,1,0.01371,6526,89.48307,7293
1892,langkcc,1,0.01371,6527,89.49678,7293
1893,larkly,1,0.01371,6528,89.51049,7293
1894,larsyencken,1,0.01371,6529,89.52420,7293
1895,lazychanger,1,0.01371,6530,89.53791,7293
1896,lazyturd,1,0.01371,6531,89.55162,7293
1897,lazzurs,1,0.01371,6532,89.56534,7293
1898,lborgav,1,0.01371,6533,89.57905,7293
1899,ledrsnet,1,0.01371,6534,89.59276,7293
1900,leirons,1,0.01371,6535,89.60647,7293
1901,lenichols,1,0.01371,6536,89.62018,7293
1902,leonardoce,1,0.01371,6537,89.63390,7293
1903,leopard627,1,0.01371,6538,89.64761,7293
1904,Leo-Song,1,0.01371,6539,89.66132,7293
1905,lethalman,1,0.01371,6540,89.67503,7293
1906,lexi-nadia,1,0.01371,6541,89.68874,7293
1907,lexisworkingout,1,0.01371,6542,89.70245,7293
1908,lgallard,1,0.01371,6543,89.71617,7293
1909,lihui920913,1,0.01371,6544,89.72988,7293
1910,likedustg,1,0.01371,6545,89.74359,7293
1911,LilithOpenSource,1,0.01371,6546,89.75730,7293
1912,liming-linux,1,0.01371,6547,89.77101,7293
1913,linjun0703,1,0.01371,6548,89.78473,7293
1914,linke-autra,1,0.01371,6549,89.79844,7293
1915,linruikai,1,0.01371,6550,89.81215,7293
1916,lionralfs,1,0.01371,6551,89.82586,7293
1917,liubingxing,1,0.01371,6552,89.83957,7293
1918,liujingshi,1,0.01371,6553,89.85328,7293
1919,livius-ungureanu,1,0.01371,6554,89.86700,7293
1920,lkag2000,1,0.01371,6555,89.88071,7293
1921,lmiranda,1,0.01371,6556,89.89442,7293
1922,Loddan,1,0.01371,6557,89.90813,7293
1923,loganmay,1,0.01371,6558,89.92184,7293
1924,lokafsenna,1,0.01371,6559,89.93555,7293
1925,loktev-d,1,0.01371,6560,89.94927,7293
1926,lord-destruction,1,0.01371,6561,89.96298,7293
1927,lorranyoliveira,1,0.01371,6562,89.97669,7293
1928,lross-up,1,0.01371,6563,89.99040,7293
1929,lrozenblyum,1,0.01371,6564,90.00411,7293
1930,lrsundar,1,0.01371,6565,90.01783,7293
1931,Lsacy,1,0.01371,6566,90.03154,7293
1932,lucascicco,1,0.01371,6567,90.04525,7293
1933,lucasclerissepro,1,0.01371,6568,90.05896,7293
1934,lucasgonze,1,0.01371,6569,90.07267,7293
1935,lucasoarruda,1,0.01371,6570,90.08638,7293
1936,LucasVanHaaren,1,0.01371,6571,90.10010,7293
1937,Luchik51,1,0.01371,6572,90.11381,7293
1938,LudovicBouvierJohnston,1,0.01371,6573,90.12752,7293
1939,luisgrisolia,1,0.01371,6574,90.14123,7293
1940,luizdamim,1,0.01371,6575,90.15494,7293
1941,lukasbalaz,1,0.01371,6576,90.16865,7293
1942,lukaszkubisiak-intel,1,0.01371,6577,90.18237,7293
1943,lukma99,1,0.01371,6578,90.19608,7293
1944,lupass93,1,0.01371,6579,90.20979,7293
1945,lushang,1,0.01371,6580,90.22350,7293
1946,lvpengc,1,0.01371,6581,90.23721,7293
1947,lyubomirr,1,0.01371,6582,90.25093,7293
1948,lzakharov,1,0.01371,6583,90.26464,7293
1949,M3gar00,1,0.01371,6584,90.27835,7293
1950,mabasic,1,0.01371,6585,90.29206,7293
1951,maciejmatuszak,1,0.01371,6586,90.30577,7293
1952,madhancock,1,0.01371,6587,90.31948,7293
1953,MadhumithaMarane,1,0.01371,6588,90.33320,7293
1954,MadMax240484,1,0.01371,6589,90.34691,7293
1955,madrisan,1,0.01371,6590,90.36062,7293
1956,maestrx,1,0.01371,6591,90.37433,7293
1957,maffydavison,1,0.01371,6592,90.38804,7293
1958,mahbubaShifa,1,0.01371,6593,90.40176,7293
1959,mahenmeena,1,0.01371,6594,90.41547,7293
1960,mahesh2121,1,0.01371,6595,90.42918,7293
1961,maik-sch,1,0.01371,6596,90.44289,7293
1962,Mainjr22,1,0.01371,6597,90.45660,7293
1963,Malankar,1,0.01371,6598,90.47031,7293
1964,Manas23601,1,0.01371,6599,90.48403,7293
1965,manoj0552,1,0.01371,6600,90.49774,7293
1966,manq2010,1,0.01371,6601,90.51145,7293
1967,ManuelSaleta,1,0.01371,6602,90.52516,7293
1968,marcelocra-hubla,1,0.01371,6603,90.53887,7293
1969,marcgenou,1,0.01371,6604,90.55258,7293
1970,marcodefelice,1,0.01371,6605,90.56630,7293
1971,marcofeltmann,1,0.01371,6606,90.58001,7293
1972,marcoslin,1,0.01371,6607,90.59372,7293
1973,MargaritaForex,1,0.01371,6608,90.60743,7293
1974,Margrie,1,0.01371,6609,90.62114,7293
1975,mariafarid2,1,0.01371,6610,90.63486,7293
1976,markbaylis,1,0.01371,6611,90.64857,7293
1977,markmartirosian,1,0.01371,6612,90.66228,7293
1978,mark-mishyn,1,0.01371,6613,90.67599,7293
1979,marks199,1,0.01371,6614,90.68970,7293
1980,maroskukan,1,0.01371,6615,90.70341,7293
1981,marouanelkhebir,1,0.01371,6616,90.71713,7293
1982,martin-fiedler,1,0.01371,6617,90.73084,7293
1983,martintene,1,0.01371,6618,90.74455,7293
1984,Mary4325,1,0.01371,6619,90.75826,7293
1985,masinc,1,0.01371,6620,90.77197,7293
1986,masquee,1,0.01371,6621,90.78568,7293
1987,mateusduboli,1,0.01371,6622,90.79940,7293
1988,Mathiasdm,1,0.01371,6623,90.81311,7293
1989,MattGarner-N,1,0.01371,6624,90.82682,7293
1990,mattpeople,1,0.01371,6625,90.84053,7293
1991,MattTheCuber,1,0.01371,6626,90.85424,7293
1992,max-brewer,1,0.01371,6627,90.86796,7293
1993,maxdumas,1,0.01371,6628,90.88167,7293
1994,maxime1907,1,0.01371,6629,90.89538,7293
1995,MaxYuan85,1,0.01371,6630,90.90909,7293
1996,maybedino,1,0.01371,6631,90.92280,7293
1997,mbianchidev,1,0.01371,6632,90.93651,7293
1998,mbrunn,1,0.01371,6633,90.95023,7293
1999,mcesh,1,0.01371,6634,90.96394,7293
2000,mchiao-bigw,1,0.01371,6635,90.97765,7293
2001,mckennajones,1,0.01371,6636,90.99136,7293
2002,mckenzig,1,0.01371,6637,91.00507,7293
2003,MCOfficer,1,0.01371,6638,91.01879,7293
2004,mcorries,1,0.01371,6639,91.03250,7293
2005,mdhwk,1,0.01371,6640,91.04621,7293
2006,mdschmitt,1,0.01371,6641,91.05992,7293
2007,me-coder,1,0.01371,6642,91.07363,7293
2008,Mehadi-Hasan-Santo,1,0.01371,6643,91.08734,7293
2009,melck,1,0.01371,6644,91.10106,7293
2010,melorthys,1,0.01371,6645,91.11477,7293
2011,MercanAda,1,0.01371,6646,91.12848,7293
2012,MerouaneBen,1,0.01371,6647,91.14219,7293
2013,meteoricfarm,1,0.01371,6648,91.15590,7293
2014,michaelmoreira,1,0.01371,6649,91.16961,7293
2015,Michenux,1,0.01371,6650,91.18333,7293
2016,MickMi,1,0.01371,6651,91.19704,7293
2017,miglocatiq,1,0.01371,6652,91.21075,7293
2018,mike-jc,1,0.01371,6653,91.22446,7293
2019,mikelsid,1,0.01371,6654,91.23817,7293
2020,mike-matera,1,0.01371,6655,91.25189,7293
2021,mikeyhc,1,0.01371,6656,91.26560,7293
2022,miladhashemi,1,0.01371,6657,91.27931,7293
2023,milljm,1,0.01371,6658,91.29302,7293
2024,mingh2,1,0.01371,6659,91.30673,7293
2025,mingweishih,1,0.01371,6660,91.32044,7293
2026,Minh2003,1,0.01371,6661,91.33416,7293
2027,minzhuogoogle,1,0.01371,6662,91.34787,7293
2028,miroth70,1,0.01371,6663,91.36158,7293
2029,misupopo,1,0.01371,6664,91.37529,7293
2030,mititelud,1,0.01371,6665,91.38900,7293
2031,miyunari,1,0.01371,6666,91.40271,7293
2032,mkopentag,1,0.01371,6667,91.41643,7293
2033,mkreuzmayr,1,0.01371,6668,91.43014,7293
2034,mktgbnk,1,0.01371,6669,91.44385,7293
2035,mmartin24,1,0.01371,6670,91.45756,7293
2036,mmidzik,1,0.01371,6671,91.47127,7293
2037,mmmlz,1,0.01371,6672,91.48499,7293
2038,mmontes-f3,1,0.01371,6673,91.49870,7293
2039,Mohammen1977,1,0.01371,6674,91.51241,7293
2040,Moon1706,1,0.01371,6675,91.52612,7293
2041,moveingsun,1,0.01371,6676,91.53983,7293
2042,Moynur,1,0.01371,6677,91.55354,7293
2043,mr2dark,1,0.01371,6678,91.56726,7293
2044,mravvv,1,0.01371,6679,91.58097,7293
2045,MrAwesomeRocks,1,0.01371,6680,91.59468,7293
2046,mrdrivingduck,1,0.01371,6681,91.60839,7293
2047,mredvard,1,0.01371,6682,91.62210,7293
2048,mrozacki,1,0.01371,6683,91.63582,7293
2049,MrSantamaria,1,0.01371,6684,91.64953,7293
2050,mr-short,1,0.01371,6685,91.66324,7293
2051,MRVIOLETZ,1,0.01371,6686,91.67695,7293
2052,mscits,1,0.01371,6687,91.69066,7293
2053,mskazy,1,0.01371,6688,91.70437,7293
2054,msteiger,1,0.01371,6689,91.71809,7293
2055,mtbctesting,1,0.01371,6690,91.73180,7293
2056,mtt88,1,0.01371,6691,91.74551,7293
2057,m-ttriley,1,0.01371,6692,91.75922,7293
2058,multani,1,0.01371,6693,91.77293,7293
2059,muratso,1,0.01371,6694,91.78664,7293
2060,murphyjacob4,1,0.01371,6695,91.80036,7293
2061,mutantcornholio,1,0.01371,6696,91.81407,7293
2062,mvillarjuan,1,0.01371,6697,91.82778,7293
2063,mzj,1,0.01371,6698,91.84149,7293
2064,nabad600,1,0.01371,6699,91.85520,7293
2065,nacmonad,1,0.01371,6700,91.86892,7293
2066,nadavm391,1,0.01371,6701,91.88263,7293
2067,nallenscott,1,0.01371,6702,91.89634,7293
2068,narcre,1,0.01371,6703,91.91005,7293
2069,nataliesea,1,0.01371,6704,91.92376,7293
2070,natebot13,1,0.01371,6705,91.93747,7293
2071,Naughtyhusky,1,0.01371,6706,91.95119,7293
2072,nazzzzz,1,0.01371,6707,91.96490,7293
2073,Neneil94,1,0.01371,6708,91.97861,7293
2074,nerdingasnate,1,0.01371,6709,91.99232,7293
2075,neyp,1,0.01371,6710,92.00603,7293
2076,ngharo,1,0.01371,6711,92.01974,7293
2077,NgHuuAn,1,0.01371,6712,92.03346,7293
2078,nickcampau,1,0.01371,6713,92.04717,7293
2079,nickylba,1,0.01371,6714,92.06088,7293
2080,nilsanderselde,1,0.01371,6715,92.07459,7293
2081,nilyin,1,0.01371,6716,92.08830,7293
2082,NJU-Eden,1,0.01371,6717,92.10202,7293
2083,nkasozi,1,0.01371,6718,92.11573,7293
2084,nlinx,1,0.01371,6719,92.12944,7293
2085,nmldiegues,1,0.01371,6720,92.14315,7293
2086,nm-morais,1,0.01371,6721,92.15686,7293
2087,noeisnotunique,1,0.01371,6722,92.17057,7293
2088,noelashford,1,0.01371,6723,92.18429,7293
2089,nollidnosnhoj,1,0.01371,6724,92.19800,7293
2090,NominalTrajectory,1,0.01371,6725,92.21171,7293
2091,nonalexander,1,0.01371,6726,92.22542,7293
2092,norsemanGrey,1,0.01371,6727,92.23913,7293
2093,northmorn,1,0.01371,6728,92.25285,7293
2094,nosvalds,1,0.01371,6729,92.26656,7293
2095,nouse,1,0.01371,6730,92.28027,7293
2096,novak-as,1,0.01371,6731,92.29398,7293
2097,npepinpe,1,0.01371,6732,92.30769,7293
2098,nqqqq-a,1,0.01371,6733,92.32140,7293
2099,ns-dell,1,0.01371,6734,92.33512,7293
2100,nsteblay,1,0.01371,6735,92.34883,7293
2101,nuget1991,1,0.01371,6736,92.36254,7293
2102,nullptr-x,1,0.01371,6737,92.37625,7293
2103,oawad79,1,0.01371,6738,92.38996,7293
2104,ob-uk,1,0.01371,6739,92.40367,7293
2105,odacombe-bc,1,0.01371,6740,92.41739,7293
2106,o-farag,1,0.01371,6741,92.43110,7293
2107,oistein,1,0.01371,6742,92.44481,7293
2108,olehdevua,1,0.01371,6743,92.45852,7293
2109,oludareojo3,1,0.01371,6744,92.47223,7293
2110,Opengl1,1,0.01371,6745,92.48595,7293
2111,opichals,1,0.01371,6746,92.49966,7293
2112,opipenbe,1,0.01371,6747,92.51337,7293
2113,osenbach,1,0.01371,6748,92.52708,7293
2114,osfrickler,1,0.01371,6749,92.54079,7293
2115,outofrange,1,0.01371,6750,92.55450,7293
2116,owaisrehman,1,0.01371,6751,92.56822,7293
2117,p404,1,0.01371,6752,92.58193,7293
2118,pablodamico,1,0.01371,6753,92.59564,7293
2119,padhiar-aditya,1,0.01371,6754,92.60935,7293
2120,pagey101,1,0.01371,6755,92.62306,7293
2121,palashhedau,1,0.01371,6756,92.63677,7293
2122,panchambaruahwise,1,0.01371,6757,92.65049,7293
2123,PandaBlackAndWhitr,1,0.01371,6758,92.66420,7293
2124,pantuza,1,0.01371,6759,92.67791,7293
2125,Parabyt,1,0.01371,6760,92.69162,7293
2126,paragor,1,0.01371,6761,92.70533,7293
2127,parasinsync,1,0.01371,6762,92.71905,7293
2128,parthdhanjal,1,0.01371,6763,92.73276,7293
2129,pasvel,1,0.01371,6764,92.74647,7293
2130,pasztorl,1,0.01371,6765,92.76018,7293
2131,patikoija,1,0.01371,6766,92.77389,7293
2132,patrickdronk,1,0.01371,6767,92.78760,7293
2133,patrickviet,1,0.01371,6768,92.80132,7293
2134,PatrikDubec,1,0.01371,6769,92.81503,7293
2135,pavanelthepumisc,1,0.01371,6770,92.82874,7293
2136,Pawan-Bishnoi,1,0.01371,6771,92.84245,7293
2137,payparain,1,0.01371,6772,92.85616,7293
2138,pblgomez,1,0.01371,6773,92.86988,7293
2139,pcarcereri,1,0.01371,6774,92.88359,7293
2140,pegasas,1,0.01371,6775,92.89730,7293
2141,pellea,1,0.01371,6776,92.91101,7293
2142,PerfectDay20,1,0.01371,6777,92.92472,7293
2143,Petejoslin,1,0.01371,6778,92.93843,7293
2144,Peter-Welsh,1,0.01371,6779,92.95215,7293
2145,PetrVladimirov,1,0.01371,6780,92.96586,7293
2146,petterreinholdtsen,1,0.01371,6781,92.97957,7293
2147,pfldy2850,1,0.01371,6782,92.99328,7293
2148,phantlantis,1,0.01371,6783,93.00699,7293
2149,phi1010,1,0.01371,6784,93.02070,7293
2150,phibos,1,0.01371,6785,93.03442,7293
2151,Phlegethon90,1,0.01371,6786,93.04813,7293
2152,phoenix1480,1,0.01371,6787,93.06184,7293
2153,pingxin0521,1,0.01371,6788,93.07555,7293
2154,piotrwielgolaski-tomtom,1,0.01371,6789,93.08926,7293
2155,piouson,1,0.01371,6790,93.10298,7293
2156,pipixi,1,0.01371,6791,93.11669,7293
2157,pippin-staked,1,0.01371,6792,93.13040,7293
2158,pixil98,1,0.01371,6793,93.14411,7293
2159,p-kamath,1,0.01371,6794,93.15782,7293
2160,pkarakal,1,0.01371,6795,93.17153,7293
2161,pkhadka56,1,0.01371,6796,93.18525,7293
2162,pkpivot,1,0.01371,6797,93.19896,7293
2163,plumbis,1,0.01371,6798,93.21267,7293
2164,pm3ndoza,1,0.01371,6799,93.22638,7293
2165,pmahony893,1,0.01371,6800,93.24009,7293
2166,pmontu,1,0.01371,6801,93.25381,7293
2167,pmpaulino,1,0.01371,6802,93.26752,7293
2168,pnjha,1,0.01371,6803,93.28123,7293
2169,poconnor-lab49,1,0.01371,6804,93.29494,7293
2170,poenneby,1,0.01371,6805,93.30865,7293
2171,polikeiji,1,0.01371,6806,93.32236,7293
2172,polynomialspace,1,0.01371,6807,93.33608,7293
2173,ppmkmd,1,0.01371,6808,93.34979,7293
2174,prabhpreet332,1,0.01371,6809,93.36350,7293
2175,prajain12,1,0.01371,6810,93.37721,7293
2176,pramenku,1,0.01371,6811,93.39092,7293
2177,Pratham16112002,1,0.01371,6812,93.40463,7293
2178,PratheekshaShetty,1,0.01371,6813,93.41835,7293
2179,praveenydv,1,0.01371,6814,93.43206,7293
2180,PriamX,1,0.01371,6815,93.44577,7293
2181,prince-7,1,0.01371,6816,93.45948,7293
2182,pringon,1,0.01371,6817,93.47319,7293
2183,projectaws741,1,0.01371,6818,93.48691,7293
2184,Prophetick,1,0.01371,6819,93.50062,7293
2185,psandytang,1,0.01371,6820,93.51433,7293
2186,pschenkel,1,0.01371,6821,93.52804,7293
2187,pspurlock07,1,0.01371,6822,93.54175,7293
2188,psvri,1,0.01371,6823,93.55546,7293
2189,ptx96,1,0.01371,6824,93.56918,7293
2190,puitiza,1,0.01371,6825,93.58289,7293
2191,purvipipaliya,1,0.01371,6826,93.59660,7293
2192,Pwd9000-ML,1,0.01371,6827,93.61031,7293
2193,pwgreco,1,0.01371,6828,93.62402,7293
2194,q5616417,1,0.01371,6829,93.63773,7293
2195,qa-ship-it,1,0.01371,6830,93.65145,7293
2196,qinjia127,1,0.01371,6831,93.66516,7293
2197,QJoly,1,0.01371,6832,93.67887,7293
2198,QuentinN42,1,0.01371,6833,93.69258,7293
2199,quyuancheng,1,0.01371,6834,93.70629,7293
2200,R0bsd,1,0.01371,6835,93.72001,7293
2201,rabueker,1,0.01371,6836,93.73372,7293
2202,rAcHekLoS,1,0.01371,6837,93.74743,7293
2203,RadoBart,1,0.01371,6838,93.76114,7293
2204,Rahulkhinchi03,1,0.01371,6839,93.77485,7293
2205,Rahuls-s,1,0.01371,6840,93.78856,7293
2206,RainrainWu,1,0.01371,6841,93.80228,7293
2207,rainstarwz,1,0.01371,6842,93.81599,7293
2208,rajramo61,1,0.01371,6843,93.82970,7293
2209,raktim-sixt,1,0.01371,6844,93.84341,7293
2210,Rama-Ayyagari,1,0.01371,6845,93.85712,7293
2211,ramarnat,1,0.01371,6846,93.87084,7293
2212,ranjithmr,1,0.01371,6847,93.88455,7293
2213,ratzalex,1,0.01371,6848,93.89826,7293
2214,ravitiwari87,1,0.01371,6849,93.91197,7293
2215,rayak-s,1,0.01371,6850,93.92568,7293
2216,rayankiy,1,0.01371,6851,93.93939,7293
2217,raybellis,1,0.01371,6852,93.95311,7293
2218,rayrapetyan,1,0.01371,6853,93.96682,7293
2219,razertory,1,0.01371,6854,93.98053,7293
2220,rbinder-vg,1,0.01371,6855,93.99424,7293
2221,rblejter,1,0.01371,6856,94.00795,7293
2222,rchien-atvi,1,0.01371,6857,94.02166,7293
2223,rduque1,1,0.01371,6858,94.03538,7293
2224,REALITY4444,1,0.01371,6859,94.04909,7293
2225,reda-ayoub,1,0.01371,6860,94.06280,7293
2226,Red-M,1,0.01371,6861,94.07651,7293
2227,relandrew,1,0.01371,6862,94.09022,7293
2228,renatosazup,1,0.01371,6863,94.10394,7293
2229,renkrof,1,0.01371,6864,94.11765,7293
2230,rezss,1,0.01371,6865,94.13136,7293
2231,rhino-harley,1,0.01371,6866,94.14507,7293
2232,Riaankleinhans,1,0.01371,6867,94.15878,7293
2233,rineshpk,1,0.01371,6868,94.17249,7293
2234,riverar,1,0.01371,6869,94.18621,7293
2235,rkoalign,1,0.01371,6870,94.19992,7293
2236,rmendal-Harness,1,0.01371,6871,94.21363,7293
2237,rm-rf-home,1,0.01371,6872,94.22734,7293
2238,robert-stratecglobal,1,0.01371,6873,94.24105,7293
2239,rockdodos,1,0.01371,6874,94.25476,7293
2240,roehrich-hpe,1,0.01371,6875,94.26848,7293
2241,roei111,1,0.01371,6876,94.28219,7293
2242,Roemer,1,0.01371,6877,94.29590,7293
2243,roeyhoren,1,0.01371,6878,94.30961,7293
2244,RogerFuns,1,0.01371,6879,94.32332,7293
2245,rohitkg,1,0.01371,6880,94.33704,7293
2246,romanb-sa,1,0.01371,6881,94.35075,7293
2247,rome-legacy,1,0.01371,6882,94.36446,7293
2248,RonanQuigley,1,0.01371,6883,94.37817,7293
2249,ronisec,1,0.01371,6884,94.39188,7293
2250,rostyslavkhaniukov,1,0.01371,6885,94.40559,7293
2251,roylez,1,0.01371,6886,94.41931,7293
2252,rperper,1,0.01371,6887,94.43302,7293
2253,r-plus,1,0.01371,6888,94.44673,7293
2254,rriski,1,0.01371,6889,94.46044,7293
2255,rriverak,1,0.01371,6890,94.47415,7293
2256,rtalipov,1,0.01371,6891,94.48787,7293
2257,rubsterin,1,0.01371,6892,94.50158,7293
2258,rudnypc,1,0.01371,6893,94.51529,7293
2259,ruopuzi,1,0.01371,6894,94.52900,7293
2260,RupakVeerla,1,0.01371,6895,94.54271,7293
2261,Ryan-Barlow-Nimbox,1,0.01371,6896,94.55642,7293
2262,ryancastro,1,0.01371,6897,94.57014,7293
2263,Ryan-Haines,1,0.01371,6898,94.58385,7293
2264,ryanschaaf-dmc,1,0.01371,6899,94.59756,7293
2265,ryodocx,1,0.01371,6900,94.61127,7293
2266,sabagara,1,0.01371,6901,94.62498,7293
2267,Sachin-Sangal,1,0.01371,6902,94.63869,7293
2268,sadshwat,1,0.01371,6903,94.65241,7293
2269,Safrudin244342,1,0.01371,6904,94.66612,7293
2270,SahajMahajan,1,0.01371,6905,94.67983,7293
2271,sally-langshuang,1,0.01371,6906,94.69354,7293
2272,samng1991,1,0.01371,6907,94.70725,7293
2273,samoylenko,1,0.01371,6908,94.72097,7293
2274,SamPaladin,1,0.01371,6909,94.73468,7293
2275,samperman,1,0.01371,6910,94.74839,7293
2276,Sam-Tymoshchuk,1,0.01371,6911,94.76210,7293
2277,samueljim,1,0.01371,6912,94.77581,7293
2278,samygitrepo,1,0.01371,6913,94.78952,7293
2279,sandeshlmore,1,0.01371,6914,94.80324,7293
2280,santrada,1,0.01371,6915,94.81695,7293
2281,Sanyam-Garg,1,0.01371,6916,94.83066,7293
2282,sashganush,1,0.01371,6917,94.84437,7293
2283,sassyn,1,0.01371,6918,94.85808,7293
2284,satata-clgx,1,0.01371,6919,94.87179,7293
2285,SaumyaPaigwar,1,0.01371,6920,94.88551,7293
2286,sbkpilot1,1,0.01371,6921,94.89922,7293
2287,sbuckpesch,1,0.01371,6922,94.91293,7293
2288,schauhan0055,1,0.01371,6923,94.92664,7293
2289,schmiman,1,0.01371,6924,94.94035,7293
2290,scomri,1,0.01371,6925,94.95407,7293
2291,scostelloppb,1,0.01371,6926,94.96778,7293
2292,scottbelden,1,0.01371,6927,94.98149,7293
2293,Scubastooge,1,0.01371,6928,94.99520,7293
2294,sdfwds4,1,0.01371,6929,95.00891,7293
2295,sd-matt-b,1,0.01371,6930,95.02262,7293
2296,seandlg,1,0.01371,6931,95.03634,7293
2297,seddek,1,0.01371,6932,95.05005,7293
2298,SeidChr,1,0.01371,6933,95.06376,7293
2299,senthilv17,1,0.01371,6934,95.07747,7293
2300,sfc-gh-jhollan,1,0.01371,6935,95.09118,7293
2301,sfc-gh-shsharma,1,0.01371,6936,95.10490,7293
2302,shabuddinshaik,1,0.01371,6937,95.11861,7293
2303,sharadhirao,1,0.01371,6938,95.13232,7293
2304,sharkmerry7,1,0.01371,6939,95.14603,7293
2305,sharvil,1,0.01371,6940,95.15974,7293
2306,shashank0791,1,0.01371,6941,95.17345,7293
2307,shashankshukla2,1,0.01371,6942,95.18717,7293
2308,shaunmayo,1,0.01371,6943,95.20088,7293
2309,shawnsavour,1,0.01371,6944,95.21459,7293
2310,sheilahu,1,0.01371,6945,95.22830,7293
2311,shengyuandong,1,0.01371,6946,95.24201,7293
2312,shentan007git,1,0.01371,6947,95.25572,7293
2313,shenzgang,1,0.01371,6948,95.26944,7293
2314,shidao1,1,0.01371,6949,95.28315,7293
2315,Shiehand,1,0.01371,6950,95.29686,7293
2316,shileiyu,1,0.01371,6951,95.31057,7293
2317,Shinhye-Yun,1,0.01371,6952,95.32428,7293
2318,shivkurtarkar,1,0.01371,6953,95.33800,7293
2319,shuk777,1,0.01371,6954,95.35171,7293
2320,siddhant29,1,0.01371,6955,95.36542,7293
2321,SiddheshKukade,1,0.01371,6956,95.37913,7293
2322,sidineyc,1,0.01371,6957,95.39284,7293
2323,silenceGuo,1,0.01371,6958,95.40655,7293
2324,simion,1,0.01371,6959,95.42027,7293
2325,simonrondelez,1,0.01371,6960,95.43398,7293
2326,simonwu-sn,1,0.01371,6961,95.44769,7293
2327,simonzy15,1,0.01371,6962,95.46140,7293
2328,singhnix,1,0.01371,6963,95.47511,7293
2329,sirpi,1,0.01371,6964,95.48882,7293
2330,Sitin,1,0.01371,6965,95.50254,7293
2331,Skebard,1,0.01371,6966,95.51625,7293
2332,Skipper0707,1,0.01371,6967,95.52996,7293
2333,skokhanovskiy,1,0.01371,6968,95.54367,7293
2334,sky-bro,1,0.01371,6969,95.55738,7293
2335,slowpokefarm,1,0.01371,6970,95.57110,7293
2336,sm43,1,0.01371,6971,95.58481,7293
2337,smallbutstrong,1,0.01371,6972,95.59852,7293
2338,smandalika,1,0.01371,6973,95.61223,7293
2339,smartinj,1,0.01371,6974,95.62594,7293
2340,smauermann,1,0.01371,6975,95.63965,7293
2341,snaar,1,0.01371,6976,95.65337,7293
2342,SnathanP,1,0.01371,6977,95.66708,7293
2343,soer3n,1,0.01371,6978,95.68079,7293
2344,softwareplumber,1,0.01371,6979,95.69450,7293
2345,SomeAkk,1,0.01371,6980,95.70821,7293
2346,songmeo,1,0.01371,6981,95.72193,7293
2347,songyang133,1,0.01371,6982,95.73564,7293
2348,sonjalim,1,0.01371,6983,95.74935,7293
2349,sooryaveeravalli,1,0.01371,6984,95.76306,7293
2350,SoTrx,1,0.01371,6985,95.77677,7293
2351,sp1rs,1,0.01371,6986,95.79048,7293
2352,spetrovic77,1,0.01371,6987,95.80420,7293
2353,Spitfire1900,1,0.01371,6988,95.81791,7293
2354,sporqist,1,0.01371,6989,95.83162,7293
2355,sravanig448,1,0.01371,6990,95.84533,7293
2356,sree792,1,0.01371,6991,95.85904,7293
2357,srikrishnacj,1,0.01371,6992,95.87275,7293
2358,sri-rajar,1,0.01371,6993,95.88647,7293
2359,ssams,1,0.01371,6994,95.90018,7293
2360,sshearn,1,0.01371,6995,95.91389,7293
2361,ssimeth,1,0.01371,6996,95.92760,7293
2362,ssmuthukumaran,1,0.01371,6997,95.94131,7293
2363,sss6672,1,0.01371,6998,95.95503,7293
2364,sssmolarkiewicz,1,0.01371,6999,95.96874,7293
2365,StalinBabuG,1,0.01371,7000,95.98245,7293
2366,Staniel,1,0.01371,7001,95.99616,7293
2367,stephenpmurray,1,0.01371,7002,96.00987,7293
2368,stereoit,1,0.01371,7003,96.02358,7293
2369,stevenpackardblp,1,0.01371,7004,96.03730,7293
2370,sthapa-ping,1,0.01371,7005,96.05101,7293
2371,stillfox-lee,1,0.01371,7006,96.06472,7293
2372,stonigrl,1,0.01371,7007,96.07843,7293
2373,sudoalyona,1,0.01371,7008,96.09214,7293
2374,sujunquan,1,0.01371,7009,96.10585,7293
2375,sumant5476,1,0.01371,7010,96.11957,7293
2376,sumi20rani,1,0.01371,7011,96.13328,7293
2377,superbool,1,0.01371,7012,96.14699,7293
2378,superpraiya,1,0.01371,7013,96.16070,7293
2379,superstarchenxin,1,0.01371,7014,96.17441,7293
2380,suqi,1,0.01371,7015,96.18813,7293
2381,suslmk-lee,1,0.01371,7016,96.20184,7293
2382,svennjegac,1,0.01371,7017,96.21555,7293
2383,svenstucki,1,0.01371,7018,96.22926,7293
2384,swaastick-nestaway,1,0.01371,7019,96.24297,7293
2385,swage6,1,0.01371,7020,96.25668,7293
2386,SwathiKak,1,0.01371,7021,96.27040,7293
2387,Swatinem,1,0.01371,7022,96.28411,7293
2388,syampolsky,1,0.01371,7023,96.29782,7293
2389,Sylvain303,1,0.01371,7024,96.31153,7293
2390,syusuf-r7,1,0.01371,7025,96.32524,7293
2391,szinn,1,0.01371,7026,96.33896,7293
2392,t4t5,1,0.01371,7027,96.35267,7293
2393,takahiko,1,0.01371,7028,96.36638,7293
2394,tangming1996,1,0.01371,7029,96.38009,7293
2395,tanryberdi,1,0.01371,7030,96.39380,7293
2396,TARI0510,1,0.01371,7031,96.40751,7293
2397,tdi,1,0.01371,7032,96.42123,7293
2398,Techcable,1,0.01371,7033,96.43494,7293
2399,terra-nova,1,0.01371,7034,96.44865,7293
2400,terrpan,1,0.01371,7035,96.46236,7293
2401,TestSmell,1,0.01371,7036,96.47607,7293
2402,tHachWorks,1,0.01371,7037,96.48978,7293
2403,thaiwab11,1,0.01371,7038,96.50350,7293
2404,thakerb,1,0.01371,7039,96.51721,7293
2405,thales-gaddini,1,0.01371,7040,96.53092,7293
2406,TheIdhem,1,0.01371,7041,96.54463,7293
2407,theilgaard,1,0.01371,7042,96.55834,7293
2408,thejerrybao,1,0.01371,7043,96.57206,7293
2409,TheMisterEletric,1,0.01371,7044,96.58577,7293
2410,TheoGthr,1,0.01371,7045,96.59948,7293
2411,TheRealDwidwi,1,0.01371,7046,96.61319,7293
2412,thiya13,1,0.01371,7047,96.62690,7293
2413,tiancai110a,1,0.01371,7048,96.64061,7293
2414,TigranKhudav,1,0.01371,7049,96.65433,7293
2415,TimVerbois,1,0.01371,7050,96.66804,7293
2416,Tiremisu,1,0.01371,7051,96.68175,7293
2417,tistergit,1,0.01371,7052,96.69546,7293
2418,tjoudeh,1,0.01371,7053,96.70917,7293
2419,tlehman,1,0.01371,7054,96.72288,7293
2420,tlgimenes,1,0.01371,7055,96.73660,7293
2421,tliechti,1,0.01371,7056,96.75031,7293
2422,tobgen,1,0.01371,7057,96.76402,7293
2423,tombruijn,1,0.01371,7058,96.77773,7293
2424,tomerfriedman,1,0.01371,7059,96.79144,7293
2425,tomfanara,1,0.01371,7060,96.80516,7293
2426,tomisboy,1,0.01371,7061,96.81887,7293
2427,tommyguan,1,0.01371,7062,96.83258,7293
2428,tommysitehost,1,0.01371,7063,96.84629,7293
2429,tomschreck,1,0.01371,7064,96.86000,7293
2430,tomscut,1,0.01371,7065,96.87371,7293
2431,tomthetommy,1,0.01371,7066,96.88743,7293
2432,Tomy2e,1,0.01371,7067,96.90114,7293
2433,ToolKami,1,0.01371,7068,96.91485,7293
2434,torbjoernk,1,0.01371,7069,96.92856,7293
2435,toresenneseth,1,0.01371,7070,96.94227,7293
2436,trickkiste,1,0.01371,7071,96.95599,7293
2437,trudog,1,0.01371,7072,96.96970,7293
2438,tryturned,1,0.01371,7073,96.98341,7293
2439,tshcherban,1,0.01371,7074,96.99712,7293
2440,tstivers1990,1,0.01371,7075,97.01083,7293
2441,tungol,1,0.01371,7076,97.02454,7293
2442,tushar-sg,1,0.01371,7077,97.03826,7293
2443,twojenski,1,0.01371,7078,97.05197,7293
2444,TyBarthel,1,0.01371,7079,97.06568,7293
2445,tyler-harpool,1,0.01371,7080,97.07939,7293
2446,Tyrap,1,0.01371,7081,97.09310,7293
2447,udayangak,1,0.01371,7082,97.10681,7293
2448,umeshsoni2,1,0.01371,7083,97.12053,7293
2449,unamashana,1,0.01371,7084,97.13424,7293
2450,v0lkan,1,0.01371,7085,97.14795,7293
2451,VadimLagun,1,0.01371,7086,97.16166,7293
2452,vampire-yuta,1,0.01371,7087,97.17537,7293
2453,vamshiThatikonda,1,0.01371,7088,97.18909,7293
2454,Vanderscycle,1,0.01371,7089,97.20280,7293
2455,vandhanaelango,1,0.01371,7090,97.21651,7293
2456,VaneBoy,1,0.01371,7091,97.23022,7293
2457,VanTigranyan,1,0.01371,7092,97.24393,7293
2458,vashibhavin,1,0.01371,7093,97.25764,7293
2459,vasilevp,1,0.01371,7094,97.27136,7293
2460,vasquez-csdisco,1,0.01371,7095,97.28507,7293
2461,v-ctiutiu,1,0.01371,7096,97.29878,7293
2462,vdev001,1,0.01371,7097,97.31249,7293
2463,vennilaa,1,0.01371,7098,97.32620,7293
2464,venudevops1458,1,0.01371,7099,97.33991,7293
2465,vera409,1,0.01371,7100,97.35363,7293
2466,vewe-richard,1,0.01371,7101,97.36734,7293
2467,vgauzzi,1,0.01371,7102,97.38105,7293
2468,vijaya-lakshmi-venkatraman,1,0.01371,7103,97.39476,7293
2469,vikasedu10,1,0.01371,7104,97.40847,7293
2470,vikstrous2,1,0.01371,7105,97.42219,7293
2471,ViktorBarzin,1,0.01371,7106,97.43590,7293
2472,vineetsharma883,1,0.01371,7107,97.44961,7293
2473,vinibali,1,0.01371,7108,97.46332,7293
2474,vipulw2011,1,0.01371,7109,97.47703,7293
2475,vishalpant,1,0.01371,7110,97.49074,7293
2476,Vishal-thakur-01,1,0.01371,7111,97.50446,7293
2477,vishwa-trulioo,1,0.01371,7112,97.51817,7293
2478,vivekthakur-ai,1,0.01371,7113,97.53188,7293
2479,Vloupmon,1,0.01371,7114,97.54559,7293
2480,VltraHeaven,1,0.01371,7115,97.55930,7293
2481,vn516yc,1,0.01371,7116,97.57302,7293
2482,v-psunkara,1,0.01371,7117,97.58673,7293
2483,vraghun,1,0.01371,7118,97.60044,7293
2484,vrozov,1,0.01371,7119,97.61415,7293
2485,Vrx555,1,0.01371,7120,97.62786,7293
2486,vsaisujeeth,1,0.01371,7121,97.64157,7293
2487,VuiDJi,1,0.01371,7122,97.65529,7293
2488,walsha2,1,0.01371,7123,97.66900,7293
2489,wandersonwhcr,1,0.01371,7124,97.68271,7293
2490,wanggaolin,1,0.01371,7125,97.69642,7293
2491,wangjc0216,1,0.01371,7126,97.71013,7293
2492,wangyalong,1,0.01371,7127,97.72384,7293
2493,waterfeeds,1,0.01371,7128,97.73756,7293
2494,waxmoth,1,0.01371,7129,97.75127,7293
2495,wbtyler,1,0.01371,7130,97.76498,7293
2496,WeilunZ,1,0.01371,7131,97.77869,7293
2497,wenbya,1,0.01371,7132,97.79240,7293
2498,whibin,1,0.01371,7133,97.80612,7293
2499,whughchen,1,0.01371,7134,97.81983,7293
2500,williamchitto,1,0.01371,7135,97.83354,7293
2501,Willmish,1,0.01371,7136,97.84725,7293
2502,wimoy,1,0.01371,7137,97.86096,7293
2503,winniegakuru,1,0.01371,7138,97.87467,7293
2504,WirelessSecurityLab,1,0.01371,7139,97.88839,7293
2505,wizard-31,1,0.01371,7140,97.90210,7293
2506,wjur,1,0.01371,7141,97.91581,7293
2507,wKich,1,0.01371,7142,97.92952,7293
2508,wmwsagara,1,0.01371,7143,97.94323,7293
2509,worzeel,1,0.01371,7144,97.95695,7293
2510,Writetoprabhat,1,0.01371,7145,97.97066,7293
2511,wrossmorrow,1,0.01371,7146,97.98437,7293
2512,wsbrenk,1,0.01371,7147,97.99808,7293
2513,wucongquan,1,0.01371,7148,98.01179,7293
2514,Wulf,1,0.01371,7149,98.02550,7293
2515,wuranxu,1,0.01371,7150,98.03922,7293
2516,wwalters12,1,0.01371,7151,98.05293,7293
2517,wyttime04,1,0.01371,7152,98.06664,7293
2518,xbulat,1,0.01371,7153,98.08035,7293
2519,xdavidwu,1,0.01371,7154,98.09406,7293
2520,xeals,1,0.01371,7155,98.10777,7293
2521,XHao,1,0.01371,7156,98.12149,7293
2522,xifour,1,0.01371,7157,98.13520,7293
2523,Xing-zx,1,0.01371,7158,98.14891,7293
2524,xinhuang327,1,0.01371,7159,98.16262,7293
2525,XiyouNiGo,1,0.01371,7160,98.17633,7293
2526,xmac1,1,0.01371,7161,98.19005,7293
2527,xparbha,1,0.01371,7162,98.20376,7293
2528,xtecox,1,0.01371,7163,98.21747,7293
2529,xuanhai266,1,0.01371,7164,98.23118,7293
2530,xulfiqar1,1,0.01371,7165,98.24489,7293
2531,xxzk,1,0.01371,7166,98.25860,7293
2532,y455in,1,0.01371,7167,98.27232,7293
2533,yanggangtony,1,0.01371,7168,98.28603,7293
2534,yangjianfeng1208,1,0.01371,7169,98.29974,7293
2535,yanksyoon,1,0.01371,7170,98.31345,7293
2536,yash1539,1,0.01371,7171,98.32716,7293
2537,ydinari,1,0.01371,7172,98.34087,7293
2538,ydomenjoud,1,0.01371,7173,98.35459,7293
2539,yegorka6,1,0.01371,7174,98.36830,7293
2540,YitongSun,1,0.01371,7175,98.38201,7293
2541,YJesus,1,0.01371,7176,98.39572,7293
2542,ym1085,1,0.01371,7177,98.40943,7293
2543,yolave,1,0.01371,7178,98.42315,7293
2544,yong-cha,1,0.01371,7179,98.43686,7293
2545,yordan-olave-mck,1,0.01371,7180,98.45057,7293
2546,yqhok1,1,0.01371,7181,98.46428,7293
2547,yuanyueping,1,0.01371,7182,98.47799,7293
2548,yuchen0cc,1,0.01371,7183,98.49170,7293
2549,yuval-illumex,1,0.01371,7184,98.50542,7293
2550,yuzs2,1,0.01371,7185,98.51913,7293
2551,ywwg,1,0.01371,7186,98.53284,7293
2552,yyefet-chtr,1,0.01371,7187,98.54655,7293
2553,yyvess,1,0.01371,7188,98.56026,7293
2554,zaal-io,1,0.01371,7189,98.57398,7293
2555,zabealbe,1,0.01371,7190,98.58769,7293
2556,zackriso,1,0.01371,7191,98.60140,7293
2557,zartc,1,0.01371,7192,98.61511,7293
2558,zaza,1,0.01371,7193,98.62882,7293
2559,zcz-1020,1,0.01371,7194,98.64253,7293
2560,Zeinab-Mamdouh,1,0.01371,7195,98.65625,7293
2561,zelha,1,0.01371,7196,98.66996,7293
2562,zenbo22,1,0.01371,7197,98.68367,7293
2563,zeng8750,1,0.01371,7198,98.69738,7293
2564,zevsap,1,0.01371,7199,98.71109,7293
2565,zhammi,1,0.01371,7200,98.72480,7293
2566,zhangchuanben,1,0.01371,7201,98.73852,7293
2567,zhangcongjiang,1,0.01371,7202,98.75223,7293
2568,zhang-sec,1,0.01371,7203,98.76594,7293
2569,ZhangSetSail,1,0.01371,7204,98.77965,7293
2570,zhaomuzhi,1,0.01371,7205,98.79336,7293
2571,zhengya-wu,1,0.01371,7206,98.80708,7293
2572,zhifanggao,1,0.01371,7207,98.82079,7293
2573,zhihuiw328,1,0.01371,7208,98.83450,7293
2574,zhouwencn,1,0.01371,7209,98.84821,7293
2575,zigsphere,1,0.01371,7210,98.86192,7293
2576,zjm232,1,0.01371,7211,98.87563,7293
2577,zmjolk,1,0.01371,7212,98.88935,7293
2578,ZoeLeee,1,0.01371,7213,98.90306,7293
2579,zoomingrocket,1,0.01371,7214,98.91677,7293
2580,zqumei0,1,0.01371,7215,98.93048,7293
2581,Zruto,1,0.01371,7216,98.94419,7293
2582,zul-m,1,0.01371,7217,98.95790,7293
2583,zweihan,1,0.01371,7218,98.97162,7293
2584,zxcasdqw,1,0.01371,7219,98.98533,7293
2585,zxcian,1,0.01371,7220,98.99904,7293
2586,zybiko89,1,0.01371,7221,99.01275,7293
2587,zzfpython,1,0.01371,7222,99.02646,7293
