rank_number,actor,contributions,percent,cumulative_sum,cumulative_percent,all_contributions
1,mattklein123,47761,0.89612,47761,0.89612,5329733
2,liggitt,46222,0.86725,93983,1.76337,5329733
3,brian-brazil,35388,0.66397,129371,2.42734,5329733
4,thockin,31160,0.58464,160531,3.01199,5329733
5,wojtek-t,30389,0.57018,190920,3.58217,5329733
6,BenTheElder,29454,0.55264,220374,4.13480,5329733
7,xiang90,24585,0.46128,244959,4.59608,5329733
8,lavalamp,23752,0.44565,268711,5.04173,5329733
9,bgrant0607,23702,0.44471,292413,5.48645,5329733
10,smarterclayton,23647,0.44368,316060,5.93013,5329733
11,dims,22325,0.41888,338385,6.34900,5329733
12,justinsb,21159,0.39700,359544,6.74600,5329733
13,neolit123,20784,0.38996,380328,7.13597,5329733
14,htuch,20654,0.38752,400982,7.52349,5329733
15,aledbf,20293,0.38075,421275,7.90424,5329733
16,jtattermusch,19822,0.37191,441097,8.27616,5329733
17,sttts,19264,0.36144,460361,8.63760,5329733
18,msau42,18832,0.35334,479193,8.99094,5329733
19,yurishkuro,18139,0.34034,497332,9.33127,5329733
20,deads2k,17458,0.32756,514790,9.65883,5329733
21,Random-Liu,17072,0.32032,531862,9.97915,5329733
22,scholzj,16836,0.31589,548698,10.29504,5329733
23,miekg,16783,0.31489,565481,10.60993,5329733
24,fejta,16704,0.31341,582185,10.92334,5329733
25,krzyzacy,16656,0.31251,598841,11.23585,5329733
26,ixdy,16203,0.30401,615044,11.53987,5329733
27,mikedanese,16135,0.30274,631179,11.84260,5329733
28,gyuho,16055,0.30123,647234,12.14384,5329733
29,ejona86,15893,0.29820,663127,12.44203,5329733
30,brendandburns,15271,0.28652,678398,12.72856,5329733
31,spiffxp,14269,0.26772,692667,12.99628,5329733
32,yujuhong,14123,0.26499,706790,13.26126,5329733
33,luxas,14090,0.26437,720880,13.52563,5329733
34,caesarxuchao,13964,0.26200,734844,13.78763,5329733
35,juliusv,13909,0.26097,748753,14.04860,5329733
36,travisn,13718,0.25739,762471,14.30599,5329733
37,rmohr,13571,0.25463,776042,14.56062,5329733
38,bacongobbler,13389,0.25121,789431,14.81183,5329733
39,bwplotka,13171,0.24712,802602,15.05895,5329733
40,alexec,13070,0.24523,815672,15.30418,5329733
41,bogdandrutu,13020,0.24429,828692,15.54847,5329733
42,kozlovic,12655,0.23744,841347,15.78591,5329733
43,tengqm,12641,0.23718,853988,16.02309,5329733
44,repeatedly,12636,0.23709,866624,16.26018,5329733
45,vincepri,12528,0.23506,879152,16.49524,5329733
46,beorn7,12415,0.23294,891567,16.72817,5329733
47,ncdc,12181,0.22855,903748,16.95672,5329733
48,kargakis,12033,0.22577,915781,17.18249,5329733
49,chrislovecnm,11994,0.22504,927775,17.40753,5329733
50,sftim,11973,0.22465,939748,17.63218,5329733
51,saschagrunert,11890,0.22309,951638,17.85527,5329733
52,pmorie,11816,0.22170,963454,18.07697,5329733
53,justaugustus,11748,0.22042,975202,18.29739,5329733
54,derekwaynecarr,11657,0.21872,986859,18.51611,5329733
55,camilamacedo86,11640,0.21840,998499,18.73450,5329733
56,pwittrock,11482,0.21543,1009981,18.94994,5329733
57,feiskyer,11397,0.21384,1021378,19.16377,5329733
58,tstromberg,11367,0.21328,1032745,19.37705,5329733
59,cblecker,11328,0.21254,1044073,19.58959,5329733
60,reasonerjt,11311,0.21222,1055384,19.80182,5329733
61,fabxc,11265,0.21136,1066649,20.01318,5329733
62,nikhita,10760,0.20189,1077409,20.21507,5329733
63,edsiper,10636,0.19956,1088045,20.41462,5329733
64,BusyJay,10545,0.19785,1098590,20.61248,5329733
65,alexmt,10412,0.19536,1109002,20.80783,5329733
66,gmarek,10374,0.19464,1119376,21.00248,5329733
67,vishh,10349,0.19417,1129725,21.19665,5329733
68,siddontang,10241,0.19215,1139966,21.38880,5329733
69,olix0r,10085,0.18922,1150051,21.57802,5329733
70,detiber,9956,0.18680,1160007,21.76482,5329733
71,k82cn,9880,0.18538,1169887,21.95020,5329733
72,ctiller,9710,0.18219,1179597,22.13238,5329733
73,davidopp,9607,0.18025,1189204,22.31264,5329733
74,kmova,9607,0.18025,1198811,22.49289,5329733
75,andyzhangx,9551,0.17920,1208362,22.67209,5329733
76,SuperQ,9550,0.17918,1217912,22.85128,5329733
77,jsafrane,9538,0.17896,1227450,23.03023,5329733
78,bprashanth,9505,0.17834,1236955,23.20857,5329733
79,saad-ali,9500,0.17825,1246455,23.38682,5329733
80,yasker,9489,0.17804,1255944,23.56486,5329733
81,leebyron,9456,0.17742,1265400,23.74228,5329733
82,heyitsanthony,9449,0.17729,1274849,23.91957,5329733
83,timothysc,9430,0.17693,1284279,24.09650,5329733
84,stevekuznetsov,9408,0.17652,1293687,24.27302,5329733
85,adleong,9297,0.17444,1302984,24.44745,5329733
86,unguiculus,9247,0.17350,1312231,24.62095,5329733
87,ksatchit,9181,0.17226,1321412,24.79321,5329733
88,dchen1107,9075,0.17027,1330487,24.96348,5329733
89,spxtr,8885,0.16671,1339372,25.13019,5329733
90,DirectXMan12,8803,0.16517,1348175,25.29536,5329733
91,roberthbailey,8744,0.16406,1356919,25.45942,5329733
92,murgatroid99,8697,0.16318,1365616,25.62260,5329733
93,jpkrohling,8554,0.16050,1374170,25.78309,5329733
94,sougou,8531,0.16006,1382701,25.94316,5329733
95,mrunalp,8512,0.15971,1391213,26.10286,5329733
96,derekcollison,8497,0.15943,1399710,26.26229,5329733
97,nikhiljindal,8431,0.15819,1408141,26.42048,5329733
98,crosbymichael,8429,0.15815,1416570,26.57863,5329733
99,pavolloffay,8393,0.15748,1424963,26.73610,5329733
100,apelisse,8283,0.15541,1433246,26.89152,5329733
101,lizan,8245,0.15470,1441491,27.04621,5329733
102,mwielgus,8216,0.15415,1449707,27.20037,5329733
103,medyagh,8152,0.15295,1457859,27.35332,5329733
104,breeswish,8140,0.15273,1465999,27.50605,5329733
105,zmerlynn,8072,0.15145,1474071,27.65750,5329733
106,ppatierno,8016,0.15040,1482087,27.80790,5329733
107,poiana,7981,0.14974,1490068,27.95765,5329733
108,tsandall,7790,0.14616,1497858,28.10381,5329733
109,erictune,7777,0.14592,1505635,28.24973,5329733
110,andrewsykim,7765,0.14569,1513400,28.39542,5329733
111,ywk253100,7749,0.14539,1521149,28.54081,5329733
112,chenopis,7688,0.14425,1528837,28.68506,5329733
113,markdroth,7657,0.14367,1536494,28.82872,5329733
114,piosz,7622,0.14301,1544116,28.97173,5329733
115,fabriziopandini,7616,0.14290,1551732,29.11463,5329733
116,kapilt,7592,0.14245,1559324,29.25708,5329733
117,technosophos,7589,0.14239,1566913,29.39947,5329733
118,carl-mastrangelo,7570,0.14203,1574483,29.54150,5329733
119,janetkuo,7395,0.13875,1581878,29.68025,5329733
120,vjpai,7362,0.13813,1589240,29.81838,5329733
121,tombentley,7178,0.13468,1596418,29.95306,5329733
122,maciaszczykm,7168,0.13449,1603586,30.08755,5329733
123,shyamjvs,7152,0.13419,1610738,30.22174,5329733
124,duglin,7106,0.13333,1617844,30.35507,5329733
125,tedyu,7096,0.13314,1624940,30.48821,5329733
126,jessesuen,7012,0.13156,1631952,30.61977,5329733
127,haircommander,6968,0.13074,1638920,30.75051,5329733
128,bowei,6918,0.12980,1645838,30.88031,5329733
129,aojea,6865,0.12881,1652703,31.00911,5329733
130,grobie,6841,0.12836,1659544,31.13747,5329733
131,soltysh,6806,0.12770,1666350,31.26517,5329733
132,leseb,6788,0.12736,1673138,31.39253,5329733
133,brancz,6763,0.12689,1679901,31.51942,5329733
134,xiangpengzhao,6736,0.12639,1686637,31.64581,5329733
135,nicolasnoble,6714,0.12597,1693351,31.77178,5329733
136,jonboulle,6680,0.12533,1700031,31.89711,5329733
137,bryk,6675,0.12524,1706706,32.02235,5329733
138,floreks,6622,0.12425,1713328,32.14660,5329733
139,estroz,6603,0.12389,1719931,32.27049,5329733
140,negz,6588,0.12361,1726519,32.39410,5329733
141,cjwagner,6560,0.12308,1733079,32.51718,5329733
142,ericchiang,6558,0.12305,1739637,32.64023,5329733
143,mattfarina,6425,0.12055,1746062,32.76078,5329733
144,tigrannajaryan,6417,0.12040,1752479,32.88118,5329733
145,rhatdan,6402,0.12012,1758881,33.00130,5329733
146,MrHohn,6372,0.11956,1765253,33.12085,5329733
147,alyssawilk,6326,0.11869,1771579,33.23955,5329733
148,krasi-georgiev,6227,0.11684,1777806,33.35638,5329733
149,steven-zou,6183,0.11601,1783989,33.47239,5329733
150,jbw976,6181,0.11597,1790170,33.58836,5329733
151,runcom,6151,0.11541,1796321,33.70377,5329733
152,hiddeco,6072,0.11393,1802393,33.81770,5329733
153,davecheney,6000,0.11258,1808393,33.93027,5329733
154,eparis,5970,0.11201,1814363,34.04229,5329733
155,monopole,5945,0.11154,1820308,34.15383,5329733
156,wy65701436,5913,0.11094,1826221,34.26477,5329733
157,squaremo,5883,0.11038,1832104,34.37516,5329733
158,simonpasquier,5873,0.11019,1837977,34.48535,5329733
159,zacharysarah,5835,0.10948,1843812,34.59483,5329733
160,stefanprodan,5810,0.10901,1849622,34.70384,5329733
161,jmarantz,5800,0.10882,1855422,34.81266,5329733
162,fabiand,5761,0.10809,1861183,34.92075,5329733
163,gnufied,5722,0.10736,1866905,35.02811,5329733
164,pracucci,5660,0.10620,1872565,35.13431,5329733
165,ecordell,5620,0.10545,1878185,35.23976,5329733
166,AmitKumarDas,5566,0.10443,1883751,35.34419,5329733
167,chrisohaver,5559,0.10430,1889310,35.44849,5329733
168,dfawley,5536,0.10387,1894846,35.55236,5329733
169,enisoc,5520,0.10357,1900366,35.65593,5329733
170,phoracek,5494,0.10308,1905860,35.75901,5329733
171,SergeyKanzhelev,5473,0.10269,1911333,35.86170,5329733
172,ahmetb,5472,0.10267,1916805,35.96437,5329733
173,tomwilkie,5454,0.10233,1922259,36.06670,5329733
174,m1093782566,5432,0.10192,1927691,36.16862,5329733
175,chuckha,5405,0.10141,1933096,36.27003,5329733
176,johannes-b,5404,0.10139,1938500,36.37143,5329733
177,carolynvs,5376,0.10087,1943876,36.47230,5329733
178,joelanford,5355,0.10047,1949231,36.57277,5329733
179,Huang-Wei,5337,0.10014,1954568,36.67291,5329733
180,aricart,5329,0.09999,1959897,36.77289,5329733
181,roidelapluie,5324,0.09989,1965221,36.87279,5329733
182,pohly,5316,0.09974,1970537,36.97253,5329733
183,mtaufen,5293,0.09931,1975830,37.07184,5329733
184,awels,5266,0.09880,1981096,37.17064,5329733
185,stanley-cheung,5244,0.09839,1986340,37.26903,5329733
186,mbohlool,5231,0.09815,1991571,37.36718,5329733
187,dapengzhang0,5211,0.09777,1996782,37.46495,5329733
188,hasheddan,5211,0.09777,2001993,37.56273,5329733
189,vishnuitta,5163,0.09687,2007156,37.65960,5329733
190,wongma7,5148,0.09659,2012304,37.75619,5329733
191,yue9944882,5097,0.09563,2017401,37.85182,5329733
192,dgquintas,5093,0.09556,2022494,37.94738,5329733
193,kbhawkey,5074,0.09520,2027568,38.04258,5329733
194,dashpole,5066,0.09505,2032634,38.13763,5329733
195,menghanl,5056,0.09486,2037690,38.23250,5329733
196,davidz627,5031,0.09439,2042721,38.32689,5329733
197,marun,5023,0.09424,2047744,38.42114,5329733
198,hzxuzhonghu,5016,0.09411,2052760,38.51525,5329733
199,jingxu97,5015,0.09409,2057775,38.60934,5329733
200,steveperry-53,5013,0.09406,2062788,38.70340,5329733
201,yifan-gu,5007,0.09394,2067795,38.79735,5329733
202,tallclair,5000,0.09381,2072795,38.89116,5329733
203,maelk,4998,0.09378,2077793,38.98494,5329733
204,apolcyn,4993,0.09368,2082786,39.07862,5329733
205,bboreham,4992,0.09366,2087778,39.17228,5329733
206,alainjobart,4991,0.09364,2092769,39.26593,5329733
207,iaguis,4933,0.09256,2097702,39.35848,5329733
208,edwarnicke,4921,0.09233,2102623,39.45081,5329733
209,zhangjinpeng1987,4914,0.09220,2107537,39.54301,5329733
210,overvenus,4884,0.09164,2112421,39.63465,5329733
211,cpanato,4883,0.09162,2117304,39.72627,5329733
212,mumoshu,4834,0.09070,2122138,39.81697,5329733
213,hawkw,4781,0.08970,2126919,39.90667,5329733
214,dlorenc,4779,0.08967,2131698,39.99634,5329733
215,azdagron,4723,0.08862,2136421,40.08495,5329733
216,Rugvip,4722,0.08860,2141143,40.17355,5329733
217,jayunit100,4698,0.08815,2145841,40.26170,5329733
218,xing-yang,4666,0.08755,2150507,40.34924,5329733
219,yichengq,4666,0.08755,2155173,40.43679,5329733
220,agrimmer,4661,0.08745,2159834,40.52424,5329733
221,ahg-g,4643,0.08712,2164477,40.61136,5329733
222,wallyqs,4643,0.08712,2169120,40.69847,5329733
223,resouer,4611,0.08651,2173731,40.78499,5329733
224,afbjorklund,4595,0.08621,2178326,40.87120,5329733
225,mrbobbytables,4586,0.08605,2182912,40.95725,5329733
226,alculquicondor,4581,0.08595,2187493,41.04320,5329733
227,siggy,4504,0.08451,2191997,41.12771,5329733
228,davidvossel,4493,0.08430,2196490,41.21201,5329733
229,mengqiy,4475,0.08396,2200965,41.29597,5329733
230,nathanielmanistaatgoogle,4439,0.08329,2205404,41.37926,5329733
231,alban,4411,0.08276,2209815,41.46202,5329733
232,jkwatson,4403,0.08261,2214218,41.54463,5329733
233,bsalamat,4393,0.08242,2218611,41.62706,5329733
234,MHBauer,4365,0.08190,2222976,41.70896,5329733
235,rootfs,4351,0.08164,2227327,41.79059,5329733
236,grampelberg,4293,0.08055,2231620,41.87114,5329733
237,mattymo,4276,0.08023,2235896,41.95137,5329733
238,jpeach,4266,0.08004,2240162,42.03141,5329733
239,IvanGoncharov,4245,0.07965,2244407,42.11106,5329733
240,trask,4176,0.07835,2248583,42.18941,5329733
241,rmmh,4143,0.07773,2252726,42.26715,5329733
242,prateekpandey14,4136,0.07760,2256862,42.34475,5329733
243,PiotrSikora,4132,0.07753,2260994,42.42228,5329733
244,madhusudancs,4114,0.07719,2265108,42.49946,5329733
245,gyliu513,4106,0.07704,2269214,42.57650,5329733
246,hakman,4105,0.07702,2273319,42.65353,5329733
247,dmcgowan,4083,0.07661,2277402,42.73013,5329733
248,bacherfl,4066,0.07629,2281468,42.80642,5329733
249,ColinSullivan1,4045,0.07589,2285513,42.88232,5329733
250,prydonius,4036,0.07573,2289549,42.95804,5329733
251,MikeSpreitzer,4031,0.07563,2293580,43.03368,5329733
252,lukpueh,4028,0.07558,2297608,43.10925,5329733
253,alpeb,4014,0.07531,2301622,43.18456,5329733
254,simster7,4014,0.07531,2305636,43.25988,5329733
255,stuartnelson3,4006,0.07516,2309642,43.33504,5329733
256,jlowdermilk,4003,0.07511,2313645,43.41015,5329733
257,AndreMouche,3997,0.07499,2317642,43.48514,5329733
258,kensipe,3977,0.07462,2321619,43.55976,5329733
259,zhangkun83,3948,0.07408,2325567,43.63384,5329733
260,rifelpet,3946,0.07404,2329513,43.70787,5329733
261,Oberon00,3922,0.07359,2333435,43.78146,5329733
262,lukaszgryglicki,3917,0.07349,2337352,43.85495,5329733
263,freehan,3906,0.07329,2341258,43.92824,5329733
264,tagomoris,3886,0.07291,2345144,44.00115,5329733
265,nickolaev,3875,0.07271,2349019,44.07386,5329733
266,dixudx,3866,0.07254,2352885,44.14640,5329733
267,dyladan,3864,0.07250,2356749,44.21889,5329733
268,jmacd,3842,0.07209,2360591,44.29098,5329733
269,anuraaga,3837,0.07199,2364428,44.36297,5329733
270,davidkarlsen,3827,0.07180,2368255,44.43478,5329733
271,AkihiroSuda,3813,0.07154,2372068,44.50632,5329733
272,timstclair,3803,0.07135,2375871,44.57767,5329733
273,jpbetz,3802,0.07134,2379673,44.64901,5329733
274,SataQiu,3799,0.07128,2383472,44.72029,5329733
275,yang-g,3781,0.07094,2387253,44.79123,5329733
276,hicqu,3780,0.07092,2391033,44.86215,5329733
277,objectiser,3761,0.07057,2394794,44.93272,5329733
278,chancez,3758,0.07051,2398552,45.00323,5329733
279,alvaroaleman,3753,0.07042,2402305,45.07365,5329733
280,cynepco3hahue,3749,0.07034,2406054,45.14399,5329733
281,CecileRobertMichon,3747,0.07030,2409801,45.21429,5329733
282,jeffvance,3729,0.06997,2413530,45.28426,5329733
283,mayurkale22,3729,0.06997,2417259,45.35422,5329733
284,r2d4,3723,0.06985,2420982,45.42408,5329733
285,freben,3716,0.06972,2424698,45.49380,5329733
286,xichengliudui,3711,0.06963,2428409,45.56343,5329733
287,mikebrow,3661,0.06869,2432070,45.63212,5329733
288,carlosalberto,3658,0.06863,2435728,45.70075,5329733
289,oomichi,3655,0.06858,2439383,45.76933,5329733
290,tanjunchen,3642,0.06833,2443025,45.83766,5329733
291,stevvooe,3602,0.06758,2446627,45.90525,5329733
292,gouthamve,3600,0.06755,2450227,45.97279,5329733
293,MaciekPytel,3596,0.06747,2453823,46.04026,5329733
294,estesp,3563,0.06685,2457386,46.10711,5329733
295,roycaihw,3558,0.06676,2460944,46.17387,5329733
296,yashykt,3557,0.06674,2464501,46.24061,5329733
297,dcbw,3544,0.06649,2468045,46.30710,5329733
298,krzysied,3533,0.06629,2471578,46.37339,5329733
299,krousey,3529,0.06621,2475107,46.43961,5329733
300,alenkacz,3509,0.06584,2478616,46.50544,5329733
301,randomvariable,3509,0.06584,2482125,46.57128,5329733
302,JamesNK,3503,0.06573,2485628,46.63701,5329733
303,johnbelamaric,3501,0.06569,2489129,46.70270,5329733
304,lidizheng,3478,0.06526,2492607,46.76795,5329733
305,philips,3462,0.06496,2496069,46.83291,5329733
306,cyli,3451,0.06475,2499520,46.89766,5329733
307,ingvagabund,3438,0.06451,2502958,46.96216,5329733
308,hickeyma,3415,0.06407,2506373,47.02624,5329733
309,lucperkins,3405,0.06389,2509778,47.09013,5329733
310,wincent,3405,0.06389,2513183,47.15401,5329733
311,mm4tt,3404,0.06387,2516587,47.21788,5329733
312,tomkerkhove,3398,0.06376,2519985,47.28164,5329733
313,klingerf,3373,0.06329,2523358,47.34492,5329733
314,muxi,3372,0.06327,2526730,47.40819,5329733
315,christian-kreuzberger-dtx,3370,0.06323,2530100,47.47142,5329733
316,stevesloka,3348,0.06282,2533448,47.53424,5329733
317,Liujingfang1,3345,0.06276,2536793,47.59700,5329733
318,codesome,3343,0.06272,2540136,47.65972,5329733
319,jakubdyszkiewicz,3339,0.06265,2543475,47.72237,5329733
320,a-robinson,3312,0.06214,2546787,47.78451,5329733
321,foxish,3303,0.06197,2550090,47.84649,5329733
322,humblec,3276,0.06147,2553366,47.90795,5329733
323,Bplotka,3272,0.06139,2556638,47.96934,5329733
324,idvoretskyi,3242,0.06083,2559880,48.03017,5329733
325,endophage,3237,0.06073,2563117,48.09091,5329733
326,jichenjc,3192,0.05989,2566309,48.15080,5329733
327,ihmccreery,3190,0.05985,2569499,48.21065,5329733
328,carrodher,3179,0.05965,2572678,48.27030,5329733
329,iamqizhao,3171,0.05950,2575849,48.32979,5329733
330,leodido,3171,0.05950,2579020,48.38929,5329733
331,vmarmol,3168,0.05944,2582188,48.44873,5329733
332,dankohn,3154,0.05918,2585342,48.50791,5329733
333,junr03,3153,0.05916,2588495,48.56707,5329733
334,discordianfish,3149,0.05908,2591644,48.62615,5329733
335,bensigelman,3147,0.05905,2594791,48.68520,5329733
336,denis-tingajkin,3131,0.05875,2597922,48.74394,5329733
337,leakingtapan,3123,0.05860,2601045,48.80254,5329733
338,satnam6502,3122,0.05858,2604167,48.86112,5329733
339,cofyc,3121,0.05856,2607288,48.91967,5329733
340,reyang,3092,0.05801,2610380,48.97769,5329733
341,yastij,3084,0.05786,2613464,49.03555,5329733
342,hongchaodeng,3080,0.05779,2616544,49.09334,5329733
343,ekcasey,3073,0.05766,2619617,49.15100,5329733
344,irfanurrehman,3061,0.05743,2622678,49.20843,5329733
345,ncteisen,3050,0.05723,2625728,49.26566,5329733
346,pstibrany,3048,0.05719,2628776,49.32285,5329733
347,uditgaurav,3042,0.05708,2631818,49.37992,5329733
348,adrianludwin,3031,0.05687,2634849,49.43679,5329733
349,michael-berlin,3016,0.05659,2637865,49.49338,5329733
350,riyazdf,3011,0.05649,2640876,49.54987,5329733
351,pouchrobot,2998,0.05625,2643874,49.60612,5329733
352,tpepper,2994,0.05618,2646868,49.66230,5329733
353,lucab,2980,0.05591,2649848,49.71821,5329733
354,awgreene,2967,0.05567,2652815,49.77388,5329733
355,oshoval,2944,0.05524,2655759,49.82912,5329733
356,mstemm,2943,0.05522,2658702,49.88434,5329733
357,bskiba,2941,0.05518,2661643,49.93952,5329733
358,deepthi,2938,0.05512,2664581,49.99464,5329733
359,njhale,2936,0.05509,2667517,50.04973,5329733
360,andyxning,2935,0.05507,2670452,50.10480,5329733
361,rramkumar1,2931,0.05499,2673383,50.15979,5329733
362,voidzcy,2927,0.05492,2676310,50.21471,5329733
363,iNikem,2905,0.05451,2679215,50.26922,5329733
364,ripienaar,2902,0.05445,2682117,50.32367,5329733
365,robscott,2897,0.05436,2685014,50.37802,5329733
366,cijothomas,2896,0.05434,2687910,50.43236,5329733
367,maxsmythe,2891,0.05424,2690801,50.48660,5329733
368,akutz,2886,0.05415,2693687,50.54075,5329733
369,fisherxu,2886,0.05415,2696573,50.59490,5329733
370,johngmyers,2882,0.05407,2699455,50.64897,5329733
371,lachie83,2877,0.05398,2702332,50.70295,5329733
372,serathius,2866,0.05377,2705198,50.75673,5329733
373,cdrage,2835,0.05319,2708033,50.80992,5329733
374,cheftako,2834,0.05317,2710867,50.86309,5329733
375,MrAlias,2826,0.05302,2713693,50.91612,5329733
376,Hoverbear,2821,0.05293,2716514,50.96904,5329733
377,viglesiasce,2815,0.05282,2719329,51.02186,5329733
378,slintes,2809,0.05270,2722138,51.07457,5329733
379,AdamDang,2807,0.05267,2724945,51.12723,5329733
380,qinqon,2806,0.05265,2727751,51.17988,5329733
381,ihcsim,2795,0.05244,2730546,51.23232,5329733
382,snowp,2795,0.05244,2733341,51.28476,5329733
383,VaibhavPage,2784,0.05224,2736125,51.33700,5329733
384,kyessenov,2781,0.05218,2738906,51.38918,5329733
385,ggreenway,2770,0.05197,2741676,51.44115,5329733
386,s-urbaniak,2767,0.05192,2744443,51.49307,5329733
387,galexrt,2764,0.05186,2747207,51.54493,5329733
388,chandankumar4,2761,0.05180,2749968,51.59673,5329733
389,cmluciano,2746,0.05152,2752714,51.64825,5329733
390,fgrzadkowski,2743,0.05147,2755457,51.69972,5329733
391,shashidharatd,2742,0.05145,2758199,51.75117,5329733
392,naseemkullah,2738,0.05137,2760937,51.80254,5329733
393,vladimir-v-diaz,2736,0.05133,2763673,51.85387,5329733
394,mittachaitu,2733,0.05128,2766406,51.90515,5329733
395,muvaf,2725,0.05113,2769131,51.95628,5329733
396,taylorwaggoner,2725,0.05113,2771856,52.00741,5329733
397,ericgribkoff,2720,0.05103,2774576,52.05844,5329733
398,krancour,2716,0.05096,2777292,52.10940,5329733
399,jromero,2704,0.05073,2779996,52.16014,5329733
400,stanlyDoge,2701,0.05068,2782697,52.21081,5329733
401,kevinrizza,2698,0.05062,2785395,52.26144,5329733
402,vdice,2698,0.05062,2788093,52.31206,5329733
403,kpayson64,2693,0.05053,2790786,52.36259,5329733
404,krnowak,2693,0.05053,2793479,52.41311,5329733
405,disksing,2689,0.05045,2796168,52.46357,5329733
406,Miouge1,2688,0.05043,2798856,52.51400,5329733
407,arschles,2671,0.05012,2801527,52.56412,5329733
408,CaoShuFeng,2660,0.04991,2804187,52.61402,5329733
409,Frawless,2659,0.04989,2806846,52.66391,5329733
410,sids-b,2644,0.04961,2809490,52.71352,5329733
411,jszczepkowski,2635,0.04944,2812125,52.76296,5329733
412,evan2645,2626,0.04927,2814751,52.81223,5329733
413,tariq1890,2616,0.04908,2817367,52.86132,5329733
414,seans3,2615,0.04906,2819982,52.91038,5329733
415,stefanalund,2609,0.04895,2822591,52.95933,5329733
416,zuercher,2609,0.04895,2825200,53.00828,5329733
417,nicksardo,2608,0.04893,2827808,53.05722,5329733
418,errordeveloper,2603,0.04884,2830411,53.10606,5329733
419,yeya24,2603,0.04884,2833014,53.15490,5329733
420,woopstar,2601,0.04880,2835615,53.20370,5329733
421,matthiasr,2587,0.04854,2838202,53.25224,5329733
422,oschaaf,2561,0.04805,2840763,53.30029,5329733
423,jimmidyson,2555,0.04794,2843318,53.34823,5329733
424,haiodo,2546,0.04777,2845864,53.39600,5329733
425,mehrdada,2543,0.04771,2848407,53.44371,5329733
426,dargasudarshan,2538,0.04762,2850945,53.49133,5329733
427,crimsonfaith91,2528,0.04743,2853473,53.53876,5329733
428,inductor,2527,0.04741,2856000,53.58617,5329733
429,hasbro17,2511,0.04711,2858511,53.63329,5329733
430,gnossen,2487,0.04666,2860998,53.67995,5329733
431,mlaventure,2478,0.04649,2863476,53.72644,5329733
432,patrick-east,2478,0.04649,2865954,53.77294,5329733
433,dhellmann,2476,0.04646,2868430,53.81939,5329733
434,dio,2474,0.04642,2870904,53.86581,5329733
435,BlaineEXE,2459,0.04614,2873363,53.91195,5329733
436,scottrigby,2457,0.04610,2875820,53.95805,5329733
437,2opremio,2451,0.04599,2878271,54.00404,5329733
438,zhangxiaoyu-zidif,2444,0.04586,2880715,54.04989,5329733
439,ngaut,2440,0.04578,2883155,54.09567,5329733
440,n3wscott,2432,0.04563,2885587,54.14131,5329733
441,rmars,2423,0.04546,2888010,54.18677,5329733
442,umohnani8,2409,0.04520,2890419,54.23197,5329733
443,kris-nova,2393,0.04490,2892812,54.27687,5329733
444,fanminshi,2391,0.04486,2895203,54.32173,5329733
445,MrMage,2390,0.04484,2897593,54.36657,5329733
446,okkez,2382,0.04469,2899975,54.41126,5329733
447,kfox1111,2380,0.04466,2902355,54.45592,5329733
448,kleimkuhler,2360,0.04428,2904715,54.50020,5329733
449,aveshagarwal,2357,0.04422,2907072,54.54442,5329733
450,fntlnz,2351,0.04411,2909423,54.58853,5329733
451,jbeda,2349,0.04407,2911772,54.63261,5329733
452,mareklibra,2348,0.04405,2914120,54.67666,5329733
453,hug-dev,2346,0.04402,2916466,54.72068,5329733
454,nmittler,2344,0.04398,2918810,54.76466,5329733
455,juan131,2336,0.04383,2921146,54.80849,5329733
456,lukehinds,2336,0.04383,2923482,54.85232,5329733
457,mikesplain,2334,0.04379,2925816,54.89611,5329733
458,pires,2332,0.04375,2928148,54.93986,5329733
459,adamreese,2329,0.04370,2930477,54.98356,5329733
460,sticnarf,2327,0.04366,2932804,55.02722,5329733
461,tiraboschi,2318,0.04349,2935122,55.07071,5329733
462,aleksandra-malinowska,2317,0.04347,2937439,55.11419,5329733
463,porridge,2317,0.04347,2939756,55.15766,5329733
464,ElvinEfendi,2308,0.04330,2942064,55.20096,5329733
465,michelleN,2308,0.04330,2944372,55.24427,5329733
466,danwinship,2303,0.04321,2946675,55.28748,5329733
467,pjanotti,2292,0.04300,2948967,55.33048,5329733
468,mattjmcnaughton,2288,0.04293,2951255,55.37341,5329733
469,draveness,2283,0.04284,2953538,55.41625,5329733
470,dthomson25,2280,0.04278,2955818,55.45903,5329733
471,squeed,2279,0.04276,2958097,55.50179,5329733
472,crassirostris,2271,0.04261,2960368,55.54440,5329733
473,daixiang0,2270,0.04259,2962638,55.58699,5329733
474,droot,2270,0.04259,2964908,55.62958,5329733
475,david-mcmahon,2251,0.04223,2967159,55.67181,5329733
476,thomastaylor312,2244,0.04210,2969403,55.71392,5329733
477,ranjithwingrider,2242,0.04207,2971645,55.75598,5329733
478,Connor1996,2237,0.04197,2973882,55.79795,5329733
479,ark3,2236,0.04195,2976118,55.83991,5329733
480,zaharidichev,2236,0.04195,2978354,55.88186,5329733
481,zouyee,2231,0.04186,2980585,55.92372,5329733
482,erikwilson,2230,0.04184,2982815,55.96556,5329733
483,mitake,2230,0.04184,2985045,56.00740,5329733
484,huachaohuang,2228,0.04180,2987273,56.04921,5329733
485,krmayankk,2228,0.04180,2989501,56.09101,5329733
486,ArtfulCoder,2222,0.04169,2991723,56.13270,5329733
487,alejandrox1,2211,0.04148,2993934,56.17418,5329733
488,linki,2208,0.04143,2996142,56.21561,5329733
489,sonasingh46,2206,0.04139,2998348,56.25700,5329733
490,divyenpatel,2201,0.04130,3000549,56.29830,5329733
491,jcanizales,2191,0.04111,3002740,56.33941,5329733
492,jetzlstorfer,2189,0.04107,3004929,56.38048,5329733
493,cpuguy83,2179,0.04088,3007108,56.42136,5329733
494,corneliusweig,2168,0.04068,3009276,56.46204,5329733
495,caniszczyk,2167,0.04066,3011443,56.50270,5329733
496,ramaraochavali,2165,0.04062,3013608,56.54332,5329733
497,tegioz,2163,0.04058,3015771,56.58390,5329733
498,yskopets,2162,0.04056,3017933,56.62447,5329733
499,listx,2159,0.04051,3020092,56.66498,5329733
500,pjhwa,2157,0.04047,3022249,56.70545,5329733
501,nilebox,2151,0.04036,3024400,56.74581,5329733
502,euank,2150,0.04034,3026550,56.78615,5329733
503,markturansky,2149,0.04032,3028699,56.82647,5329733
504,jennybuckley,2144,0.04023,3030843,56.86669,5329733
505,codeboten,2140,0.04015,3032983,56.90685,5329733
506,zanhsieh,2136,0.04008,3035119,56.94692,5329733
507,jingyih,2126,0.03989,3037245,56.98681,5329733
508,mml,2120,0.03978,3039365,57.02659,5329733
509,cjcullen,2113,0.03965,3041478,57.06624,5329733
510,lowzj,2112,0.03963,3043590,57.10586,5329733
511,johndmulhausen,2103,0.03946,3045693,57.14532,5329733
512,jplevyak,2091,0.03923,3047784,57.18455,5329733
513,zroubalik,2084,0.03910,3049868,57.22365,5329733
514,devin-donnelly,2082,0.03906,3051950,57.26272,5329733
515,c24t,2080,0.03903,3054030,57.30174,5329733
516,slinkydeveloper,2077,0.03897,3056107,57.34071,5329733
517,Katharine,2076,0.03895,3058183,57.37967,5329733
518,cosmo0920,2074,0.03891,3060257,57.41858,5329733
519,black-adder,2068,0.03880,3062325,57.45738,5329733
520,spzala,2052,0.03850,3064377,57.49588,5329733
521,jdef,2033,0.03814,3066410,57.53403,5329733
522,dhiller,2025,0.03799,3068435,57.57202,5329733
523,glbrntt,2022,0.03794,3070457,57.60996,5329733
524,mahebbar,2022,0.03794,3072479,57.64790,5329733
525,ravisantoshgudimetla,2021,0.03792,3074500,57.68582,5329733
526,kevin-wangzefeng,2012,0.03775,3076512,57.72357,5329733
527,zen-dog,2007,0.03766,3078519,57.76122,5329733
528,aaronlevy,2005,0.03762,3080524,57.79884,5329733
529,AspirinSJL,1999,0.03751,3082523,57.83635,5329733
530,ionut-arm,1998,0.03749,3084521,57.87384,5329733
531,youngnick,1989,0.03732,3086510,57.91116,5329733
532,gila,1988,0.03730,3088498,57.94846,5329733
533,ganmacs,1983,0.03721,3090481,57.98566,5329733
534,NickrenREN,1983,0.03721,3092464,58.02287,5329733
535,yiwu-arbug,1981,0.03717,3094445,58.06004,5329733
536,AdoHe,1966,0.03689,3096411,58.09693,5329733
537,ant31,1966,0.03689,3098377,58.13381,5329733
538,mxinden,1966,0.03689,3100343,58.17070,5329733
539,asraa,1964,0.03685,3102307,58.20755,5329733
540,stu-gott,1964,0.03685,3104271,58.24440,5329733
541,sbezverk,1958,0.03674,3106229,58.28114,5329733
542,chalin,1955,0.03668,3108184,58.31782,5329733
543,fujimotos,1953,0.03664,3110137,58.35446,5329733
544,yongtang,1939,0.03638,3112076,58.39084,5329733
545,sharifelgamal,1934,0.03629,3114010,58.42713,5329733
546,losipiuk,1933,0.03627,3115943,58.46340,5329733
547,timflannagan1,1928,0.03617,3117871,58.49957,5329733
548,aaron-prindle,1925,0.03612,3119796,58.53569,5329733
549,girikuncoro,1924,0.03610,3121720,58.57179,5329733
550,nrc,1923,0.03608,3123643,58.60787,5329733
551,zpencer,1923,0.03608,3125566,58.64395,5329733
552,rajdas98,1917,0.03597,3127483,58.67992,5329733
553,olemarkus,1916,0.03595,3129399,58.71587,5329733
554,Bradamant3,1910,0.03584,3131309,58.75170,5329733
555,grodrigues3,1910,0.03584,3133219,58.78754,5329733
556,chenrui333,1905,0.03574,3135124,58.82328,5329733
557,cjyabraham,1900,0.03565,3137024,58.85893,5329733
558,juanvallejo,1896,0.03557,3138920,58.89451,5329733
559,PaulRMellor,1896,0.03557,3140816,58.93008,5329733
560,zhouqiang-cl,1893,0.03552,3142709,58.96560,5329733
561,tsurdilo,1885,0.03537,3144594,59.00097,5329733
562,rthallisey,1876,0.03520,3146470,59.03617,5329733
563,verult,1872,0.03512,3148342,59.07129,5329733
564,Starnop,1869,0.03507,3150211,59.10636,5329733
565,Licenser,1866,0.03501,3152077,59.14137,5329733
566,mkumatag,1864,0.03497,3153941,59.17634,5329733
567,danehans,1861,0.03492,3155802,59.21126,5329733
568,cwen0,1860,0.03490,3157662,59.24616,5329733
569,jdolitsky,1856,0.03482,3159518,59.28098,5329733
570,youjiali1995,1855,0.03480,3161373,59.31579,5329733
571,fedebongio,1851,0.03473,3163224,59.35052,5329733
572,iwilltry42,1851,0.03473,3165075,59.38525,5329733
573,Pothulapati,1851,0.03473,3166926,59.41997,5329733
574,shiywang,1851,0.03473,3168777,59.45470,5329733
575,ninjadq,1843,0.03458,3170620,59.48928,5329733
576,awzhgw,1840,0.03452,3172460,59.52381,5329733
577,mcqueary,1840,0.03452,3174300,59.55833,5329733
578,thaJeztah,1839,0.03450,3176139,59.59284,5329733
579,mhenriks,1838,0.03449,3177977,59.62732,5329733
580,yliaog,1838,0.03449,3179815,59.66181,5329733
581,gochist,1834,0.03441,3181649,59.69622,5329733
582,veblush,1833,0.03439,3183482,59.73061,5329733
583,calebamiles,1831,0.03435,3185313,59.76496,5329733
584,kow3ns,1831,0.03435,3187144,59.79932,5329733
585,isaachier,1829,0.03432,3188973,59.83364,5329733
586,pkliczewski,1828,0.03430,3190801,59.86793,5329733
587,dmesser,1806,0.03389,3192607,59.90182,5329733
588,matthyx,1805,0.03387,3194412,59.93569,5329733
589,oke-py,1798,0.03374,3196210,59.96942,5329733
590,priyawadhwa,1790,0.03359,3198000,60.00301,5329733
591,shuo-wu,1788,0.03355,3199788,60.03655,5329733
592,sanjaypujare,1786,0.03351,3201574,60.07006,5329733
593,php-coder,1784,0.03347,3203358,60.10354,5329733
594,bassam,1782,0.03344,3205140,60.13697,5329733
595,prameshj,1782,0.03344,3206922,60.17041,5329733
596,codenrhoden,1780,0.03340,3208702,60.20380,5329733
597,akhilerm,1771,0.03323,3210473,60.23703,5329733
598,wgliang,1770,0.03321,3212243,60.27024,5329733
599,TravisBuddy,1762,0.03306,3214005,60.30330,5329733
600,sreecha,1752,0.03287,3215757,60.33617,5329733
601,cwdsuzhou,1748,0.03280,3217505,60.36897,5329733
602,jberkus,1740,0.03265,3219245,60.40162,5329733
603,jessfraz,1739,0.03263,3220984,60.43425,5329733
604,LiliC,1732,0.03250,3222716,60.46674,5329733
605,jdumars,1723,0.03233,3224439,60.49907,5329733
606,TomSweeneyRedHat,1722,0.03231,3226161,60.53138,5329733
607,nfnt,1721,0.03229,3227882,60.56367,5329733
608,perotinus,1714,0.03216,3229596,60.59583,5329733
609,nebhale,1709,0.03207,3231305,60.62790,5329733
610,heckj,1705,0.03199,3233010,60.65989,5329733
611,ANeumann82,1704,0.03197,3234714,60.69186,5329733
612,fmuyassarov,1700,0.03190,3236414,60.72375,5329733
613,asiandrummer,1699,0.03188,3238113,60.75563,5329733
614,rawagner,1690,0.03171,3239803,60.78734,5329733
615,floryut,1688,0.03167,3241491,60.81901,5329733
616,utkarshmani1997,1688,0.03167,3243179,60.85068,5329733
617,aravindhp,1684,0.03160,3244863,60.88228,5329733
618,SchSeba,1683,0.03158,3246546,60.91386,5329733
619,jpeeler,1672,0.03137,3248218,60.94523,5329733
620,fbogsany,1669,0.03131,3249887,60.97654,5329733
621,mborsz,1664,0.03122,3251551,61.00777,5329733
622,lobkovilya,1663,0.03120,3253214,61.03897,5329733
623,nsathyaseelan,1663,0.03120,3254877,61.07017,5329733
624,ramineni,1663,0.03120,3256540,61.10137,5329733
625,RichiH,1662,0.03118,3258202,61.13256,5329733
626,ispeakc0de,1661,0.03116,3259863,61.16372,5329733
627,zetaab,1660,0.03115,3261523,61.19487,5329733
628,obecny,1658,0.03111,3263181,61.22598,5329733
629,iranzo,1657,0.03109,3264838,61.25706,5329733
630,fkautz,1653,0.03101,3266491,61.28808,5329733
631,rosti,1653,0.03101,3268144,61.31909,5329733
632,castrojo,1652,0.03100,3269796,61.35009,5329733
633,fabianofranz,1652,0.03100,3271448,61.38109,5329733
634,idealhack,1643,0.03083,3273091,61.41191,5329733
635,RainbowMango,1641,0.03079,3274732,61.44270,5329733
636,mynktl,1639,0.03075,3276371,61.47345,5329733
637,iyangsj,1638,0.03073,3278009,61.50419,5329733
638,MyonKeminta,1636,0.03070,3279645,61.53488,5329733
639,ritazh,1636,0.03070,3281281,61.56558,5329733
640,creamsoup,1634,0.03066,3282915,61.59624,5329733
641,easwars,1634,0.03066,3284549,61.62690,5329733
642,bitsf,1632,0.03062,3286181,61.65752,5329733
643,ashishranjan738,1631,0.03060,3287812,61.68812,5329733
644,stewart-yu,1630,0.03058,3289442,61.71870,5329733
645,tiffon,1630,0.03058,3291072,61.74928,5329733
646,sbueringer,1628,0.03055,3292700,61.77983,5329733
647,heww,1626,0.03051,3294326,61.81034,5329733
648,vladikr,1622,0.03043,3295948,61.84077,5329733
649,vladimirvivien,1622,0.03043,3297570,61.87120,5329733
650,maorfr,1621,0.03041,3299191,61.90162,5329733
651,seanmalloy,1620,0.03040,3300811,61.93201,5329733
652,markthink,1619,0.03038,3302430,61.96239,5329733
653,aramase,1618,0.03036,3304048,61.99275,5329733
654,sarabala1979,1612,0.03025,3305660,62.02299,5329733
655,jimangel,1611,0.03023,3307271,62.05322,5329733
656,toumorokoshi,1611,0.03023,3308882,62.08345,5329733
657,sjenning,1608,0.03017,3310490,62.11362,5329733
658,mgoodness,1606,0.03013,3312096,62.14375,5329733
659,Madhu-1,1605,0.03011,3313701,62.17386,5329733
660,danfengliu,1602,0.03006,3315303,62.20392,5329733
661,SantiagoTorres,1601,0.03004,3316904,62.23396,5329733
662,gcolliso,1592,0.02987,3318496,62.26383,5329733
663,gerred,1587,0.02978,3320083,62.29361,5329733
664,bart0sh,1583,0.02970,3321666,62.32331,5329733
665,allencloud,1580,0.02965,3323246,62.35295,5329733
666,ConnorDoyle,1576,0.02957,3324822,62.38252,5329733
667,jackgr,1573,0.02951,3326395,62.41204,5329733
668,colemickens,1572,0.02949,3327967,62.44153,5329733
669,mortent,1571,0.02948,3329538,62.47101,5329733
670,morgo,1569,0.02944,3331107,62.50045,5329733
671,palnabarun,1568,0.02942,3332675,62.52987,5329733
672,lingxiankong,1566,0.02938,3334241,62.55925,5329733
673,michmike,1566,0.02938,3335807,62.58863,5329733
674,wfernandes,1566,0.02938,3337373,62.61801,5329733
675,jkutner,1565,0.02936,3338938,62.64738,5329733
676,SamiSousa,1560,0.02927,3340498,62.67665,5329733
677,hexfusion,1558,0.02923,3342056,62.70588,5329733
678,suomiy,1557,0.02921,3343613,62.73509,5329733
679,mbforbes,1556,0.02919,3345169,62.76429,5329733
680,taylor,1553,0.02914,3346722,62.79343,5329733
681,leogr,1550,0.02908,3348272,62.82251,5329733
682,cheld,1545,0.02899,3349817,62.85150,5329733
683,GiedriusS,1541,0.02891,3351358,62.88041,5329733
684,stonezdj,1540,0.02889,3352898,62.90931,5329733
685,Adirio,1539,0.02888,3354437,62.93818,5329733
686,lonng,1537,0.02884,3355974,62.96702,5329733
687,marquiz,1537,0.02884,3357511,62.99586,5329733
688,fturib,1529,0.02869,3359040,63.02455,5329733
689,bridgetkromhout,1522,0.02856,3360562,63.05310,5329733
690,seokho-son,1522,0.02856,3362084,63.08166,5329733
691,yguo0905,1520,0.02852,3363604,63.11018,5329733
692,hsaliak,1517,0.02846,3365121,63.13864,5329733
693,benmoss,1516,0.02844,3366637,63.16709,5329733
694,sasbury,1516,0.02844,3368153,63.19553,5329733
695,caseydavenport,1513,0.02839,3369666,63.22392,5329733
696,ibuildthecloud,1512,0.02837,3371178,63.25229,5329733
697,rikatz,1512,0.02837,3372690,63.28066,5329733
698,lzchen,1510,0.02833,3374200,63.30899,5329733
699,zjj2wry,1508,0.02829,3375708,63.33728,5329733
700,pipejakob,1502,0.02818,3377210,63.36546,5329733
701,giuseppe,1499,0.02813,3378709,63.39359,5329733
702,pawanpraka1,1499,0.02813,3380208,63.42171,5329733
703,dinhxuanvu,1498,0.02811,3381706,63.44982,5329733
704,parispittman,1493,0.02801,3383199,63.47783,5329733
705,jiayingz,1492,0.02799,3384691,63.50583,5329733
706,meldafrawi,1490,0.02796,3386181,63.53378,5329733
707,hbagdi,1486,0.02788,3387667,63.56166,5329733
708,AlexNPavel,1484,0.02784,3389151,63.58951,5329733
709,kashifest,1484,0.02784,3390635,63.61735,5329733
710,damemi,1480,0.02777,3392115,63.64512,5329733
711,booxter,1479,0.02775,3393594,63.67287,5329733
712,rohitsardesai83,1477,0.02771,3395071,63.70058,5329733
713,hoegaarden,1476,0.02769,3396547,63.72828,5329733
714,PatrickLang,1476,0.02769,3398023,63.75597,5329733
715,dcalvin,1456,0.02732,3399479,63.78329,5329733
716,rajansandeep,1456,0.02732,3400935,63.81061,5329733
717,lixuna,1453,0.02726,3402388,63.83787,5329733
718,sameersbn,1448,0.02717,3403836,63.86504,5329733
719,jkryl,1443,0.02707,3405279,63.89211,5329733
720,dadjeibaah,1438,0.02698,3406717,63.91909,5329733
721,steveeJ,1438,0.02698,3408155,63.94607,5329733
722,riverzhang,1434,0.02691,3409589,63.97298,5329733
723,RenaudWasTaken,1431,0.02685,3411020,63.99983,5329733
724,ddebroy,1429,0.02681,3412449,64.02664,5329733
725,russellb,1429,0.02681,3413878,64.05345,5329733
726,scottcarol,1428,0.02679,3415306,64.08025,5329733
727,jeefy,1426,0.02676,3416732,64.10700,5329733
728,rshriram,1424,0.02672,3418156,64.13372,5329733
729,ashutosh-narkar,1418,0.02661,3419574,64.16032,5329733
730,jboeuf,1417,0.02659,3420991,64.18691,5329733
731,csmarchbanks,1415,0.02655,3422406,64.21346,5329733
732,brson,1411,0.02647,3423817,64.23993,5329733
733,vaikas-google,1411,0.02647,3425228,64.26641,5329733
734,arminru,1409,0.02644,3426637,64.29285,5329733
735,bogdando,1409,0.02644,3428046,64.31928,5329733
736,dholbach,1408,0.02642,3429454,64.34570,5329733
737,lichuqiang,1408,0.02642,3430862,64.37212,5329733
738,alex-mohr,1407,0.02640,3432269,64.39852,5329733
739,rghetia,1406,0.02638,3433675,64.42490,5329733
740,munnerz,1398,0.02623,3435073,64.45113,5329733
741,fuweid,1395,0.02617,3436468,64.47730,5329733
742,kokhang,1393,0.02614,3437861,64.50344,5329733
743,yiqigao217,1389,0.02606,3439250,64.52950,5329733
744,benjdlambert,1386,0.02601,3440636,64.55550,5329733
745,rgs1,1385,0.02599,3442021,64.58149,5329733
746,maiqueb,1384,0.02597,3443405,64.60746,5329733
747,owais,1383,0.02595,3444788,64.63341,5329733
748,AllForNothing,1382,0.02593,3446170,64.65934,5329733
749,RomanDzhabarov,1381,0.02591,3447551,64.68525,5329733
750,desaintmartin,1379,0.02587,3448930,64.71112,5329733
751,logicalhan,1375,0.02580,3450305,64.73692,5329733
752,ccaraman,1374,0.02578,3451679,64.76270,5329733
753,adisky,1373,0.02576,3453052,64.78846,5329733
754,danzh2010,1369,0.02569,3454421,64.81415,5329733
755,laidan6000,1369,0.02569,3455790,64.83983,5329733
756,cstyan,1368,0.02567,3457158,64.86550,5329733
757,RA489,1364,0.02559,3458522,64.89109,5329733
758,jaredbhatti,1361,0.02554,3459883,64.91663,5329733
759,atulabhi,1359,0.02550,3461242,64.94213,5329733
760,awly,1359,0.02550,3462601,64.96763,5329733
761,wmorgan,1358,0.02548,3463959,64.99311,5329733
762,AishSundar,1356,0.02544,3465315,65.01855,5329733
763,oxddr,1355,0.02542,3466670,65.04397,5329733
764,srenatus,1355,0.02542,3468025,65.06939,5329733
765,diogomonica,1352,0.02537,3469377,65.09476,5329733
766,alexeldeib,1338,0.02510,3470715,65.11987,5329733
767,misterikkit,1334,0.02503,3472049,65.14490,5329733
768,squat,1334,0.02503,3473383,65.16993,5329733
769,dvonthenen,1328,0.02492,3474711,65.19484,5329733
770,vsliouniaev,1323,0.02482,3476034,65.21966,5329733
771,brandond,1319,0.02475,3477353,65.24441,5329733
772,nasa9084,1318,0.02473,3478671,65.26914,5329733
773,copejon,1317,0.02471,3479988,65.29385,5329733
774,fromanirh,1315,0.02467,3481303,65.31853,5329733
775,wavell,1312,0.02462,3482615,65.34314,5329733
776,j-griffith,1311,0.02460,3483926,65.36774,5329733
777,WanLinghao,1310,0.02458,3485236,65.39232,5329733
778,bluefriday,1308,0.02454,3486544,65.41686,5329733
779,jberkhahn,1305,0.02449,3487849,65.44135,5329733
780,thelinuxfoundation,1304,0.02447,3489153,65.46581,5329733
781,tbetbetbe,1303,0.02445,3490456,65.49026,5329733
782,enj,1301,0.02441,3491757,65.51467,5329733
783,xaleeks,1295,0.02430,3493052,65.53897,5329733
784,matt-kwong,1293,0.02426,3494345,65.56323,5329733
785,Gouthamve,1292,0.02424,3495637,65.58747,5329733
786,adelez,1289,0.02419,3496926,65.61165,5329733
787,njuettner,1282,0.02405,3498208,65.63571,5329733
788,itamarst,1275,0.02392,3499483,65.65963,5329733
789,radu-matei,1274,0.02390,3500757,65.68353,5329733
790,tsloughter,1271,0.02385,3502028,65.70738,5329733
791,bhs,1268,0.02379,3503296,65.73117,5329733
792,guineveresaenger,1265,0.02373,3504561,65.75491,5329733
793,karlkfi,1264,0.02372,3505825,65.77862,5329733
794,vikaschoudhary16,1260,0.02364,3507085,65.80226,5329733
795,redbaron,1257,0.02358,3508342,65.82585,5329733
796,EdDev,1255,0.02355,3509597,65.84940,5329733
797,jeremyrickard,1254,0.02353,3510851,65.87292,5329733
798,irvifa,1250,0.02345,3512101,65.89638,5329733
799,mqliang,1250,0.02345,3513351,65.91983,5329733
800,verb,1250,0.02345,3514601,65.94328,5329733
801,nunnatsa,1247,0.02340,3515848,65.96668,5329733
802,Lion-Wei,1245,0.02336,3517093,65.99004,5329733
803,eddynaka,1241,0.02328,3518334,66.01333,5329733
804,flynnduism,1239,0.02325,3519573,66.03657,5329733
805,ahmelsayed,1238,0.02323,3520811,66.05980,5329733
806,ameyer-pivotal,1237,0.02321,3522048,66.08301,5329733
807,qiwzhang,1235,0.02317,3523283,66.10618,5329733
808,Bowenislandsong,1234,0.02315,3524517,66.12934,5329733
809,rphillips,1232,0.02312,3525749,66.15245,5329733
810,matthiashanel,1229,0.02306,3526978,66.17551,5329733
811,jmrodri,1227,0.02302,3528205,66.19853,5329733
812,kakkoyun,1226,0.02300,3529431,66.22153,5329733
813,sdurrheimer,1221,0.02291,3530652,66.24444,5329733
814,jianglingxia,1218,0.02285,3531870,66.26730,5329733
815,surajssd,1218,0.02285,3533088,66.29015,5329733
816,cpretzer,1216,0.02282,3534304,66.31297,5329733
817,shawn-hurley,1214,0.02278,3535518,66.33574,5329733
818,shubham14bajpai,1211,0.02272,3536729,66.35846,5329733
819,chendave,1209,0.02268,3537938,66.38115,5329733
820,antoniovicente,1204,0.02259,3539142,66.40374,5329733
821,sclevine,1204,0.02259,3540346,66.42633,5329733
822,bertinatto,1202,0.02255,3541548,66.44888,5329733
823,austinlparker,1195,0.02242,3542743,66.47130,5329733
824,stp-ip,1194,0.02240,3543937,66.49371,5329733
825,tedsuo,1187,0.02227,3545124,66.51598,5329733
826,jiangtaoli2016,1186,0.02225,3546310,66.53823,5329733
827,wknet123,1183,0.02220,3547493,66.56043,5329733
828,chewong,1177,0.02208,3548670,66.58251,5329733
829,stefangordon,1174,0.02203,3549844,66.60454,5329733
830,khenidak,1166,0.02188,3551010,66.62641,5329733
831,denverwilliams,1164,0.02184,3552174,66.64825,5329733
832,jtescher,1163,0.02182,3553337,66.67008,5329733
833,marckhouzam,1159,0.02175,3554496,66.69182,5329733
834,ash2k,1157,0.02171,3555653,66.71353,5329733
835,hh,1156,0.02169,3556809,66.73522,5329733
836,mistyhacks,1153,0.02163,3557962,66.75685,5329733
837,sedefsavas,1152,0.02161,3559114,66.77847,5329733
838,y-zeng,1149,0.02156,3560263,66.80003,5329733
839,jellonek,1148,0.02154,3561411,66.82156,5329733
840,ksimon1,1148,0.02154,3562559,66.84310,5329733
841,AndreyKozlov1984,1145,0.02148,3563704,66.86459,5329733
842,anik120,1144,0.02146,3564848,66.88605,5329733
843,nader-ziada,1143,0.02145,3565991,66.90750,5329733
844,frapposelli,1140,0.02139,3567131,66.92889,5329733
845,Jeffwan,1140,0.02139,3568271,66.95028,5329733
846,bigkraig,1138,0.02135,3569409,66.97163,5329733
847,suskin,1136,0.02131,3570545,66.99294,5329733
848,dhilipkumars,1134,0.02128,3571679,67.01422,5329733
849,fabioy,1134,0.02128,3572813,67.03550,5329733
850,dfreilich,1133,0.02126,3573946,67.05676,5329733
851,danielBelenky,1132,0.02124,3575078,67.07799,5329733
852,harshit-gangal,1132,0.02124,3576210,67.09923,5329733
853,JanetKuo,1132,0.02124,3577342,67.12047,5329733
854,esbie,1128,0.02116,3578470,67.14164,5329733
855,lpabon,1128,0.02116,3579598,67.16280,5329733
856,jml,1124,0.02109,3580722,67.18389,5329733
857,lburgazzoli,1123,0.02107,3581845,67.20496,5329733
858,lmolkova,1123,0.02107,3582968,67.22603,5329733
859,yihuazhang,1118,0.02098,3584086,67.24701,5329733
860,kadisi,1117,0.02096,3585203,67.26797,5329733
861,jamiehannaford,1116,0.02094,3586319,67.28891,5329733
862,buchgr,1115,0.02092,3587434,67.30983,5329733
863,davidmccormick,1111,0.02085,3588545,67.33067,5329733
864,zhouhaibing089,1109,0.02081,3589654,67.35148,5329733
865,tompizmor,1107,0.02077,3590761,67.37225,5329733
866,james-bebbington,1105,0.02073,3591866,67.39298,5329733
867,amwat,1101,0.02066,3592967,67.41364,5329733
868,mwear,1100,0.02064,3594067,67.43428,5329733
869,lizthegrey,1098,0.02060,3595165,67.45488,5329733
870,dnoe,1096,0.02056,3596261,67.47544,5329733
871,wackxu,1095,0.02055,3597356,67.49599,5329733
872,yudaykiran,1093,0.02051,3598449,67.51650,5329733
873,antoineco,1091,0.02047,3599540,67.53697,5329733
874,AlonaKaplan,1089,0.02043,3600629,67.55740,5329733
875,rnburn,1089,0.02043,3601718,67.57783,5329733
876,YangKeao,1089,0.02043,3602807,67.59826,5329733
877,ideahitme,1081,0.02028,3603888,67.61855,5329733
878,nilo19,1079,0.02024,3604967,67.63879,5329733
879,Atoms,1074,0.02015,3606041,67.65894,5329733
880,ddysher,1074,0.02015,3607115,67.67909,5329733
881,lambdai,1073,0.02013,3608188,67.69923,5329733
882,CodeBlanch,1069,0.02006,3609257,67.71928,5329733
883,jordinl83,1068,0.02004,3610325,67.73932,5329733
884,jtlisi,1062,0.01993,3611387,67.75925,5329733
885,pjh,1062,0.01993,3612449,67.77917,5329733
886,wking,1062,0.01993,3613511,67.79910,5329733
887,ialidzhikov,1061,0.01991,3614572,67.81901,5329733
888,font,1060,0.01989,3615632,67.83890,5329733
889,monotek,1059,0.01987,3616691,67.85877,5329733
890,srini100,1059,0.01987,3617750,67.87863,5329733
891,celestehorgan,1055,0.01979,3618805,67.89843,5329733
892,zhoumeina,1054,0.01978,3619859,67.91821,5329733
893,FengyunPan,1052,0.01974,3620911,67.93794,5329733
894,bclau,1050,0.01970,3621961,67.95764,5329733
895,brianpursley,1048,0.01966,3623009,67.97731,5329733
896,displague,1047,0.01964,3624056,67.99695,5329733
897,seh,1047,0.01964,3625103,68.01660,5329733
898,djzager,1045,0.01961,3626148,68.03620,5329733
899,demmer,1043,0.01957,3627191,68.05577,5329733
900,ovirt-infra,1041,0.01953,3628232,68.07531,5329733
901,javsalgar,1038,0.01948,3629270,68.09478,5329733
902,louiscryan,1036,0.01944,3630306,68.11422,5329733
903,ymqytw,1035,0.01942,3631341,68.13364,5329733
904,geekodour,1030,0.01933,3632371,68.15296,5329733
905,lukas-bednar,1027,0.01927,3633398,68.17223,5329733
906,madongfly,1026,0.01925,3634424,68.19148,5329733
907,figo,1025,0.01923,3635449,68.21072,5329733
908,xilabao,1025,0.01923,3636474,68.22995,5329733
909,jbarrick-mesosphere,1023,0.01919,3637497,68.24914,5329733
910,kikisdeliveryservice,1020,0.01914,3638517,68.26828,5329733
911,LisaFC,1018,0.01910,3639535,68.28738,5329733
912,soheilhy,1018,0.01910,3640553,68.30648,5329733
913,benluddy,1013,0.01901,3641566,68.32549,5329733
914,yanavlasov,1012,0.01899,3642578,68.34447,5329733
915,rimusz,1010,0.01895,3643588,68.36342,5329733
916,exdx,1009,0.01893,3644597,68.38236,5329733
917,povilasv,1008,0.01891,3645605,68.40127,5329733
918,mtanino,1007,0.01889,3646612,68.42016,5329733
919,fredlas,1006,0.01888,3647618,68.43904,5329733
920,vprithvi,1006,0.01888,3648624,68.45791,5329733
921,KashifSaadat,1005,0.01886,3649629,68.47677,5329733
922,kawych,1001,0.01878,3650630,68.49555,5329733
923,tmrts,1000,0.01876,3651630,68.51431,5329733
924,gongguan,998,0.01873,3652628,68.53304,5329733
925,payes,995,0.01867,3653623,68.55171,5329733
926,ocelotl,993,0.01863,3654616,68.57034,5329733
927,mindprince,992,0.01861,3655608,68.58895,5329733
928,raelga,992,0.01861,3656600,68.60756,5329733
929,rahulchheda,990,0.01858,3657590,68.62614,5329733
930,vojtechszocs,990,0.01858,3658580,68.64471,5329733
931,mfojtik,987,0.01852,3659567,68.66323,5329733
932,wangzhen127,986,0.01850,3660553,68.68173,5329733
933,zparnold,985,0.01848,3661538,68.70021,5329733
934,kad,981,0.01841,3662519,68.71862,5329733
935,kolyshkin,981,0.01841,3663500,68.73703,5329733
936,petrkotas,981,0.01841,3664481,68.75543,5329733
937,rsmitty,980,0.01839,3665461,68.77382,5329733
938,Rajakavitha1,979,0.01837,3666440,68.79219,5329733
939,derekperkins,977,0.01833,3667417,68.81052,5329733
940,bradbeam,975,0.01829,3668392,68.82881,5329733
941,JunTaoLuo,975,0.01829,3669367,68.84711,5329733
942,ironcladlou,974,0.01827,3670341,68.86538,5329733
943,bradtopol,973,0.01826,3671314,68.88364,5329733
944,hangyan,973,0.01826,3672287,68.90189,5329733
945,knight42,973,0.01826,3673260,68.92015,5329733
946,danielqsj,971,0.01822,3674231,68.93837,5329733
947,lance,971,0.01822,3675202,68.95659,5329733
948,hex108,970,0.01820,3676172,68.97479,5329733
949,therc,970,0.01820,3677142,68.99299,5329733
950,shashankram,967,0.01814,3678109,69.01113,5329733
951,paulbellamy,966,0.01812,3679075,69.02926,5329733
952,clarketm,962,0.01805,3680037,69.04730,5329733
953,klueska,961,0.01803,3680998,69.06534,5329733
954,cstoku,960,0.01801,3681958,69.08335,5329733
955,timstoop,958,0.01797,3682916,69.10132,5329733
956,jmccormick2001,957,0.01796,3683873,69.11928,5329733
957,machacekondra,954,0.01790,3684827,69.13718,5329733
958,songy23,954,0.01790,3685781,69.15508,5329733
959,HuKeping,951,0.01784,3686732,69.17292,5329733
960,bloqhead,950,0.01782,3687682,69.19075,5329733
961,dghubble,948,0.01779,3688630,69.20853,5329733
962,nokute78,946,0.01775,3689576,69.22628,5329733
963,bbeaudreault,945,0.01773,3690521,69.24401,5329733
964,kadel,945,0.01773,3691466,69.26174,5329733
965,zaneb,944,0.01771,3692410,69.27946,5329733
966,jyotimahapatra,939,0.01762,3693349,69.29707,5329733
967,geojaz,938,0.01760,3694287,69.31467,5329733
968,dalanlan,937,0.01758,3695224,69.33225,5329733
969,tamalsaha,937,0.01758,3696161,69.34983,5329733
970,WIZARD-CXY,936,0.01756,3697097,69.36740,5329733
971,droslean,932,0.01749,3698029,69.38488,5329733
972,kibbles-n-bytes,930,0.01745,3698959,69.40233,5329733
973,dlipovetsky,929,0.01743,3699888,69.41976,5329733
974,Falco20019,926,0.01737,3700814,69.43714,5329733
975,ZhenLian,925,0.01736,3701739,69.45449,5329733
976,xunpan,922,0.01730,3702661,69.47179,5329733
977,sozercan,921,0.01728,3703582,69.48907,5329733
978,Shell32-Natsu,919,0.01724,3704501,69.50631,5329733
979,girishkalele,918,0.01722,3705419,69.52354,5329733
980,furkatgofurov7,914,0.01715,3706333,69.54069,5329733
981,serrss,914,0.01715,3707247,69.55784,5329733
982,ashish-amarnath,913,0.01713,3708160,69.57497,5329733
983,wenjiaswe,913,0.01713,3709073,69.59210,5329733
984,jkaniuk,912,0.01711,3709985,69.60921,5329733
985,anguslees,906,0.01700,3710891,69.62621,5329733
986,hwdef,906,0.01700,3711797,69.64321,5329733
987,jakub-dzon,906,0.01700,3712703,69.66021,5329733
988,mauriciovasquezbernal,903,0.01694,3713606,69.67715,5329733
989,odinuge,903,0.01694,3714509,69.69409,5329733
990,mdlayher,899,0.01687,3715408,69.71096,5329733
991,Raffo,898,0.01685,3716306,69.72781,5329733
992,spencerhance,898,0.01685,3717204,69.74466,5329733
993,uablrek,897,0.01683,3718101,69.76149,5329733
994,jboyd01,892,0.01674,3718993,69.77822,5329733
995,steven-sheehy,892,0.01674,3719885,69.79496,5329733
996,tnozicka,892,0.01674,3720777,69.81170,5329733
997,Jefftree,890,0.01670,3721667,69.82839,5329733
998,michelle192837,888,0.01666,3722555,69.84506,5329733
999,goltermann,887,0.01664,3723442,69.86170,5329733
1000,joshimoo,886,0.01662,3724328,69.87832,5329733
1001,sinsharat,886,0.01662,3725214,69.89495,5329733
1002,xlgao-zju,885,0.01660,3726099,69.91155,5329733
1003,immutableT,881,0.01653,3726980,69.92808,5329733
1004,vmarchaud,880,0.01651,3727860,69.94459,5329733
1005,everett980,877,0.01645,3728737,69.96105,5329733
1006,ysyukr,876,0.01644,3729613,69.97748,5329733
1007,ZeroMagic,874,0.01640,3730487,69.99388,5329733
1008,xmudrii,873,0.01638,3731360,70.01026,5329733
1009,timburks,872,0.01636,3732232,70.02662,5329733
1010,aaijazi,871,0.01634,3733103,70.04296,5329733
1011,MakMukhi,871,0.01634,3733974,70.05931,5329733
1012,ermin-muratovic,870,0.01632,3734844,70.07563,5329733
1013,Fei-Guo,869,0.01630,3735713,70.09194,5329733
1014,hanxiaoshuai,868,0.01629,3736581,70.10822,5329733
1015,cevich,867,0.01627,3737448,70.12449,5329733
1016,devigned,866,0.01625,3738314,70.14074,5329733
1017,makdharma,866,0.01625,3739180,70.15699,5329733
1018,torstenwalter,864,0.01621,3740044,70.17320,5329733
1019,hcaseyal,862,0.01617,3740906,70.18937,5329733
1020,logachev,859,0.01612,3741765,70.20549,5329733
1021,amartinezfayo,857,0.01608,3742622,70.22157,5329733
1022,Akash4927,856,0.01606,3743478,70.23763,5329733
1023,danlopez00,855,0.01604,3744333,70.25367,5329733
1024,yanxuean,855,0.01604,3745188,70.26971,5329733
1025,dmitryax,853,0.01600,3746041,70.28572,5329733
1026,kevinearls,853,0.01600,3746894,70.30172,5329733
1027,wonderflow,853,0.01600,3747747,70.31773,5329733
1028,denkensk,851,0.01597,3748598,70.33369,5329733
1029,markyjackson-taulia,850,0.01595,3749448,70.34964,5329733
1030,systay,850,0.01595,3750298,70.36559,5329733
1031,rithujohn191,848,0.01591,3751146,70.38150,5329733
1032,robszumski,848,0.01591,3751994,70.39741,5329733
1033,Xenwar,848,0.01591,3752842,70.41332,5329733
1034,zmalik,848,0.01591,3753690,70.42923,5329733
1035,lyuxuan,847,0.01589,3754537,70.44512,5329733
1036,bartsmykla,846,0.01587,3755383,70.46100,5329733
1037,davidnuzik,846,0.01587,3756229,70.47687,5329733
1038,mkimuram,846,0.01587,3757075,70.49274,5329733
1039,pgier,846,0.01587,3757921,70.50862,5329733
1040,skriss,844,0.01584,3758765,70.52445,5329733
1041,stubailo,844,0.01584,3759609,70.54029,5329733
1042,adelina-t,843,0.01582,3760452,70.55610,5329733
1043,wawa0210,842,0.01580,3761294,70.57190,5329733
1044,Crassirostris,841,0.01578,3762135,70.58768,5329733
1045,feihujiang,838,0.01572,3762973,70.60341,5329733
1046,inyee786,838,0.01572,3763811,70.61913,5329733
1047,c-knowles,836,0.01569,3764647,70.63481,5329733
1048,andyzheng0831,835,0.01567,3765482,70.65048,5329733
1049,bobstrecansky,833,0.01563,3766315,70.66611,5329733
1050,kbarnard10,833,0.01563,3767148,70.68174,5329733
1051,trishankatdatadog,829,0.01555,3767977,70.69729,5329733
1052,hjacobs,827,0.01552,3768804,70.71281,5329733
1053,kayrus,827,0.01552,3769631,70.72833,5329733
1054,stealthybox,827,0.01552,3770458,70.74384,5329733
1055,acao,825,0.01548,3771283,70.75932,5329733
1056,gbenhaim,825,0.01548,3772108,70.77480,5329733
1057,mirwan,825,0.01548,3772933,70.79028,5329733
1058,tianshapjq,824,0.01546,3773757,70.80574,5329733
1059,mum4k,823,0.01544,3774580,70.82118,5329733
1060,zhouya0,823,0.01544,3775403,70.83663,5329733
1061,cwe1ss,822,0.01542,3776225,70.85205,5329733
1062,hunterlxt,821,0.01540,3777046,70.86745,5329733
1063,joelsmith,821,0.01540,3777867,70.88286,5329733
1064,ZhouyihaiDing,821,0.01540,3778688,70.89826,5329733
1065,robbiezhang,820,0.01539,3779508,70.91365,5329733
1066,yaoshengzhe,817,0.01533,3780325,70.92898,5329733
1067,paulczar,813,0.01525,3781138,70.94423,5329733
1068,stbenjam,813,0.01525,3781951,70.95948,5329733
1069,jascott1,812,0.01524,3782763,70.97472,5329733
1070,shu-mutou,811,0.01522,3783574,70.98994,5329733
1071,joshuagl,810,0.01520,3784384,71.00513,5329733
1072,ichekrygin,809,0.01518,3785193,71.02031,5329733
1073,nolouch,809,0.01518,3786002,71.03549,5329733
1074,pweil-,809,0.01518,3786811,71.05067,5329733
1075,joshix,808,0.01516,3787619,71.06583,5329733
1076,mestery,808,0.01516,3788427,71.08099,5329733
1077,gambol99,806,0.01512,3789233,71.09611,5329733
1078,chases2,805,0.01510,3790038,71.11122,5329733
1079,diegs,805,0.01510,3790843,71.12632,5329733
1080,amye,803,0.01507,3791646,71.14139,5329733
1081,awwad,802,0.01505,3792448,71.15644,5329733
1082,RichardHightower,802,0.01505,3793250,71.17148,5329733
1083,satyamz,801,0.01503,3794051,71.18651,5329733
1084,liztio,800,0.01501,3794851,71.20152,5329733
1085,JustinCappos,799,0.01499,3795650,71.21651,5329733
1086,shmidt-i,798,0.01497,3796448,71.23149,5329733
1087,moderation,797,0.01495,3797245,71.24644,5329733
1088,ClaudiaJKang,795,0.01492,3798040,71.26136,5329733
1089,sunjayBhatia,793,0.01488,3798833,71.27623,5329733
1090,akonradi,792,0.01486,3799625,71.29109,5329733
1091,rjnagal,791,0.01484,3800416,71.30594,5329733
1092,venilnoronha,791,0.01484,3801207,71.32078,5329733
1093,jessicaochen,789,0.01480,3801996,71.33558,5329733
1094,vrothberg,789,0.01480,3802785,71.35038,5329733
1095,hardys,787,0.01477,3803572,71.36515,5329733
1096,asmacdo,786,0.01475,3804358,71.37990,5329733
1097,philwinder,786,0.01475,3805144,71.39465,5329733
1098,jmyung,783,0.01469,3805927,71.40934,5329733
1099,ereslibre,782,0.01467,3806709,71.42401,5329733
1100,umamukkara,782,0.01467,3807491,71.43868,5329733
1101,DanyC97,780,0.01463,3808271,71.45332,5329733
1102,wonderfly,780,0.01463,3809051,71.46795,5329733
1103,vllry,778,0.01460,3809829,71.48255,5329733
1104,JoelSpeed,777,0.01458,3810606,71.49713,5329733
1105,BobyMCbobs,776,0.01456,3811382,71.51169,5329733
1106,migmartri,776,0.01456,3812158,71.52625,5329733
1107,jhorwit2,774,0.01452,3812932,71.54077,5329733
1108,filbranden,773,0.01450,3813705,71.55527,5329733
1109,chadswen,772,0.01448,3814477,71.56976,5329733
1110,p0lyn0mial,772,0.01448,3815249,71.58424,5329733
1111,x13n,772,0.01448,3816021,71.59873,5329733
1112,surajnarwade,769,0.01443,3816790,71.61316,5329733
1113,gianrubio,767,0.01439,3817557,71.62755,5329733
1114,jrcamp,767,0.01439,3818324,71.64194,5329733
1115,lumjjb,765,0.01435,3819089,71.65629,5329733
1116,aglitke,763,0.01432,3819852,71.67061,5329733
1117,micahhausler,763,0.01432,3820615,71.68492,5329733
1118,sgotti,763,0.01432,3821378,71.69924,5329733
1119,jterry75,762,0.01430,3822140,71.71354,5329733
1120,ethernetdan,758,0.01422,3822898,71.72776,5329733
1121,johscheuer,757,0.01420,3823655,71.74196,5329733
1122,derekargueta,756,0.01418,3824411,71.75615,5329733
1123,Q-Lee,756,0.01418,3825167,71.77033,5329733
1124,subnetmarco,755,0.01417,3825922,71.78450,5329733
1125,ping035627,749,0.01405,3826671,71.79855,5329733
1126,loburm,747,0.01402,3827418,71.81257,5329733
1127,adtac,745,0.01398,3828163,71.82654,5329733
1128,PettitWesley,745,0.01398,3828908,71.84052,5329733
1129,rsdcastro,745,0.01398,3829653,71.85450,5329733
1130,ianchakeres,744,0.01396,3830397,71.86846,5329733
1131,RichieEscarez,744,0.01396,3831141,71.88242,5329733
1132,dtaniwaki,742,0.01392,3831883,71.89634,5329733
1133,mszostok,741,0.01390,3832624,71.91024,5329733
1134,rosenhouse,738,0.01385,3833362,71.92409,5329733
1135,eyakubovich,735,0.01379,3834097,71.93788,5329733
1136,fabianvf,734,0.01377,3834831,71.95165,5329733
1137,rlenferink,729,0.01368,3835560,71.96533,5329733
1138,thetwopct,726,0.01362,3836286,71.97895,5329733
1139,omeryahud,725,0.01360,3837011,71.99256,5329733
1140,samuel-hawker,724,0.01358,3837735,72.00614,5329733
1141,kacole2,723,0.01357,3838458,72.01971,5329733
1142,rrati,722,0.01355,3839180,72.03325,5329733
1143,fabiojose,721,0.01353,3839901,72.04678,5329733
1144,rafael,721,0.01353,3840622,72.06031,5329733
1145,kelseyhightower,718,0.01347,3841340,72.07378,5329733
1146,hongkailiu,717,0.01345,3842057,72.08723,5329733
1147,clouderati,715,0.01342,3842772,72.10065,5329733
1148,joakimr-axis,715,0.01342,3843487,72.11406,5329733
1149,alonSadan,714,0.01340,3844201,72.12746,5329733
1150,maya-r,713,0.01338,3844914,72.14084,5329733
1151,brahmaroutu,711,0.01334,3845625,72.15418,5329733
1152,hidekazuna,711,0.01334,3846336,72.16752,5329733
1153,sdminonne,711,0.01334,3847047,72.18086,5329733
1154,alexcontini,710,0.01332,3847757,72.19418,5329733
1155,TommyLike,707,0.01327,3848464,72.20744,5329733
1156,christopherhein,706,0.01325,3849170,72.22069,5329733
1157,ivan4th,706,0.01325,3849876,72.23394,5329733
1158,NingLin-P,705,0.01323,3850581,72.24717,5329733
1159,kwiesmueller,702,0.01317,3851283,72.26034,5329733
1160,marosset,702,0.01317,3851985,72.27351,5329733
1161,mheon,702,0.01317,3852687,72.28668,5329733
1162,MikeGoldsmith,702,0.01317,3853389,72.29985,5329733
1163,gdsoumya,701,0.01315,3854090,72.31300,5329733
1164,hurf,701,0.01315,3854791,72.32616,5329733
1165,masayag,701,0.01315,3855492,72.33931,5329733
1166,sargun,701,0.01315,3856193,72.35246,5329733
1167,wanghaoran1988,701,0.01315,3856894,72.36561,5329733
1168,chriscasper,699,0.01312,3857593,72.37873,5329733
1169,mervinkid,699,0.01312,3858292,72.39184,5329733
1170,mfranczy,698,0.01310,3858990,72.40494,5329733
1171,mlmhl,697,0.01308,3859687,72.41802,5329733
1172,prasek,696,0.01306,3860383,72.43108,5329733
1173,seanmonstar,695,0.01304,3861078,72.44412,5329733
1174,julianvmodesto,694,0.01302,3861772,72.45714,5329733
1175,MarcosDY,694,0.01302,3862466,72.47016,5329733
1176,fabianbaier,692,0.01298,3863158,72.48314,5329733
1177,iosmanthus,692,0.01298,3863850,72.49613,5329733
1178,karthikravis,692,0.01298,3864542,72.50911,5329733
1179,Riaankl,692,0.01298,3865234,72.52209,5329733
1180,sebgoa,692,0.01298,3865926,72.53508,5329733
1181,grayluck,689,0.01293,3866615,72.54801,5329733
1182,ariscahyadi,688,0.01291,3867303,72.56091,5329733
1183,shrinandj,688,0.01291,3867991,72.57382,5329733
1184,dgodd,687,0.01289,3868678,72.58671,5329733
1185,guangxuli,687,0.01289,3869365,72.59960,5329733
1186,warmchang,684,0.01283,3870049,72.61244,5329733
1187,danielkhan,683,0.01281,3870732,72.62525,5329733
1188,ryanzhang-oss,683,0.01281,3871415,72.63807,5329733
1189,vcaputo,683,0.01281,3872098,72.65088,5329733
1190,danielhochman,682,0.01280,3872780,72.66368,5329733
1191,FUSAKLA,681,0.01278,3873461,72.67645,5329733
1192,jsravn,680,0.01276,3874141,72.68921,5329733
1193,karuppiah7890,680,0.01276,3874821,72.70197,5329733
1194,guoliang100,679,0.01274,3875500,72.71471,5329733
1195,remyleone,679,0.01274,3876179,72.72745,5329733
1196,chakri-nelluri,678,0.01272,3876857,72.74017,5329733
1197,nckturner,678,0.01272,3877535,72.75289,5329733
1198,hooloovooo,676,0.01268,3878211,72.76558,5329733
1199,stevenzzzz,676,0.01268,3878887,72.77826,5329733
1200,mars1024,675,0.01266,3879562,72.79093,5329733
1201,karan,674,0.01265,3880236,72.80357,5329733
1202,lukaszo,674,0.01265,3880910,72.81622,5329733
1203,rbitia,674,0.01265,3881584,72.82886,5329733
1204,jacksontj,673,0.01263,3882257,72.84149,5329733
1205,sstarcher,672,0.01261,3882929,72.85410,5329733
1206,zreigz,672,0.01261,3883601,72.86671,5329733
1207,Arhell,671,0.01259,3884272,72.87930,5329733
1208,dirkwall,671,0.01259,3884943,72.89189,5329733
1209,nikopen,671,0.01259,3885614,72.90448,5329733
1210,yuxiaobo96,671,0.01259,3886285,72.91707,5329733
1211,wlan0,670,0.01257,3886955,72.92964,5329733
1212,ncbaratta,669,0.01255,3887624,72.94219,5329733
1213,grant,668,0.01253,3888292,72.95472,5329733
1214,screeley44,668,0.01253,3888960,72.96726,5329733
1215,claudiubelu,666,0.01250,3889626,72.97975,5329733
1216,staebler,666,0.01250,3890292,72.99225,5329733
1217,tanshanshan,666,0.01250,3890958,73.00475,5329733
1218,fredkan,665,0.01248,3891623,73.01722,5329733
1219,wrowe,664,0.01246,3892287,73.02968,5329733
1220,RaunakShah,663,0.01244,3892950,73.04212,5329733
1221,tylertreat,662,0.01242,3893612,73.05454,5329733
1222,barney-s,661,0.01240,3894273,73.06694,5329733
1223,tao12345666333,659,0.01236,3894932,73.07931,5329733
1224,yuxiangqian,658,0.01235,3895590,73.09165,5329733
1225,ishangupta-ds,655,0.01229,3896245,73.10394,5329733
1226,mvdan,655,0.01229,3896900,73.11623,5329733
1227,pmichali,655,0.01229,3897555,73.12852,5329733
1228,jrajahalme,651,0.01221,3898206,73.14074,5329733
1229,rata,651,0.01221,3898857,73.15295,5329733
1230,yagonobre,650,0.01220,3899507,73.16515,5329733
1231,gsagula,649,0.01218,3900156,73.17732,5329733
1232,rdrgmnzs,648,0.01216,3900804,73.18948,5329733
1233,shlomi-noach,647,0.01214,3901451,73.20162,5329733
1234,swagiaal,647,0.01214,3902098,73.21376,5329733
1235,fedepaol,646,0.01212,3902744,73.22588,5329733
1236,Jaakko-Os,645,0.01210,3903389,73.23798,5329733
1237,princerachit,645,0.01210,3904034,73.25009,5329733
1238,mmazur,644,0.01208,3904678,73.26217,5329733
1239,zyfjeff,644,0.01208,3905322,73.27425,5329733
1240,phanimarupaka,643,0.01206,3905965,73.28632,5329733
1241,bobbyrullo,641,0.01203,3906606,73.29834,5329733
1242,jean-edouard,641,0.01203,3907247,73.31037,5329733
1243,jmnote,639,0.01199,3907886,73.32236,5329733
1244,pyohannes,638,0.01197,3908524,73.33433,5329733
1245,cyphar,637,0.01195,3909161,73.34628,5329733
1246,puerco,637,0.01195,3909798,73.35823,5329733
1247,karataliu,636,0.01193,3910434,73.37017,5329733
1248,lukaszx0,635,0.01191,3911069,73.38208,5329733
1249,onlydole,634,0.01190,3911703,73.39398,5329733
1250,paralin,634,0.01190,3912337,73.40587,5329733
1251,vatsalparekh,634,0.01190,3912971,73.41777,5329733
1252,zvikorn,631,0.01184,3913602,73.42961,5329733
1253,alexbrand,630,0.01182,3914232,73.44143,5329733
1254,rubenvp8510,630,0.01182,3914862,73.45325,5329733
1255,rwsu,630,0.01182,3915492,73.46507,5329733
1256,wk8,629,0.01180,3916121,73.47687,5329733
1257,edisonxiang,628,0.01178,3916749,73.48865,5329733
1258,gengliqi,628,0.01178,3917377,73.50044,5329733
1259,EppO,627,0.01176,3918004,73.51220,5329733
1260,howardjohn,626,0.01175,3918630,73.52395,5329733
1261,kevtaylor,626,0.01175,3919256,73.53569,5329733
1262,mgdevstack,626,0.01175,3919882,73.54744,5329733
1263,clemensv,625,0.01173,3920507,73.55916,5329733
1264,luksa,625,0.01173,3921132,73.57089,5329733
1265,Pingan2017,625,0.01173,3921757,73.58262,5329733
1266,alecmerdler,624,0.01171,3922381,73.59432,5329733
1267,BaluDontu,624,0.01171,3923005,73.60603,5329733
1268,beekhof,624,0.01171,3923629,73.61774,5329733
1269,mboersma,624,0.01171,3924253,73.62945,5329733
1270,nestorsalceda,624,0.01171,3924877,73.64116,5329733
1271,jcbsmpsn,623,0.01169,3925500,73.65285,5329733
1272,mahjonp,622,0.01167,3926122,73.66452,5329733
1273,thisthat,622,0.01167,3926744,73.67619,5329733
1274,rjkernick,621,0.01165,3927365,73.68784,5329733
1275,billimek,620,0.01163,3927985,73.69947,5329733
1276,sylr,619,0.01161,3928604,73.71108,5329733
1277,pjbgf,618,0.01160,3929222,73.72268,5329733
1278,sambooo,618,0.01160,3929840,73.73428,5329733
1279,xueweiz,618,0.01160,3930458,73.74587,5329733
1280,tiagolobocastro,617,0.01158,3931075,73.75745,5329733
1281,mayankshah1607,616,0.01156,3931691,73.76900,5329733
1282,anfernee,615,0.01154,3932306,73.78054,5329733
1283,liu-cong,615,0.01154,3932921,73.79208,5329733
1284,sonots,615,0.01154,3933536,73.80362,5329733
1285,phanama,613,0.01150,3934149,73.81512,5329733
1286,josedonizetti,612,0.01148,3934761,73.82661,5329733
1287,pfreixes,612,0.01148,3935373,73.83809,5329733
1288,Aneurysm9,610,0.01145,3935983,73.84953,5329733
1289,childsb,609,0.01143,3936592,73.86096,5329733
1290,runyontr,609,0.01143,3937201,73.87239,5329733
1291,blaisedias,608,0.01141,3937809,73.88379,5329733
1292,orenc1,608,0.01141,3938417,73.89520,5329733
1293,jeffhollan,607,0.01139,3939024,73.90659,5329733
1294,draffensperger,606,0.01137,3939630,73.91796,5329733
1295,tg123,605,0.01135,3940235,73.92931,5329733
1296,jsturtevant,604,0.01133,3940839,73.94065,5329733
1297,choleraehyq,603,0.01131,3941442,73.95196,5329733
1298,makocchi-git,602,0.01130,3942044,73.96325,5329733
1299,spew,602,0.01130,3942646,73.97455,5329733
1300,MarSik,601,0.01128,3943247,73.98583,5329733
1301,see-quick,601,0.01128,3943848,73.99710,5329733
1302,xingzhou,601,0.01128,3944449,74.00838,5329733
1303,itayd,599,0.01124,3945048,74.01962,5329733
1304,rendhalver,599,0.01124,3945647,74.03086,5329733
1305,adohe,595,0.01116,3946242,74.04202,5329733
1306,linyouchong,593,0.01113,3946835,74.05315,5329733
1307,johnSchnake,592,0.01111,3947427,74.06425,5329733
1308,skyzh,592,0.01111,3948019,74.07536,5329733
1309,boknowswiki,590,0.01107,3948609,74.08643,5329733
1310,sagarkrsd,588,0.01103,3949197,74.09746,5329733
1311,SandeepPissay,587,0.01101,3949784,74.10848,5329733
1312,dmitri-d,586,0.01099,3950370,74.11947,5329733
1313,annanay25,585,0.01098,3950955,74.13045,5329733
1314,jessicayuen,585,0.01098,3951540,74.14143,5329733
1315,jprzychodzen,585,0.01098,3952125,74.15240,5329733
1316,karmab,584,0.01096,3952709,74.16336,5329733
1317,jbartosik,583,0.01094,3953292,74.17430,5329733
1318,gouyang,582,0.01092,3953874,74.18522,5329733
1319,sebastienvas,580,0.01088,3954454,74.19610,5329733
1320,asifdxtreme,578,0.01084,3955032,74.20694,5329733
1321,hectorj2f,578,0.01084,3955610,74.21779,5329733
1322,islinwb,578,0.01084,3956188,74.22863,5329733
1323,ksubrmnn,578,0.01084,3956766,74.23948,5329733
1324,nalind,578,0.01084,3957344,74.25032,5329733
1325,agentpoyo,577,0.01083,3957921,74.26115,5329733
1326,rmstar,577,0.01083,3958498,74.27198,5329733
1327,wu-sheng,575,0.01079,3959073,74.28276,5329733
1328,gavinfish,574,0.01077,3959647,74.29353,5329733
1329,miaoyq,574,0.01077,3960221,74.30430,5329733
1330,hainingzhang,573,0.01075,3960794,74.31505,5329733
1331,pbx0,573,0.01075,3961367,74.32581,5329733
1332,saikat-royc,573,0.01075,3961940,74.33656,5329733
1333,dougm,568,0.01066,3962508,74.34721,5329733
1334,devadvocado,567,0.01064,3963075,74.35785,5329733
1335,michaelgugino,566,0.01062,3963641,74.36847,5329733
1336,seanknox,565,0.01060,3964206,74.37907,5329733
1337,MoserMichael,564,0.01058,3964770,74.38966,5329733
1338,richarddli,564,0.01058,3965334,74.40024,5329733
1339,shubhamchaudhary,563,0.01056,3965897,74.41080,5329733
1340,krzysztof-jastrzebski,562,0.01054,3966459,74.42135,5329733
1341,coffeepac,561,0.01053,3967020,74.43187,5329733
1342,subpathdev,559,0.01049,3967579,74.44236,5329733
1343,chethanv28,558,0.01047,3968137,74.45283,5329733
1344,daminisatya,558,0.01047,3968695,74.46330,5329733
1345,OlivierAlbertini,557,0.01045,3969252,74.47375,5329733
1346,variadico,557,0.01045,3969809,74.48420,5329733
1347,GinnyJI,556,0.01043,3970365,74.49463,5329733
1348,mrice32,556,0.01043,3970921,74.50506,5329733
1349,hswong3i,555,0.01041,3971476,74.51548,5329733
1350,skmatti,554,0.01039,3972030,74.52587,5329733
1351,tonya11en,554,0.01039,3972584,74.53627,5329733
1352,savitharaghunathan,553,0.01038,3973137,74.54664,5329733
1353,tosi3k,553,0.01038,3973690,74.55702,5329733
1354,emmaindal,552,0.01036,3974242,74.56738,5329733
1355,micw523,552,0.01036,3974794,74.57773,5329733
1356,balajismaniam,551,0.01034,3975345,74.58807,5329733
1357,justincormack,551,0.01034,3975896,74.59841,5329733
1358,kakts,551,0.01034,3976447,74.60875,5329733
1359,shubheksha,551,0.01034,3976998,74.61909,5329733
1360,thinkerou,550,0.01032,3977548,74.62940,5329733
1361,arkajyotiMukherjee,549,0.01030,3978097,74.63971,5329733
1362,sagikazarmark,549,0.01030,3978646,74.65001,5329733
1363,szuecs,549,0.01030,3979195,74.66031,5329733
1364,meichstedt,548,0.01028,3979743,74.67059,5329733
1365,prksu,547,0.01026,3980290,74.68085,5329733
1366,cody-clark,545,0.01023,3980835,74.69108,5329733
1367,jadekler,545,0.01023,3981380,74.70130,5329733
1368,JohnHillegass,544,0.01021,3981924,74.71151,5329733
1369,michaelsembwever,544,0.01021,3982468,74.72172,5329733
1370,prasadkatti,544,0.01021,3983012,74.73192,5329733
1371,tamird,544,0.01021,3983556,74.74213,5329733
1372,ghodss,542,0.01017,3984098,74.75230,5329733
1373,muratkars,542,0.01017,3984640,74.76247,5329733
1374,rojkov,542,0.01017,3985182,74.77264,5329733
1375,Sh4d1,541,0.01015,3985723,74.78279,5329733
1376,ambuc,540,0.01013,3986263,74.79292,5329733
1377,caarlos0,540,0.01013,3986803,74.80305,5329733
1378,vbatts,540,0.01013,3987343,74.81318,5329733
1379,chrisz100,539,0.01011,3987882,74.82330,5329733
1380,tomncooper,539,0.01011,3988421,74.83341,5329733
1381,ameukam,538,0.01009,3988959,74.84351,5329733
1382,gkGaneshR,538,0.01009,3989497,74.85360,5329733
1383,Harkishen-Singh,538,0.01009,3990035,74.86369,5329733
1384,jonathan-teh,538,0.01009,3990573,74.87379,5329733
1385,blakebarnett,537,0.01008,3991110,74.88386,5329733
1386,lbernail,536,0.01006,3991646,74.89392,5329733
1387,mariantalla,536,0.01006,3992182,74.90398,5329733
1388,mysunshine92,536,0.01006,3992718,74.91403,5329733
1389,truongnh1992,535,0.01004,3993253,74.92407,5329733
1390,alexandercampbell,534,0.01002,3993787,74.93409,5329733
1391,Colstuwjx,533,0.01000,3994320,74.94409,5329733
1392,ptrnull,532,0.00998,3994852,74.95407,5329733
1393,tamarakaufler,532,0.00998,3995384,74.96406,5329733
1394,darach,530,0.00994,3995914,74.97400,5329733
1395,k-toyoda-pi,530,0.00994,3996444,74.98394,5329733
1396,ktock,528,0.00991,3996972,74.99385,5329733
1397,soapraj,528,0.00991,3997500,75.00376,5329733
1398,gotjosh,527,0.00989,3998027,75.01365,5329733
1399,ahadas,526,0.00987,3998553,75.02351,5329733
1400,dimm0,526,0.00987,3999079,75.03338,5329733
1401,mrueg,525,0.00985,3999604,75.04323,5329733
1402,codificat,524,0.00983,4000128,75.05307,5329733
1403,jbrette,523,0.00981,4000651,75.06288,5329733
1404,nzoueidi,523,0.00981,4001174,75.07269,5329733
1405,rochdev,522,0.00979,4001696,75.08249,5329733
1406,flands,521,0.00978,4002217,75.09226,5329733
1407,fraenkel,519,0.00974,4002736,75.10200,5329733
1408,khushboo-rancher,519,0.00974,4003255,75.11174,5329733
1409,rudoi,519,0.00974,4003774,75.12147,5329733
1410,richardcase,517,0.00970,4004291,75.13117,5329733
1411,deitch,516,0.00968,4004807,75.14086,5329733
1412,shuuji3,515,0.00966,4005322,75.15052,5329733
1413,ashcrow,514,0.00964,4005836,75.16016,5329733
1414,electrocucaracha,513,0.00963,4006349,75.16979,5329733
1415,qhuynh96,513,0.00963,4006862,75.17941,5329733
1416,Stono,513,0.00963,4007375,75.18904,5329733
1417,zachmandeville,513,0.00963,4007888,75.19866,5329733
1418,gjtempleton,512,0.00961,4008400,75.20827,5329733
1419,jfrazelle,512,0.00961,4008912,75.21788,5329733
1420,rf232,512,0.00961,4009424,75.22748,5329733
1421,rjbez17,510,0.00957,4009934,75.23705,5329733
1422,whereisaaron,509,0.00955,4010443,75.24660,5329733
1423,arjunroy,508,0.00953,4010951,75.25613,5329733
1424,zhuangqh,507,0.00951,4011458,75.26565,5329733
1425,rebello95,506,0.00949,4011964,75.27514,5329733
1426,rohantmp,506,0.00949,4012470,75.28463,5329733
1427,sujithsimon22,506,0.00949,4012976,75.29413,5329733
1428,dgoodwin,505,0.00948,4013481,75.30360,5329733
1429,dtantsur,505,0.00948,4013986,75.31308,5329733
1430,VineethReddy02,505,0.00948,4014491,75.32255,5329733
1431,ggriffiths,503,0.00944,4014994,75.33199,5329733
1432,digitalfishpond,500,0.00938,4015494,75.34137,5329733
1433,lilic,500,0.00938,4015994,75.35075,5329733
1434,ZP-AlwaysWin,499,0.00936,4016493,75.36012,5329733
1435,Aisuko,498,0.00934,4016991,75.36946,5329733
1436,alexxa,498,0.00934,4017489,75.37880,5329733
1437,kerneltime,498,0.00934,4017987,75.38815,5329733
1438,jmillikin-stripe,497,0.00933,4018484,75.39747,5329733
1439,marekbiskup,497,0.00933,4018981,75.40680,5329733
1440,sethpollack,497,0.00933,4019478,75.41612,5329733
1441,tylerbenson,497,0.00933,4019975,75.42545,5329733
1442,andelf,496,0.00931,4020471,75.43475,5329733
1443,jonasrosland,496,0.00931,4020967,75.44406,5329733
1444,varshaprasad96,496,0.00931,4021463,75.45337,5329733
1445,andrewrynhard,495,0.00929,4021958,75.46265,5329733
1446,chentao1596,495,0.00929,4022453,75.47194,5329733
1447,mxpv,495,0.00929,4022948,75.48123,5329733
1448,hogepodge,494,0.00927,4023442,75.49050,5329733
1449,sflxn,494,0.00927,4023936,75.49977,5329733
1450,satoru-takeuchi,493,0.00925,4024429,75.50902,5329733
1451,shibumi,493,0.00925,4024922,75.51827,5329733
1452,aneeshkp,492,0.00923,4025414,75.52750,5329733
1453,egernst,492,0.00923,4025906,75.53673,5329733
1454,sameo,492,0.00923,4026398,75.54596,5329733
1455,atoato88,491,0.00921,4026889,75.55517,5329733
1456,jcchavezs,490,0.00919,4027379,75.56437,5329733
1457,metalmatze,490,0.00919,4027869,75.57356,5329733
1458,cathyhongzhang,489,0.00917,4028358,75.58274,5329733
1459,nebril,489,0.00917,4028847,75.59191,5329733
1460,RobertKrawitz,489,0.00917,4029336,75.60109,5329733
1461,chaosaffe,488,0.00916,4029824,75.61024,5329733
1462,dangula,488,0.00916,4030312,75.61940,5329733
1463,soltanmm-google,488,0.00916,4030800,75.62855,5329733
1464,zshihang,487,0.00914,4031287,75.63769,5329733
1465,brian-pane,486,0.00912,4031773,75.64681,5329733
1466,dmmcquay,484,0.00908,4032257,75.65589,5329733
1467,Kaizhe,483,0.00906,4032740,75.66495,5329733
1468,superbrothers,483,0.00906,4033223,75.67402,5329733
1469,ajessup,481,0.00902,4033704,75.68304,5329733
1470,clamoriniere,481,0.00902,4034185,75.69207,5329733
1471,jeffmendoza,481,0.00902,4034666,75.70109,5329733
1472,wu-bin,480,0.00901,4035146,75.71010,5329733
1473,avishnu,479,0.00899,4035625,75.71908,5329733
1474,christinevblum,479,0.00899,4036104,75.72807,5329733
1475,MushuEE,479,0.00899,4036583,75.73706,5329733
1476,charleszheng44,478,0.00897,4037061,75.74603,5329733
1477,fengzixu,478,0.00897,4037539,75.75500,5329733
1478,alejandroEsc,477,0.00895,4038016,75.76395,5329733
1479,jlegrone,477,0.00895,4038493,75.77290,5329733
1480,mergeconflict,477,0.00895,4038970,75.78184,5329733
1481,skinnylatte,477,0.00895,4039447,75.79079,5329733
1482,tsmetana,477,0.00895,4039924,75.79974,5329733
1483,asuresh4,476,0.00893,4040400,75.80868,5329733
1484,janosi,476,0.00893,4040876,75.81761,5329733
1485,praseodym,476,0.00893,4041352,75.82654,5329733
1486,tahsinrahman,476,0.00893,4041828,75.83547,5329733
1487,spacejam,474,0.00889,4042302,75.84436,5329733
1488,jozzi,473,0.00887,4042775,75.85324,5329733
1489,galletti94,472,0.00886,4043247,75.86209,5329733
1490,merenbach,472,0.00886,4043719,75.87095,5329733
1491,hone,471,0.00884,4044190,75.87979,5329733
1492,matzew,471,0.00884,4044661,75.88862,5329733
1493,tabokie,471,0.00884,4045132,75.89746,5329733
1494,yangminzhu,471,0.00884,4045603,75.90630,5329733
1495,yuexiao-wang,471,0.00884,4046074,75.91513,5329733
1496,miguelaeh,470,0.00882,4046544,75.92395,5329733
1497,w0rm,468,0.00878,4047012,75.93273,5329733
1498,Ashald,466,0.00874,4047478,75.94148,5329733
1499,drrt,466,0.00874,4047944,75.95022,5329733
1500,magaldima,466,0.00874,4048410,75.95896,5329733
1501,mattmoor,466,0.00874,4048876,75.96771,5329733
1502,jianzhangbjz,465,0.00872,4049341,75.97643,5329733
1503,marwanad,465,0.00872,4049806,75.98516,5329733
1504,awh,464,0.00871,4050270,75.99386,5329733
1505,gsemet,463,0.00869,4050733,76.00255,5329733
1506,mfdii,463,0.00869,4051196,76.01124,5329733
1507,bells17,461,0.00865,4051657,76.01989,5329733
1508,xianlubird,461,0.00865,4052118,76.02854,5329733
1509,aimeeu,460,0.00863,4052578,76.03717,5329733
1510,jessehu,460,0.00863,4053038,76.04580,5329733
1511,rhrazdil,458,0.00859,4053496,76.05439,5329733
1512,joe-elliott,455,0.00854,4053951,76.06293,5329733
1513,pigletfly,455,0.00854,4054406,76.07147,5329733
1514,tirsen,455,0.00854,4054861,76.08000,5329733
1515,umangachapagain,455,0.00854,4055316,76.08854,5329733
1516,yanirq,455,0.00854,4055771,76.09708,5329733
1517,gaurav1086,454,0.00852,4056225,76.10559,5329733
1518,OrkoHunter,454,0.00852,4056679,76.11411,5329733
1519,adityasaky,453,0.00850,4057132,76.12261,5329733
1520,danielfm,453,0.00850,4057585,76.13111,5329733
1521,AGS-,452,0.00848,4058037,76.13959,5329733
1522,aquarapid,452,0.00848,4058489,76.14807,5329733
1523,donbowman,452,0.00848,4058941,76.15655,5329733
1524,edlee2121,452,0.00848,4059393,76.16503,5329733
1525,sigurdm,452,0.00848,4059845,76.17352,5329733
1526,williscool,451,0.00846,4060296,76.18198,5329733
1527,aoxn,449,0.00842,4060745,76.19040,5329733
1528,mstruk,449,0.00842,4061194,76.19883,5329733
1529,mtrmac,449,0.00842,4061643,76.20725,5329733
1530,yujunz,449,0.00842,4062092,76.21568,5329733
1531,boyskila,448,0.00841,4062540,76.22408,5329733
1532,ChiefAlexander,448,0.00841,4062988,76.23249,5329733
1533,cjellick,448,0.00841,4063436,76.24089,5329733
1534,cpakulski,448,0.00841,4063884,76.24930,5329733
1535,imazik,448,0.00841,4064332,76.25770,5329733
1536,kgolab,448,0.00841,4064780,76.26611,5329733
1537,rmfitzpatrick,448,0.00841,4065228,76.27452,5329733
1538,galal-hussein,447,0.00839,4065675,76.28290,5329733
1539,william-tran,447,0.00839,4066122,76.29129,5329733
1540,yhua123,446,0.00837,4066568,76.29966,5329733
1541,zhan849,446,0.00837,4067014,76.30803,5329733
1542,taimir,444,0.00833,4067458,76.31636,5329733
1543,max-rocket-internet,443,0.00831,4067901,76.32467,5329733
1544,stuclem,443,0.00831,4068344,76.33298,5329733
1545,Bolodya1997,442,0.00829,4068786,76.34127,5329733
1546,chrigl,442,0.00829,4069228,76.34957,5329733
1547,shuoranliu,441,0.00827,4069669,76.35784,5329733
1548,dschafer,440,0.00826,4070109,76.36610,5329733
1549,coocood,438,0.00822,4070547,76.37431,5329733
1550,jojohappy,438,0.00822,4070985,76.38253,5329733
1551,yixingjia,438,0.00822,4071423,76.39075,5329733
1552,BenHall,437,0.00820,4071860,76.39895,5329733
1553,enxebre,436,0.00818,4072296,76.40713,5329733
1554,PratMis,436,0.00818,4072732,76.41531,5329733
1555,ultrasaurus,436,0.00818,4073168,76.42349,5329733
1556,yissachar,435,0.00816,4073603,76.43165,5329733
1557,dominicgunn,434,0.00814,4074037,76.43980,5329733
1558,lsm5,434,0.00814,4074471,76.44794,5329733
1559,timoreimann,434,0.00814,4074905,76.45608,5329733
1560,dsymonds,433,0.00812,4075338,76.46421,5329733
1561,mattbostock,433,0.00812,4075771,76.47233,5329733
1562,f0rmiga,431,0.00809,4076202,76.48042,5329733
1563,ipuustin,431,0.00809,4076633,76.48850,5329733
1564,liyinan926,431,0.00809,4077064,76.49659,5329733
1565,mhrivnak,431,0.00809,4077495,76.50468,5329733
1566,k4leung4,430,0.00807,4077925,76.51274,5329733
1567,rajatjindal,430,0.00807,4078355,76.52081,5329733
1568,timothyhinrichs,430,0.00807,4078785,76.52888,5329733
1569,bharathi-tenneti,429,0.00805,4079214,76.53693,5329733
1570,keitwb,429,0.00805,4079643,76.54498,5329733
1571,klausenbusk,427,0.00801,4080070,76.55299,5329733
1572,johanneswuerbach,426,0.00799,4080496,76.56098,5329733
1573,charrywanganthony,425,0.00797,4080921,76.56896,5329733
1574,kvaps,425,0.00797,4081346,76.57693,5329733
1575,moshloop,425,0.00797,4081771,76.58491,5329733
1576,JimBugwadia,424,0.00796,4082195,76.59286,5329733
1577,noahdesu,424,0.00796,4082619,76.60082,5329733
1578,Joseph-Irving,423,0.00794,4083042,76.60875,5329733
1579,prankul88,423,0.00794,4083465,76.61669,5329733
1580,raffaelespazzoli,423,0.00794,4083888,76.62463,5329733
1581,khaines,422,0.00792,4084310,76.63254,5329733
1582,codablock,420,0.00788,4084730,76.64042,5329733
1583,ethan-daocloud,420,0.00788,4085150,76.64830,5329733
1584,kyguy,420,0.00788,4085570,76.65619,5329733
1585,shashank855,420,0.00788,4085990,76.66407,5329733
1586,slrtbtfs,420,0.00788,4086410,76.67195,5329733
1587,balopat,419,0.00786,4086829,76.67981,5329733
1588,domgreen,419,0.00786,4087248,76.68767,5329733
1589,martincapello,419,0.00786,4087667,76.69553,5329733
1590,mcrute,419,0.00786,4088086,76.70339,5329733
1591,soorena776,419,0.00786,4088505,76.71125,5329733
1592,malafeev,418,0.00784,4088923,76.71910,5329733
1593,AndresGuedez,417,0.00782,4089340,76.72692,5329733
1594,benjigoldberg,417,0.00782,4089757,76.73474,5329733
1595,eloyekunle,417,0.00782,4090174,76.74257,5329733
1596,hpandeycodeit,417,0.00782,4090591,76.75039,5329733
1597,mjmahone,416,0.00781,4091007,76.75820,5329733
1598,flaper87,415,0.00779,4091422,76.76598,5329733
1599,jingax10,415,0.00779,4091837,76.77377,5329733
1600,yuvalif,415,0.00779,4092252,76.78156,5329733
1601,harche,414,0.00777,4092666,76.78933,5329733
1602,pswica,414,0.00777,4093080,76.79709,5329733
1603,sipian,414,0.00777,4093494,76.80486,5329733
1604,qingling128,413,0.00775,4093907,76.81261,5329733
1605,dekkagaijin,412,0.00773,4094319,76.82034,5329733
1606,haiyanmeng,411,0.00771,4094730,76.82805,5329733
1607,artem-belov,410,0.00769,4095140,76.83574,5329733
1608,baude,409,0.00767,4095549,76.84342,5329733
1609,jaypipes,409,0.00767,4095958,76.85109,5329733
1610,compleatang,408,0.00766,4096366,76.85875,5329733
1611,bmelville,407,0.00764,4096773,76.86638,5329733
1612,hantaowang,407,0.00764,4097180,76.87402,5329733
1613,jskeet,407,0.00764,4097587,76.88166,5329733
1614,sushanthakumar,407,0.00764,4097994,76.88929,5329733
1615,yanghaichao12,407,0.00764,4098401,76.89693,5329733
1616,ice1000,406,0.00762,4098807,76.90455,5329733
1617,kbrockhoff,405,0.00760,4099212,76.91215,5329733
1618,leblancd,405,0.00760,4099617,76.91974,5329733
1619,gab-satchi,404,0.00758,4100021,76.92732,5329733
1620,aanm,402,0.00754,4100423,76.93487,5329733
1621,jetwhiz,402,0.00754,4100825,76.94241,5329733
1622,vinaykul,402,0.00754,4101227,76.94995,5329733
1623,supereagle,401,0.00752,4101628,76.95748,5329733
1624,anvithks,400,0.00751,4102028,76.96498,5329733
1625,dnardo,400,0.00751,4102428,76.97249,5329733
1626,alrs,398,0.00747,4102826,76.97995,5329733
1627,Cynerva,398,0.00747,4103224,76.98742,5329733
1628,matthew-chirgwin,398,0.00747,4103622,76.99489,5329733
1629,djoyahoy,397,0.00745,4104019,77.00234,5329733
1630,euroelessar,397,0.00745,4104416,77.00979,5329733
1631,grosser,397,0.00745,4104813,77.01724,5329733
1632,robzhu,397,0.00745,4105210,77.02468,5329733
1633,satbirchhikara,397,0.00745,4105607,77.03213,5329733
1634,a-veitch,396,0.00743,4106003,77.03956,5329733
1635,pengpengshui,394,0.00739,4106397,77.04696,5329733
1636,alanwest,393,0.00737,4106790,77.05433,5329733
1637,davinci26,393,0.00737,4107183,77.06170,5329733
1638,mooncak,393,0.00737,4107576,77.06908,5329733
1639,huang195,392,0.00735,4107968,77.07643,5329733
1640,madorn,392,0.00735,4108360,77.08379,5329733
1641,Shikugawa,392,0.00735,4108752,77.09114,5329733
1642,cd1989,391,0.00734,4109143,77.09848,5329733
1643,PrismaPhonic,391,0.00734,4109534,77.10581,5329733
1644,subhamkrai,390,0.00732,4109924,77.11313,5329733
1645,chaodaiG,389,0.00730,4110313,77.12043,5329733
1646,beautytiger,388,0.00728,4110701,77.12771,5329733
1647,thotz,388,0.00728,4111089,77.13499,5329733
1648,aaron7,387,0.00726,4111476,77.14225,5329733
1649,dweitzman,387,0.00726,4111863,77.14951,5329733
1650,tangcong,387,0.00726,4112250,77.15677,5329733
1651,alanconway,386,0.00724,4112636,77.16402,5329733
1652,haosdent,386,0.00724,4113022,77.17126,5329733
1653,rdrozhdzh,386,0.00724,4113408,77.17850,5329733
1654,shivramsrivastava,386,0.00724,4113794,77.18574,5329733
1655,verwilst,385,0.00722,4114179,77.19297,5329733
1656,berrange,384,0.00720,4114563,77.20017,5329733
1657,bparees,384,0.00720,4114947,77.20738,5329733
1658,codeblooded,383,0.00719,4115330,77.21456,5329733
1659,sunxiaoguang,383,0.00719,4115713,77.22175,5329733
1660,adshmh,382,0.00717,4116095,77.22892,5329733
1661,alex-yust,382,0.00717,4116477,77.23608,5329733
1662,bg451,382,0.00717,4116859,77.24325,5329733
1663,maver1ck,382,0.00717,4117241,77.25042,5329733
1664,sboeuf,382,0.00717,4117623,77.25758,5329733
1665,elfosardo,381,0.00715,4118004,77.26473,5329733
1666,Pensu,381,0.00715,4118385,77.27188,5329733
1667,a11r,380,0.00713,4118765,77.27901,5329733
1668,exarkun,380,0.00713,4119145,77.28614,5329733
1669,mandarjog,380,0.00713,4119525,77.29327,5329733
1670,pbarker,380,0.00713,4119905,77.30040,5329733
1671,aaronlehmann,379,0.00711,4120284,77.30751,5329733
1672,evankanderson,379,0.00711,4120663,77.31462,5329733
1673,gman0,379,0.00711,4121042,77.32173,5329733
1674,vishakhanihore,379,0.00711,4121421,77.32885,5329733
1675,lukemarsden,378,0.00709,4121799,77.33594,5329733
1676,markwolff,377,0.00707,4122176,77.34301,5329733
1677,jarrpa,376,0.00705,4122552,77.35007,5329733
1678,mayzhang2000,375,0.00704,4122927,77.35710,5329733
1679,sophieliu15,375,0.00704,4123302,77.36414,5329733
1680,greenpau,374,0.00702,4123676,77.37116,5329733
1681,lubinsz,373,0.00700,4124049,77.37815,5329733
1682,radhikapc,373,0.00700,4124422,77.38515,5329733
1683,WangXiangUSTC,373,0.00700,4124795,77.39215,5329733
1684,andrewthauer,372,0.00698,4125167,77.39913,5329733
1685,okgolove,372,0.00698,4125539,77.40611,5329733
1686,thorfour,372,0.00698,4125911,77.41309,5329733
1687,diazjf,371,0.00696,4126282,77.42005,5329733
1688,ravigadde,371,0.00696,4126653,77.42701,5329733
1689,NathanMcCauley,370,0.00694,4127023,77.43395,5329733
1690,Quentin-M,370,0.00694,4127393,77.44090,5329733
1691,TBBle,370,0.00694,4127763,77.44784,5329733
1692,dankenigsberg,369,0.00692,4128132,77.45476,5329733
1693,sarahnovotny,369,0.00692,4128501,77.46169,5329733
1694,bentito,368,0.00690,4128869,77.46859,5329733
1695,marcosy,368,0.00690,4129237,77.47549,5329733
1696,xieyanker,368,0.00690,4129605,77.48240,5329733
1697,bdarnell,367,0.00689,4129972,77.48929,5329733
1698,djsly,367,0.00689,4130339,77.49617,5329733
1699,habibrosyad,367,0.00689,4130706,77.50306,5329733
1700,isaach1000,367,0.00689,4131073,77.50994,5329733
1701,MarkThink,367,0.00689,4131440,77.51683,5329733
1702,MoShitrit,367,0.00689,4131807,77.52371,5329733
1703,mpuncel,367,0.00689,4132174,77.53060,5329733
1704,ssalaues,367,0.00689,4132541,77.53749,5329733
1705,tcolgate,367,0.00689,4132908,77.54437,5329733
1706,bonifaido,366,0.00687,4133274,77.55124,5329733
1707,fanzhangio,366,0.00687,4133640,77.55811,5329733
1708,smallteeths,366,0.00687,4134006,77.56497,5329733
1709,annajung,365,0.00685,4134371,77.57182,5329733
1710,claurence,365,0.00685,4134736,77.57867,5329733
1711,csbell,365,0.00685,4135101,77.58552,5329733
1712,pureshine,365,0.00685,4135466,77.59237,5329733
1713,S-ayanide,365,0.00685,4135831,77.59922,5329733
1714,adisuissa,364,0.00683,4136195,77.60605,5329733
1715,answer1991,364,0.00683,4136559,77.61287,5329733
1716,huangyuqi,364,0.00683,4136923,77.61970,5329733
1717,imkin,364,0.00683,4137287,77.62653,5329733
1718,holyhope,363,0.00681,4137650,77.63334,5329733
1719,petr-muller,363,0.00681,4138013,77.64016,5329733
1720,schylek,363,0.00681,4138376,77.64697,5329733
1721,abgworrall,362,0.00679,4138738,77.65376,5329733
1722,barakmich,362,0.00679,4139100,77.66055,5329733
1723,jlewi,362,0.00679,4139462,77.66734,5329733
1724,yuwenma,362,0.00679,4139824,77.67413,5329733
1725,abiogenesis-now,361,0.00677,4140185,77.68091,5329733
1726,catherineluse,361,0.00677,4140546,77.68768,5329733
1727,pontiyaraja,360,0.00675,4140906,77.69444,5329733
1728,dshulyak,359,0.00674,4141265,77.70117,5329733
1729,thisisshi,359,0.00674,4141624,77.70791,5329733
1730,ttpcodes,359,0.00674,4141983,77.71464,5329733
1731,emedina,358,0.00672,4142341,77.72136,5329733
1732,abrarshivani,357,0.00670,4142698,77.72806,5329733
1733,Arvinderpal,357,0.00670,4143055,77.73476,5329733
1734,tossmilestone,357,0.00670,4143412,77.74146,5329733
1735,gallettilance,356,0.00668,4143768,77.74813,5329733
1736,hase1128,356,0.00668,4144124,77.75481,5329733
1737,raoofm,356,0.00668,4144480,77.76149,5329733
1738,Issif,355,0.00666,4144835,77.76815,5329733
1739,aditya109,353,0.00662,4145188,77.77478,5329733
1740,bg-chun,353,0.00662,4145541,77.78140,5329733
1741,pivanof,353,0.00662,4145894,77.78802,5329733
1742,benjie,352,0.00660,4146246,77.79463,5329733
1743,colhom,352,0.00660,4146598,77.80123,5329733
1744,hanfei1991,352,0.00660,4146950,77.80784,5329733
1745,huffmanca,352,0.00660,4147302,77.81444,5329733
1746,longkb,352,0.00660,4147654,77.82105,5329733
1747,pmcollins,352,0.00660,4148006,77.82765,5329733
1748,maxlambrecht,351,0.00659,4148357,77.83424,5329733
1749,stefansedich,351,0.00659,4148708,77.84082,5329733
1750,zehuaiWANG,351,0.00659,4149059,77.84741,5329733
1751,iredelmeier,349,0.00655,4149408,77.85396,5329733
1752,ScorpioCPH,349,0.00655,4149757,77.86050,5329733
1753,tripledes,349,0.00655,4150106,77.86705,5329733
1754,kshafiee,348,0.00653,4150454,77.87358,5329733
1755,pospispa,348,0.00653,4150802,77.88011,5329733
1756,rmichela,347,0.00651,4151149,77.88662,5329733
1757,elbandito,346,0.00649,4151495,77.89311,5329733
1758,knabben,345,0.00647,4151840,77.89959,5329733
1759,sidharthsurana,345,0.00647,4152185,77.90606,5329733
1760,ArangoGutierrez,344,0.00645,4152529,77.91251,5329733
1761,cici37,344,0.00645,4152873,77.91897,5329733
1762,guoshimin,344,0.00645,4153217,77.92542,5329733
1763,KimMcMahon,344,0.00645,4153561,77.93188,5329733
1764,yurrriq,344,0.00645,4153905,77.93833,5329733
1765,yuzhiquan,344,0.00645,4154249,77.94479,5329733
1766,mtwo,343,0.00644,4154592,77.95122,5329733
1767,satyasm,343,0.00644,4154935,77.95766,5329733
1768,chizhg,342,0.00642,4155277,77.96407,5329733
1769,mazzystr,342,0.00642,4155619,77.97049,5329733
1770,stevej,342,0.00642,4155961,77.97691,5329733
1771,andronat,341,0.00640,4156302,77.98331,5329733
1772,mucahitkurt,341,0.00640,4156643,77.98970,5329733
1773,kkmsft,340,0.00638,4156983,77.99608,5329733
1774,nezdolik,340,0.00638,4157323,78.00246,5329733
1775,SomtochiAma,340,0.00638,4157663,78.00884,5329733
1776,eddiezane,339,0.00636,4158002,78.01520,5329733
1777,medinatiger,339,0.00636,4158341,78.02156,5329733
1778,ShylajaDevadiga,339,0.00636,4158680,78.02792,5329733
1779,jianhuiz,338,0.00634,4159018,78.03427,5329733
1780,JmPotato,338,0.00634,4159356,78.04061,5329733
1781,silentdai,338,0.00634,4159694,78.04695,5329733
1782,davidewatson,337,0.00632,4160031,78.05327,5329733
1783,jpreese,337,0.00632,4160368,78.05960,5329733
1784,runningman84,337,0.00632,4160705,78.06592,5329733
1785,batikanu,336,0.00630,4161041,78.07222,5329733
1786,blixtra,336,0.00630,4161377,78.07853,5329733
1787,bswartz,336,0.00630,4161713,78.08483,5329733
1788,Lukasa,336,0.00630,4162049,78.09114,5329733
1789,dgkanatsios,335,0.00629,4162384,78.09742,5329733
1790,matchstick,334,0.00627,4162718,78.10369,5329733
1791,alok87,333,0.00625,4163051,78.10994,5329733
1792,sandeepsukhani,332,0.00623,4163383,78.11616,5329733
1793,yaelharel,332,0.00623,4163715,78.12239,5329733
1794,bih,331,0.00621,4164046,78.12860,5329733
1795,dnephin,331,0.00621,4164377,78.13481,5329733
1796,RobertKielty,331,0.00621,4164708,78.14103,5329733
1797,Zyqsempai,331,0.00621,4165039,78.14724,5329733
1798,drekle,330,0.00619,4165369,78.15343,5329733
1799,mh-park,330,0.00619,4165699,78.15962,5329733
1800,cmoulliard,329,0.00617,4166028,78.16579,5329733
1801,draychev,329,0.00617,4166357,78.17196,5329733
1802,annastopel,328,0.00615,4166685,78.17812,5329733
1803,javaforfun,328,0.00615,4167013,78.18427,5329733
1804,kairen,328,0.00615,4167341,78.19043,5329733
1805,paulangton,328,0.00615,4167669,78.19658,5329733
1806,cadmuxe,327,0.00614,4167996,78.20272,5329733
1807,ferhatelmas,327,0.00614,4168323,78.20885,5329733
1808,midnightconman,327,0.00614,4168650,78.21499,5329733
1809,MikaelCluseau,327,0.00614,4168977,78.22112,5329733
1810,mpolednik,327,0.00614,4169304,78.22726,5329733
1811,yuval-k,327,0.00614,4169631,78.23339,5329733
1812,asalkeld,326,0.00612,4169957,78.23951,5329733
1813,chuckbutler,326,0.00612,4170283,78.24563,5329733
1814,hchenxa,326,0.00612,4170609,78.25174,5329733
1815,Nek,326,0.00612,4170935,78.25786,5329733
1816,sigsbee,326,0.00612,4171261,78.26398,5329733
1817,yxue,326,0.00612,4171587,78.27009,5329733
1818,cirocosta,325,0.00610,4171912,78.27619,5329733
1819,carlpett,324,0.00608,4172236,78.28227,5329733
1820,erinboyd,324,0.00608,4172560,78.28835,5329733
1821,gtcampbell,324,0.00608,4172884,78.29443,5329733
1822,jackfrancis,324,0.00608,4173208,78.30051,5329733
1823,scollier,324,0.00608,4173532,78.30659,5329733
1824,jiatongw,323,0.00606,4173855,78.31265,5329733
1825,johnsonj,323,0.00606,4174178,78.31871,5329733
1826,mvladev,323,0.00606,4174501,78.32477,5329733
1827,preillyme,323,0.00606,4174824,78.33083,5329733
1828,taragu,323,0.00606,4175147,78.33689,5329733
1829,tharun208,323,0.00606,4175470,78.34295,5329733
1830,vharsh,323,0.00606,4175793,78.34901,5329733
1831,zgfh,323,0.00606,4176116,78.35507,5329733
1832,dgonyeo,322,0.00604,4176438,78.36111,5329733
1833,mattmoyer,322,0.00604,4176760,78.36715,5329733
1834,rodaine,322,0.00604,4177082,78.37319,5329733
1835,rohit-nayak-ps,322,0.00604,4177404,78.37924,5329733
1836,skilxn-go,321,0.00602,4177725,78.38526,5329733
1837,Klaven,320,0.00600,4178045,78.39126,5329733
1838,dweomer,319,0.00599,4178364,78.39725,5329733
1839,EmilyM1,319,0.00599,4178683,78.40323,5329733
1840,jsoref,318,0.00597,4179001,78.40920,5329733
1841,runseb,318,0.00597,4179319,78.41517,5329733
1842,aluong,317,0.00595,4179636,78.42111,5329733
1843,gianarb,317,0.00595,4179953,78.42706,5329733
1844,alexellis,315,0.00591,4180268,78.43297,5329733
1845,eziskind,315,0.00591,4180583,78.43888,5329733
1846,qingsenLi,315,0.00591,4180898,78.44479,5329733
1847,simonswine,315,0.00591,4181213,78.45070,5329733
1848,StevenACoffman,315,0.00591,4181528,78.45661,5329733
1849,jinzhejz,314,0.00589,4181842,78.46250,5329733
1850,fengli79,313,0.00587,4182155,78.46838,5329733
1851,nojnhuh,313,0.00587,4182468,78.47425,5329733
1852,abaptiste,312,0.00585,4182780,78.48010,5329733
1853,wahyuoi,312,0.00585,4183092,78.48596,5329733
1854,adamkotwasinski,311,0.00584,4183403,78.49179,5329733
1855,Conorbro,311,0.00584,4183714,78.49763,5329733
1856,paalkr,311,0.00584,4184025,78.50346,5329733
1857,rohan47,311,0.00584,4184336,78.50930,5329733
1858,amitbhatt818,310,0.00582,4184646,78.51512,5329733
1859,auni53,310,0.00582,4184956,78.52093,5329733
1860,dmagliola,310,0.00582,4185266,78.52675,5329733
1861,imroc,310,0.00582,4185576,78.53256,5329733
1862,rutsky,310,0.00582,4185886,78.53838,5329733
1863,stefanberger,310,0.00582,4186196,78.54420,5329733
1864,curiouserrandy,309,0.00580,4186505,78.54999,5329733
1865,DandyDeveloper,309,0.00580,4186814,78.55579,5329733
1866,dougsland,309,0.00580,4187123,78.56159,5329733
1867,joeyb,309,0.00580,4187432,78.56739,5329733
1868,bcronin,308,0.00578,4187740,78.57317,5329733
1869,IanLewis,308,0.00578,4188048,78.57895,5329733
1870,nlowe,308,0.00578,4188356,78.58472,5329733
1871,tfogo,308,0.00578,4188664,78.59050,5329733
1872,granular-ryanbonham,307,0.00576,4188971,78.59626,5329733
1873,ktsakalozos,307,0.00576,4189278,78.60202,5329733
1874,lholmquist,307,0.00576,4189585,78.60778,5329733
1875,petemiron,307,0.00576,4189892,78.61354,5329733
1876,Seequick1,307,0.00576,4190199,78.61930,5329733
1877,enp0s3,306,0.00574,4190505,78.62505,5329733
1878,g1eny0ung,306,0.00574,4190811,78.63079,5329733
1879,jmolmo,306,0.00574,4191117,78.63653,5329733
1880,mikkeloscar,306,0.00574,4191423,78.64227,5329733
1881,nitisht,306,0.00574,4191729,78.64801,5329733
1882,purpleidea,306,0.00574,4192035,78.65375,5329733
1883,grabnerandi,305,0.00572,4192340,78.65948,5329733
1884,klarose,305,0.00572,4192645,78.66520,5329733
1885,feloy,304,0.00570,4192949,78.67090,5329733
1886,Ghostbaby,304,0.00570,4193253,78.67661,5329733
1887,michaelspedersen,304,0.00570,4193557,78.68231,5329733
1888,yosrym93,304,0.00570,4193861,78.68801,5329733
1889,mcpherrinm,303,0.00569,4194164,78.69370,5329733
1890,rpothier,303,0.00569,4194467,78.69938,5329733
1891,swolchok,303,0.00569,4194770,78.70507,5329733
1892,bradfitz,302,0.00567,4195072,78.71073,5329733
1893,mmirecki,302,0.00567,4195374,78.71640,5329733
1894,acharis,301,0.00565,4195675,78.72205,5329733
1895,erzel,301,0.00565,4195976,78.72770,5329733
1896,florincoras,301,0.00565,4196277,78.73334,5329733
1897,jan-est,301,0.00565,4196578,78.73899,5329733
1898,249043822,300,0.00563,4196878,78.74462,5329733
1899,Ark-kun,300,0.00563,4197178,78.75025,5329733
1900,canguler,300,0.00563,4197478,78.75588,5329733
1901,ibzib,300,0.00563,4197778,78.76151,5329733
1902,itowlson,300,0.00563,4198078,78.76714,5329733
1903,micahyoung,300,0.00563,4198378,78.77276,5329733
1904,nak3,300,0.00563,4198678,78.77839,5329733
1905,tomplus,300,0.00563,4198978,78.78402,5329733
1906,waveywaves,300,0.00563,4199278,78.78965,5329733
1907,iksaif,299,0.00561,4199577,78.79526,5329733
1908,whitlockjc,299,0.00561,4199876,78.80087,5329733
1909,bruno-garcia,298,0.00559,4200174,78.80646,5329733
1910,cheyang,298,0.00559,4200472,78.81205,5329733
1911,cumason123,298,0.00559,4200770,78.81764,5329733
1912,drubin,298,0.00559,4201068,78.82324,5329733
1913,igoihman,298,0.00559,4201366,78.82883,5329733
1914,cneijenhuis,297,0.00557,4201663,78.83440,5329733
1915,Gcolliso,297,0.00557,4201960,78.83997,5329733
1916,vorburger,297,0.00557,4202257,78.84554,5329733
1917,yuanchen8911,297,0.00557,4202554,78.85112,5329733
1918,dyusupov,296,0.00555,4202850,78.85667,5329733
1919,makoscafee,296,0.00555,4203146,78.86222,5329733
1920,matthewstevenson88,296,0.00555,4203442,78.86778,5329733
1921,soggiest,296,0.00555,4203738,78.87333,5329733
1922,camilb,295,0.00553,4204033,78.87887,5329733
1923,ccojocar,295,0.00553,4204328,78.88440,5329733
1924,mitar,295,0.00553,4204623,78.88994,5329733
1925,obeyler,295,0.00553,4204918,78.89547,5329733
1926,rbreeze,295,0.00553,4205213,78.90101,5329733
1927,rndstr,295,0.00553,4205508,78.90654,5329733
1928,burmanm,294,0.00552,4205802,78.91206,5329733
1929,CaitinChen,294,0.00552,4206096,78.91757,5329733
1930,maisem,294,0.00552,4206390,78.92309,5329733
1931,ptabor,294,0.00552,4206684,78.92861,5329733
1932,seanson,294,0.00552,4206978,78.93412,5329733
1933,uu59,294,0.00552,4207272,78.93964,5329733
1934,AloisReitbauer,293,0.00550,4207565,78.94514,5329733
1935,containscafeine,293,0.00550,4207858,78.95063,5329733
1936,nareddyt,293,0.00550,4208151,78.95613,5329733
1937,tcharding,293,0.00550,4208444,78.96163,5329733
1938,Superhepper,292,0.00548,4208736,78.96711,5329733
1939,akrejcir,291,0.00546,4209027,78.97257,5329733
1940,MorrisLaw,291,0.00546,4209318,78.97803,5329733
1941,mrhillsman,291,0.00546,4209609,78.98349,5329733
1942,uluyol,291,0.00546,4209900,78.98895,5329733
1943,andrewhsu,290,0.00544,4210190,78.99439,5329733
1944,Gallardot,290,0.00544,4210480,78.99983,5329733
1945,kkm000,290,0.00544,4210770,79.00527,5329733
1946,kunalkushwaha,290,0.00544,4211060,79.01071,5329733
1947,geerlingguy,289,0.00542,4211349,79.01613,5329733
1948,invalid-email-address,289,0.00542,4211638,79.02156,5329733
1949,sohankunkerkar,289,0.00542,4211927,79.02698,5329733
1950,agau4779,288,0.00540,4212215,79.03238,5329733
1951,ajeshbaby,288,0.00540,4212503,79.03779,5329733
1952,ehazlett,288,0.00540,4212791,79.04319,5329733
1953,heyste,288,0.00540,4213079,79.04859,5329733
1954,invidian,288,0.00540,4213367,79.05400,5329733
1955,danielpacak,287,0.00538,4213654,79.05938,5329733
1956,darkowlzz,287,0.00538,4213941,79.06477,5329733
1957,JoeWrightss,287,0.00538,4214228,79.07015,5329733
1958,lojies,287,0.00538,4214515,79.07554,5329733
1959,madhanrm,287,0.00538,4214802,79.08092,5329733
1960,paulyoong,287,0.00538,4215089,79.08631,5329733
1961,tbg,287,0.00538,4215376,79.09169,5329733
1962,thesuperzapper,287,0.00538,4215663,79.09708,5329733
1963,tomdee,287,0.00538,4215950,79.10246,5329733
1964,abhi,286,0.00537,4216236,79.10783,5329733
1965,paulfantom,285,0.00535,4216521,79.11318,5329733
1966,rekcah78,285,0.00535,4216806,79.11852,5329733
1967,ronnielai,285,0.00535,4217091,79.12387,5329733
1968,AnanyaKumar,284,0.00533,4217375,79.12920,5329733
1969,christianhuening,284,0.00533,4217659,79.13453,5329733
1970,ehashman,284,0.00533,4217943,79.13986,5329733
1971,glerchundi,284,0.00533,4218227,79.14518,5329733
1972,michalskrivanek,284,0.00533,4218511,79.15051,5329733
1973,oz123,284,0.00533,4218795,79.15584,5329733
1974,rathpc,284,0.00533,4219079,79.16117,5329733
1975,rtheis,284,0.00533,4219363,79.16650,5329733
1976,xiaoanyunfei,284,0.00533,4219647,79.17183,5329733
1977,tonglil,283,0.00531,4219930,79.17714,5329733
1978,briansmith,282,0.00529,4220212,79.18243,5329733
1979,csrwng,282,0.00529,4220494,79.18772,5329733
1980,jiangyaoguo,282,0.00529,4220776,79.19301,5329733
1981,thecrudge,282,0.00529,4221058,79.19830,5329733
1982,xsgordon,282,0.00529,4221340,79.20359,5329733
1983,adelton,281,0.00527,4221621,79.20886,5329733
1984,APTy,281,0.00527,4221902,79.21414,5329733
1985,bshaffer,281,0.00527,4222183,79.21941,5329733
1986,KTan1226,281,0.00527,4222464,79.22468,5329733
1987,mbssaiakhil,281,0.00527,4222745,79.22995,5329733
1988,Antiarchitect,280,0.00525,4223025,79.23521,5329733
1989,coderanger,280,0.00525,4223305,79.24046,5329733
1990,fidencio,280,0.00525,4223585,79.24571,5329733
1991,hprateek43,280,0.00525,4223865,79.25097,5329733
1992,kishorj,280,0.00525,4224145,79.25622,5329733
1993,Smana,280,0.00525,4224425,79.26148,5329733
1994,badiib,279,0.00523,4224704,79.26671,5329733
1995,bhack,279,0.00523,4224983,79.27194,5329733
1996,yuvipanda,279,0.00523,4225262,79.27718,5329733
1997,chriskim06,278,0.00522,4225540,79.28240,5329733
1998,Crazykev,278,0.00522,4225818,79.28761,5329733
1999,elmiko,278,0.00522,4226096,79.29283,5329733
2000,jabrown85,278,0.00522,4226374,79.29804,5329733
2001,lwander,278,0.00522,4226652,79.30326,5329733
2002,thandayuthapani,278,0.00522,4226930,79.30848,5329733
2003,ZhuZhengyi,278,0.00522,4227208,79.31369,5329733
2004,danielwertheim,277,0.00520,4227485,79.31889,5329733
2005,gbraad,277,0.00520,4227762,79.32409,5329733
2006,harishsurf,277,0.00520,4228039,79.32928,5329733
2007,nolancon,277,0.00520,4228316,79.33448,5329733
2008,paivagustavo,277,0.00520,4228593,79.33968,5329733
2009,sp98,277,0.00520,4228870,79.34488,5329733
2010,zerkms,277,0.00520,4229147,79.35007,5329733
2011,zhangqx2010,277,0.00520,4229424,79.35527,5329733
2012,zsurocking,277,0.00520,4229701,79.36047,5329733
2013,ZymoticB,277,0.00520,4229978,79.36566,5329733
2014,JimmyCYJ,276,0.00518,4230254,79.37084,5329733
2015,rickypai,276,0.00518,4230530,79.37602,5329733
2016,cjones1024,275,0.00516,4230805,79.38118,5329733
2017,jamtur01,275,0.00516,4231080,79.38634,5329733
2018,mdshuai,275,0.00516,4231355,79.39150,5329733
2019,Flarna,274,0.00514,4231629,79.39664,5329733
2020,hypnoglow,274,0.00514,4231903,79.40178,5329733
2021,mikkosest,274,0.00514,4232177,79.40692,5329733
2022,cimomo,273,0.00512,4232450,79.41205,5329733
2023,EleanorRigby,273,0.00512,4232723,79.41717,5329733
2024,kazegusuri,273,0.00512,4232996,79.42229,5329733
2025,maxgolov,273,0.00512,4233269,79.42741,5329733
2026,mfilocha,273,0.00512,4233542,79.43253,5329733
2027,michaelmdresser,273,0.00512,4233815,79.43766,5329733
2028,qiell,273,0.00512,4234088,79.44278,5329733
2029,mazzy89,272,0.00510,4234360,79.44788,5329733
2030,vimalk78,272,0.00510,4234632,79.45299,5329733
2031,ZhiFeng1993,272,0.00510,4234904,79.45809,5329733
2032,chelseychen,271,0.00508,4235175,79.46317,5329733
2033,hawkingrei,271,0.00508,4235446,79.46826,5329733
2034,dazuma,270,0.00507,4235716,79.47332,5329733
2035,HenryYYang,270,0.00507,4235986,79.47839,5329733
2036,Mr-Linus,270,0.00507,4236256,79.48346,5329733
2037,frittentheke,269,0.00505,4236525,79.48850,5329733
2038,mnm678,269,0.00505,4236794,79.49355,5329733
2039,mythi,269,0.00505,4237063,79.49860,5329733
2040,procrypt,269,0.00505,4237332,79.50364,5329733
2041,sakshamsharma,269,0.00505,4237601,79.50869,5329733
2042,sgoings,269,0.00505,4237870,79.51374,5329733
2043,shomron,269,0.00505,4238139,79.51879,5329733
2044,simonjjones,269,0.00505,4238408,79.52383,5329733
2045,so0k,269,0.00505,4238677,79.52888,5329733
2046,stjepang,269,0.00505,4238946,79.53393,5329733
2047,tghartland,269,0.00505,4239215,79.53898,5329733
2048,UncP,269,0.00505,4239484,79.54402,5329733
2049,dkhenry,268,0.00503,4239752,79.54905,5329733
2050,mkorbi,268,0.00503,4240020,79.55408,5329733
2051,dtuite,267,0.00501,4240287,79.55909,5329733
2052,MarkusTeufelberger,267,0.00501,4240554,79.56410,5329733
2053,mit-mit,267,0.00501,4240821,79.56911,5329733
2054,yamt,267,0.00501,4241088,79.57412,5329733
2055,Angelmmiguel,266,0.00499,4241354,79.57911,5329733
2056,easeway,266,0.00499,4241620,79.58410,5329733
2057,Hexilee,266,0.00499,4241886,79.58909,5329733
2058,nvtkaszpir,266,0.00499,4242152,79.59408,5329733
2059,sheerun,266,0.00499,4242418,79.59907,5329733
2060,shovanmaity,266,0.00499,4242684,79.60406,5329733
2061,zhuhyc,266,0.00499,4242950,79.60905,5329733
2062,aronchick,265,0.00497,4243215,79.61403,5329733
2063,kbidarkar,265,0.00497,4243480,79.61900,5329733
2064,marcoceppi,265,0.00497,4243745,79.62397,5329733
2065,DorianZheng,264,0.00495,4244009,79.62892,5329733
2066,k82,264,0.00495,4244273,79.63388,5329733
2067,lcfang,264,0.00495,4244537,79.63883,5329733
2068,rade,264,0.00495,4244801,79.64378,5329733
2069,sjpotter,264,0.00495,4245065,79.64874,5329733
2070,jku,263,0.00493,4245328,79.65367,5329733
2071,josephburnett,263,0.00493,4245591,79.65861,5329733
2072,mhaidrygoog,263,0.00493,4245854,79.66354,5329733
2073,pcwiese,263,0.00493,4246117,79.66847,5329733
2074,renmaosheng,263,0.00493,4246380,79.67341,5329733
2075,TommyCpp,263,0.00493,4246643,79.67834,5329733
2076,FAYiEKcbD0XFqF2QK2E4viAHg8rMm2VbjYKdjTg,262,0.00492,4246905,79.68326,5329733
2077,guantaol,262,0.00492,4247167,79.68818,5329733
2078,Hui-Zhi,262,0.00492,4247429,79.69309,5329733
2079,OlegIlyenko,262,0.00492,4247691,79.69801,5329733
2080,deissnerk,261,0.00490,4247952,79.70290,5329733
2081,fibonacci1729,261,0.00490,4248213,79.70780,5329733
2082,Hellcatlk,261,0.00490,4248474,79.71270,5329733
2083,koushiro,261,0.00490,4248735,79.71760,5329733
2084,carlory,260,0.00488,4248995,79.72247,5329733
2085,mmpei,260,0.00488,4249255,79.72735,5329733
2086,prafull01,260,0.00488,4249515,79.73223,5329733
2087,jhump,259,0.00486,4249774,79.73709,5329733
2088,lilin90,259,0.00486,4250033,79.74195,5329733
2089,queenypingcap,259,0.00486,4250292,79.74681,5329733
2090,thewolfpack,259,0.00486,4250551,79.75167,5329733
2091,alosadagrande,258,0.00484,4250809,79.75651,5329733
2092,AllenZMC,257,0.00482,4251066,79.76133,5329733
2093,LisaLudique,257,0.00482,4251323,79.76615,5329733
2094,onyiny-ang,257,0.00482,4251580,79.77098,5329733
2095,rdimitrov,257,0.00482,4251837,79.77580,5329733
2096,simon3z,257,0.00482,4252094,79.78062,5329733
2097,timyinshi,257,0.00482,4252351,79.78544,5329733
2098,d-nishi,256,0.00480,4252607,79.79024,5329733
2099,grantr,256,0.00480,4252863,79.79505,5329733
2100,mwitkow,256,0.00480,4253119,79.79985,5329733
2101,is-ashish,255,0.00478,4253374,79.80464,5329733
2102,reimertz,255,0.00478,4253629,79.80942,5329733
2103,wenlxie,255,0.00478,4253884,79.81420,5329733
2104,cyriltovena,254,0.00477,4254138,79.81897,5329733
2105,Miciah,254,0.00477,4254392,79.82374,5329733
2106,tnir,254,0.00477,4254646,79.82850,5329733
2107,blueelvis,253,0.00475,4254899,79.83325,5329733
2108,nabilschear,253,0.00475,4255152,79.83800,5329733
2109,sjoerdtalsma,253,0.00475,4255405,79.84274,5329733
2110,zhlhahaha,253,0.00475,4255658,79.84749,5329733
2111,Flydiverny,252,0.00473,4255910,79.85222,5329733
2112,gkleiman,252,0.00473,4256162,79.85695,5329733
2113,aaroniscode,251,0.00471,4256413,79.86166,5329733
2114,arun-gupta,251,0.00471,4256664,79.86636,5329733
2115,gengleilei,251,0.00471,4256915,79.87107,5329733
2116,metral,251,0.00471,4257166,79.87578,5329733
2117,ryysud,251,0.00471,4257417,79.88049,5329733
2118,ZeusTheTrueGod,251,0.00471,4257668,79.88520,5329733
2119,derekhiggins,250,0.00469,4257918,79.88989,5329733
2120,ericmustin,250,0.00469,4258168,79.89458,5329733
2121,mrkm4ntr,250,0.00469,4258418,79.89927,5329733
2122,MVrachev,250,0.00469,4258668,79.90397,5329733
2123,obnoxxx,250,0.00469,4258918,79.90866,5329733
2124,tschottdorf,250,0.00469,4259168,79.91335,5329733
2125,ashleyschuett,249,0.00467,4259417,79.91802,5329733
2126,ChandanSagar,249,0.00467,4259666,79.92269,5329733
2127,lidiyag,249,0.00467,4259915,79.92736,5329733
2128,tnqn,249,0.00467,4260164,79.93203,5329733
2129,ymotongpoo,249,0.00467,4260413,79.93671,5329733
2130,alemorcuq,248,0.00465,4260661,79.94136,5329733
2131,bzub,248,0.00465,4260909,79.94601,5329733
2132,carlosedp,248,0.00465,4261157,79.95067,5329733
2133,j3ffml,248,0.00465,4261405,79.95532,5329733
2134,matthewcarleton,248,0.00465,4261653,79.95997,5329733
2135,rkouj,248,0.00465,4261901,79.96462,5329733
2136,trishankkarthik,248,0.00465,4262149,79.96928,5329733
2137,gregwebs,247,0.00463,4262396,79.97391,5329733
2138,jeff-phillips-18,247,0.00463,4262643,79.97855,5329733
2139,sebastian-philipp,247,0.00463,4262890,79.98318,5329733
2140,TheFoxAtWork,247,0.00463,4263137,79.98782,5329733
2141,frobware,246,0.00462,4263383,79.99243,5329733
2142,goaway,246,0.00462,4263629,79.99705,5329733
2143,liangguo,246,0.00462,4263875,80.00166,5329733
2144,markpeek,246,0.00462,4264121,80.00628,5329733
2145,martinmaly,246,0.00462,4264367,80.01089,5329733
2146,omerlh,246,0.00462,4264613,80.01551,5329733
2147,ringtail,246,0.00462,4264859,80.02012,5329733
2148,14rcole,245,0.00460,4265104,80.02472,5329733
2149,ashleighgregory,245,0.00460,4265349,80.02932,5329733
2150,dqminh,245,0.00460,4265594,80.03392,5329733
2151,gtaylor,245,0.00460,4265839,80.03851,5329733
2152,koponen-styra,245,0.00460,4266084,80.04311,5329733
2153,nikek,245,0.00460,4266329,80.04771,5329733
2154,phsiao,245,0.00460,4266574,80.05230,5329733
2155,YuxiJin-tobeyjin,245,0.00460,4266819,80.05690,5329733
2156,jeremyeder,244,0.00458,4267063,80.06148,5329733
2157,kimxogus,244,0.00458,4267307,80.06606,5329733
2158,lmdaly,244,0.00458,4267551,80.07063,5329733
2159,matthewmcnew,244,0.00458,4267795,80.07521,5329733
2160,roman-vynar,244,0.00458,4268039,80.07979,5329733
2161,alexvicegrab,243,0.00456,4268282,80.08435,5329733
2162,bnlandry,243,0.00456,4268525,80.08891,5329733
2163,ngtuna,243,0.00456,4268768,80.09347,5329733
2164,yuchaoran2011,243,0.00456,4269011,80.09803,5329733
2165,dongsupark,242,0.00454,4269253,80.10257,5329733
2166,dumbunny,242,0.00454,4269495,80.10711,5329733
2167,Jiawei0227,242,0.00454,4269737,80.11165,5329733
2168,tsaarni,242,0.00454,4269979,80.11619,5329733
2169,devkid,241,0.00452,4270220,80.12071,5329733
2170,huzhengchuan,241,0.00452,4270461,80.12523,5329733
2171,JeffLuoo,241,0.00452,4270702,80.12976,5329733
2172,vielmetti,241,0.00452,4270943,80.13428,5329733
2173,ydcool,241,0.00452,4271184,80.13880,5329733
2174,bsideup,240,0.00450,4271424,80.14330,5329733
2175,hectorhdzg,240,0.00450,4271664,80.14780,5329733
2176,iamemilio,240,0.00450,4271904,80.15231,5329733
2177,JorritSalverda,240,0.00450,4272144,80.15681,5329733
2178,nan-yu,240,0.00450,4272384,80.16131,5329733
2179,phoenixking25,240,0.00450,4272624,80.16582,5329733
2180,yaacov,240,0.00450,4272864,80.17032,5329733
2181,javier-b-perez,239,0.00448,4273103,80.17480,5329733
2182,qmfrederik,239,0.00448,4273342,80.17929,5329733
2183,ArchiFleKs,238,0.00447,4273580,80.18375,5329733
2184,crawford,238,0.00447,4273818,80.18822,5329733
2185,dschaller,238,0.00447,4274056,80.19269,5329733
2186,huikang,238,0.00447,4274294,80.19715,5329733
2187,voor,238,0.00447,4274532,80.20162,5329733
2188,pskrzyns,237,0.00445,4274769,80.20606,5329733
2189,robinpercy,237,0.00445,4275006,80.21051,5329733
2190,YoyinZyc,237,0.00445,4275243,80.21496,5329733
2191,yudai,237,0.00445,4275480,80.21940,5329733
2192,longfangsong,236,0.00443,4275716,80.22383,5329733
2193,sparkprime,236,0.00443,4275952,80.22826,5329733
2194,JeremyOT,235,0.00441,4276187,80.23267,5329733
2195,JieJhih,235,0.00441,4276422,80.23708,5329733
2196,jonyhy96,235,0.00441,4276657,80.24149,5329733
2197,rosskukulinski,235,0.00441,4276892,80.24590,5329733
2198,Cweiping,234,0.00439,4277126,80.25029,5329733
2199,dhirajh,234,0.00439,4277360,80.25468,5329733
2200,vtolstov,234,0.00439,4277594,80.25907,5329733
2201,w3aman,234,0.00439,4277828,80.26346,5329733
2202,clyang82,233,0.00437,4278061,80.26783,5329733
2203,derrickburns,233,0.00437,4278294,80.27220,5329733
2204,huchengze,233,0.00437,4278527,80.27657,5329733
2205,joejulian,233,0.00437,4278760,80.28094,5329733
2206,KongZ,233,0.00437,4278993,80.28532,5329733
2207,mdouaihy,233,0.00437,4279226,80.28969,5329733
2208,nizamial09,233,0.00437,4279459,80.29406,5329733
2209,pierreozoux,233,0.00437,4279692,80.29843,5329733
2210,prmsrswt,233,0.00437,4279925,80.30280,5329733
2211,928234269,232,0.00435,4280157,80.30716,5329733
2212,AlmogBaku,232,0.00435,4280389,80.31151,5329733
2213,knightXun,232,0.00435,4280621,80.31586,5329733
2214,MalloZup,232,0.00435,4280853,80.32021,5329733
2215,spencergilbert,232,0.00435,4281085,80.32457,5329733
2216,incfly,231,0.00433,4281316,80.32890,5329733
2217,onlyjob,231,0.00433,4281547,80.33324,5329733
2218,smoshiur1237,231,0.00433,4281778,80.33757,5329733
2219,bianpengyuan,230,0.00432,4282008,80.34189,5329733
2220,harshvkarn,230,0.00432,4282238,80.34620,5329733
2221,MartinBasti,230,0.00432,4282468,80.35052,5329733
2222,nellyc,230,0.00432,4282698,80.35483,5329733
2223,bakins,229,0.00430,4282927,80.35913,5329733
2224,bep,229,0.00430,4283156,80.36343,5329733
2225,darshanime,229,0.00430,4283385,80.36772,5329733
2226,raravena80,229,0.00430,4283614,80.37202,5329733
2227,rbtcollins,229,0.00430,4283843,80.37632,5329733
2228,turbaszek,229,0.00430,4284072,80.38061,5329733
2229,GarrettGutierrez1,228,0.00428,4284300,80.38489,5329733
2230,mkjelland,228,0.00428,4284528,80.38917,5329733
2231,abhinandanpb,227,0.00426,4284755,80.39343,5329733
2232,FengyunPan2,227,0.00426,4284982,80.39769,5329733
2233,holmsten,227,0.00426,4285209,80.40195,5329733
2234,jkandasa,227,0.00426,4285436,80.40620,5329733
2235,wangcanfengxs,227,0.00426,4285663,80.41046,5329733
2236,wenbozhu,227,0.00426,4285890,80.41472,5329733
2237,xiaoxubeii,227,0.00426,4286117,80.41898,5329733
2238,yann-soubeyrand,227,0.00426,4286344,80.42324,5329733
2239,dipack95,226,0.00424,4286570,80.42748,5329733
2240,guenter,226,0.00424,4286796,80.43172,5329733
2241,hafe,226,0.00424,4287022,80.43596,5329733
2242,iterion,226,0.00424,4287248,80.44020,5329733
2243,komljen,226,0.00424,4287474,80.44444,5329733
2244,netroby,226,0.00424,4287700,80.44868,5329733
2245,nikhil-thomas,226,0.00424,4287926,80.45292,5329733
2246,steuhs,226,0.00424,4288152,80.45716,5329733
2247,timja,226,0.00424,4288378,80.46140,5329733
2248,amy,225,0.00422,4288603,80.46563,5329733
2249,arghya88,225,0.00422,4288828,80.46985,5329733
2250,obitech,225,0.00422,4289053,80.47407,5329733
2251,rakyll,225,0.00422,4289278,80.47829,5329733
2252,ryanmcginnis,225,0.00422,4289503,80.48251,5329733
2253,Starefossen,225,0.00422,4289728,80.48673,5329733
2254,you06,225,0.00422,4289953,80.49096,5329733
2255,databus23,224,0.00420,4290177,80.49516,5329733
2256,marpaia,224,0.00420,4290401,80.49936,5329733
2257,peter-edge,224,0.00420,4290625,80.50356,5329733
2258,seaneagan,224,0.00420,4290849,80.50777,5329733
2259,sesmith177,224,0.00420,4291073,80.51197,5329733
2260,towca,224,0.00420,4291297,80.51617,5329733
2261,yankcrime,224,0.00420,4291521,80.52038,5329733
2262,ajaeger,223,0.00418,4291744,80.52456,5329733
2263,AlekSi,223,0.00418,4291967,80.52874,5329733
2264,liubin,223,0.00418,4292190,80.53293,5329733
2265,squillace,223,0.00418,4292413,80.53711,5329733
2266,yodahekinsew,223,0.00418,4292636,80.54130,5329733
2267,ILpinto,222,0.00417,4292858,80.54546,5329733
2268,jchauncey,222,0.00417,4293080,80.54963,5329733
2269,mattj-io,222,0.00417,4293302,80.55379,5329733
2270,yulin-liang,222,0.00417,4293524,80.55796,5329733
2271,craigbox,221,0.00415,4293745,80.56210,5329733
2272,felixfbecker,221,0.00415,4293966,80.56625,5329733
2273,mbbroberg,221,0.00415,4294187,80.57040,5329733
2274,Morriz,221,0.00415,4294408,80.57454,5329733
2275,olivierlemasle,221,0.00415,4294629,80.57869,5329733
2276,YaoZengzeng,221,0.00415,4294850,80.58284,5329733
2277,AlexeyPerevalov,220,0.00413,4295070,80.58696,5329733
2278,glycerine,220,0.00413,4295290,80.59109,5329733
2279,IsAmrish,220,0.00413,4295510,80.59522,5329733
2280,jasongwartz,220,0.00413,4295730,80.59935,5329733
2281,leszko,220,0.00413,4295950,80.60347,5329733
2282,rajeshdeshpande02,220,0.00413,4296170,80.60760,5329733
2283,wmcdona89,220,0.00413,4296390,80.61173,5329733
2284,admiyo,219,0.00411,4296609,80.61584,5329733
2285,aknuds1,219,0.00411,4296828,80.61995,5329733
2286,ashudeep-sharma,219,0.00411,4297047,80.62406,5329733
2287,glevand,219,0.00411,4297266,80.62817,5329733
2288,heartlock,219,0.00411,4297485,80.63228,5329733
2289,khyatisoneji,219,0.00411,4297704,80.63638,5329733
2290,pierewoj,219,0.00411,4297923,80.64049,5329733
2291,tonistiigi,219,0.00411,4298142,80.64460,5329733
2292,dklempner,218,0.00409,4298360,80.64869,5329733
2293,eduartua,218,0.00409,4298578,80.65278,5329733
2294,Sanjay1611,218,0.00409,4298796,80.65687,5329733
2295,turkenh,218,0.00409,4299014,80.66096,5329733
2296,yevgenypats,218,0.00409,4299232,80.66505,5329733
2297,anderseknert,217,0.00407,4299449,80.66913,5329733
2298,bobbypage,217,0.00407,4299666,80.67320,5329733
2299,deepak-vij,217,0.00407,4299883,80.67727,5329733
2300,ReSearchITEng,217,0.00407,4300100,80.68134,5329733
2301,theishshah,217,0.00407,4300317,80.68541,5329733
2302,adrien-f,216,0.00405,4300533,80.68946,5329733
2303,ArthurSens,216,0.00405,4300749,80.69352,5329733
2304,bjhaid,216,0.00405,4300965,80.69757,5329733
2305,jackkleeman,216,0.00405,4301181,80.70162,5329733
2306,Akilan1999,215,0.00403,4301396,80.70566,5329733
2307,frodenas,215,0.00403,4301611,80.70969,5329733
2308,gaorong,215,0.00403,4301826,80.71372,5329733
2309,paskal,215,0.00403,4302041,80.71776,5329733
2310,pierluigilenoci,215,0.00403,4302256,80.72179,5329733
2311,pigmej,215,0.00403,4302471,80.72583,5329733
2312,angao,214,0.00402,4302685,80.72984,5329733
2313,ankatare,214,0.00402,4302899,80.73386,5329733
2314,Fale,214,0.00402,4303113,80.73787,5329733
2315,jhspaybar,214,0.00402,4303327,80.74189,5329733
2316,KIVagant,214,0.00402,4303541,80.74590,5329733
2317,leth,214,0.00402,4303755,80.74992,5329733
2318,vivekbagade,214,0.00402,4303969,80.75393,5329733
2319,jeremylinlin,213,0.00400,4304182,80.75793,5329733
2320,josiahbjorgaard,213,0.00400,4304395,80.76193,5329733
2321,victornoel,213,0.00400,4304608,80.76592,5329733
2322,vpickard,213,0.00400,4304821,80.76992,5329733
2323,lizrice,212,0.00398,4305033,80.77390,5329733
2324,rtreffer,212,0.00398,4305245,80.77787,5329733
2325,sieben,212,0.00398,4305457,80.78185,5329733
2326,taiki45,212,0.00398,4305669,80.78583,5329733
2327,tianon,212,0.00398,4305881,80.78981,5329733
2328,fasaxc,211,0.00396,4306092,80.79377,5329733
2329,guanw,211,0.00396,4306303,80.79772,5329733
2330,hobti01,211,0.00396,4306514,80.80168,5329733
2331,sebastien-prudhomme,211,0.00396,4306725,80.80564,5329733
2332,TamalSaha,211,0.00396,4306936,80.80960,5329733
2333,walmav,211,0.00396,4307147,80.81356,5329733
2334,zhucan,211,0.00396,4307358,80.81752,5329733
2335,ashie,210,0.00394,4307568,80.82146,5329733
2336,dhawal55,210,0.00394,4307778,80.82540,5329733
2337,george-angel,210,0.00394,4307988,80.82934,5329733
2338,gunnarmorling,210,0.00394,4308198,80.83328,5329733
2339,mwitkow-io,210,0.00394,4308408,80.83722,5329733
2340,srueg,210,0.00394,4308618,80.84116,5329733
2341,abursavich,209,0.00392,4308827,80.84508,5329733
2342,c3y1huang,209,0.00392,4309036,80.84900,5329733
2343,felipejfc,209,0.00392,4309245,80.85292,5329733
2344,guymguym,209,0.00392,4309454,80.85685,5329733
2345,josdotso,209,0.00392,4309663,80.86077,5329733
2346,kevinschumacher,209,0.00392,4309872,80.86469,5329733
2347,ledor473,209,0.00392,4310081,80.86861,5329733
2348,matrohon,209,0.00392,4310290,80.87253,5329733
2349,Ace-Tang,208,0.00390,4310498,80.87643,5329733
2350,butuzov,208,0.00390,4310706,80.88034,5329733
2351,jimmycuadra,208,0.00390,4310914,80.88424,5329733
2352,ran-su,208,0.00390,4311122,80.88814,5329733
2353,adityakali,207,0.00388,4311329,80.89203,5329733
2354,a-mccarthy,207,0.00388,4311536,80.89591,5329733
2355,Jonsy13,207,0.00388,4311743,80.89979,5329733
2356,kenden,207,0.00388,4311950,80.90368,5329733
2357,arcivanov,206,0.00387,4312156,80.90754,5329733
2358,jamesward,206,0.00387,4312362,80.91141,5329733
2359,kgrygiel,206,0.00387,4312568,80.91527,5329733
2360,lixiaobing10051267,206,0.00387,4312774,80.91914,5329733
2361,mmussomele,206,0.00387,4312980,80.92300,5329733
2362,samuelkarp,206,0.00387,4313186,80.92687,5329733
2363,shalini-b,206,0.00387,4313392,80.93073,5329733
2364,Vizerai,206,0.00387,4313598,80.93460,5329733
2365,AceHack,205,0.00385,4313803,80.93844,5329733
2366,Aresforchina,205,0.00385,4314008,80.94229,5329733
2367,dlx,205,0.00385,4314213,80.94614,5329733
2368,huangjiuyuan,205,0.00385,4314418,80.94998,5329733
2369,itskingori,205,0.00385,4314623,80.95383,5329733
2370,jianwen612,205,0.00385,4314828,80.95768,5329733
2371,lowasser,205,0.00385,4315033,80.96152,5329733
2372,lvfxx,205,0.00385,4315238,80.96537,5329733
2373,sjmudd,205,0.00385,4315443,80.96922,5329733
2374,yaron2,205,0.00385,4315648,80.97306,5329733
2375,2rs2ts,204,0.00383,4315852,80.97689,5329733
2376,amygdala,204,0.00383,4316056,80.98072,5329733
2377,bcwaldon,204,0.00383,4316260,80.98454,5329733
2378,christian-roggia,204,0.00383,4316464,80.98837,5329733
2379,jainishshah17,204,0.00383,4316668,80.99220,5329733
2380,liewegas,204,0.00383,4316872,80.99603,5329733
2381,JulienBalestra,203,0.00381,4317075,80.99984,5329733
2382,kofj,203,0.00381,4317278,81.00365,5329733
2383,marccarre,203,0.00381,4317481,81.00745,5329733
2384,marcomagdy,203,0.00381,4317684,81.01126,5329733
2385,xjewer,203,0.00381,4317887,81.01507,5329733
2386,zinuga,203,0.00381,4318090,81.01888,5329733
2387,ahmad-diaa,202,0.00379,4318292,81.02267,5329733
2388,chwarr,202,0.00379,4318494,81.02646,5329733
2389,giacomoguiulfo,202,0.00379,4318696,81.03025,5329733
2390,ian-howell,202,0.00379,4318898,81.03404,5329733
2391,iMartyn,202,0.00379,4319100,81.03783,5329733
2392,jmazzitelli,202,0.00379,4319302,81.04162,5329733
2393,mpwarres,202,0.00379,4319504,81.04541,5329733
2394,ajitak,201,0.00377,4319705,81.04918,5329733
2395,dmuntima,201,0.00377,4319906,81.05295,5329733
2396,inoc603,201,0.00377,4320107,81.05672,5329733
2397,jackzampolin,201,0.00377,4320308,81.06050,5329733
2398,mauilion,201,0.00377,4320509,81.06427,5329733
2399,msukalski,201,0.00377,4320710,81.06804,5329733
2400,oilbeater,201,0.00377,4320911,81.07181,5329733
2401,ricardozanini,201,0.00377,4321112,81.07558,5329733
2402,techtonik,201,0.00377,4321313,81.07935,5329733
2403,vibhor995,201,0.00377,4321514,81.08312,5329733
2404,davidfowl,200,0.00375,4321714,81.08688,5329733
2405,iamxy,200,0.00375,4321914,81.09063,5329733
2406,kachkaev,200,0.00375,4322114,81.09438,5329733
2407,liuxu623,200,0.00375,4322314,81.09813,5329733
2408,Dean-Coakley,199,0.00373,4322513,81.10187,5329733
2409,Hijiao,199,0.00373,4322712,81.10560,5329733
2410,honza,199,0.00373,4322911,81.10934,5329733
2411,joechrisellis,199,0.00373,4323110,81.11307,5329733
2412,liranp,199,0.00373,4323309,81.11680,5329733
2413,rdodev,199,0.00373,4323508,81.12054,5329733
2414,srikiz,198,0.00372,4323706,81.12425,5329733
2415,ssimk0,198,0.00372,4323904,81.12797,5329733
2416,alisondy,197,0.00370,4324101,81.13166,5329733
2417,AndiLi99,197,0.00370,4324298,81.13536,5329733
2418,ASOPVII,197,0.00370,4324495,81.13906,5329733
2419,bencer,197,0.00370,4324692,81.14275,5329733
2420,cnnradams,197,0.00370,4324889,81.14645,5329733
2421,derekparker,197,0.00370,4325086,81.15014,5329733
2422,erickt,197,0.00370,4325283,81.15384,5329733
2423,gkarthiks,197,0.00370,4325480,81.15754,5329733
2424,jyane,197,0.00370,4325677,81.16123,5329733
2425,mrIncompetent,197,0.00370,4325874,81.16493,5329733
2426,rothgar,197,0.00370,4326071,81.16863,5329733
2427,shirou,197,0.00370,4326268,81.17232,5329733
2428,thephred,197,0.00370,4326465,81.17602,5329733
2429,yqwang-ms,197,0.00370,4326662,81.17971,5329733
2430,dannyk81,196,0.00368,4326858,81.18339,5329733
2431,karunchennuri,196,0.00368,4327054,81.18707,5329733
2432,Sn0rt,196,0.00368,4327250,81.19075,5329733
2433,wokeGit,196,0.00368,4327446,81.19442,5329733
2434,YuPengZTE,196,0.00368,4327642,81.19810,5329733
2435,bassamtabbara,195,0.00366,4327837,81.20176,5329733
2436,chengyu-l,195,0.00366,4328032,81.20542,5329733
2437,jan25,195,0.00366,4328227,81.20908,5329733
2438,jiahuif,195,0.00366,4328422,81.21274,5329733
2439,jstrachan,195,0.00366,4328617,81.21639,5329733
2440,mgravell,195,0.00366,4328812,81.22005,5329733
2441,mikebryant,195,0.00366,4329007,81.22371,5329733
2442,nurse,195,0.00366,4329202,81.22737,5329733
2443,PierluigiLenociAkelius,195,0.00366,4329397,81.23103,5329733
2444,xialonglee,195,0.00366,4329592,81.23469,5329733
2445,cjihrig,194,0.00364,4329786,81.23833,5329733
2446,lita,194,0.00364,4329980,81.24197,5329733
2447,pavan187,194,0.00364,4330174,81.24561,5329733
2448,poothia,194,0.00364,4330368,81.24925,5329733
2449,rhockenbury,194,0.00364,4330562,81.25289,5329733
2450,SDBrett,194,0.00364,4330756,81.25653,5329733
2451,sjug,194,0.00364,4330950,81.26017,5329733
2452,TheTincho,194,0.00364,4331144,81.26381,5329733
2453,xiaosuiba,194,0.00364,4331338,81.26745,5329733
2454,yashrsharma44,194,0.00364,4331532,81.27109,5329733
2455,javidiaz,193,0.00362,4331725,81.27471,5329733
2456,jwforres,193,0.00362,4331918,81.27833,5329733
2457,keith,193,0.00362,4332111,81.28195,5329733
2458,phillebaba,193,0.00362,4332304,81.28557,5329733
2459,wora,193,0.00362,4332497,81.28919,5329733
2460,daenney,192,0.00360,4332689,81.29280,5329733
2461,freeformz,192,0.00360,4332881,81.29640,5329733
2462,huntc,192,0.00360,4333073,81.30000,5329733
2463,huynq0911,192,0.00360,4333265,81.30360,5329733
2464,jbialy,192,0.00360,4333457,81.30721,5329733
2465,LappleApple,192,0.00360,4333649,81.31081,5329733
2466,MasayaAoyama,192,0.00360,4333841,81.31441,5329733
2467,philpennock,192,0.00360,4334033,81.31801,5329733
2468,zhulongcheng,192,0.00360,4334225,81.32162,5329733
2469,Ethyling,191,0.00358,4334416,81.32520,5329733
2470,fdegir,191,0.00358,4334607,81.32878,5329733
2471,lkysow,191,0.00358,4334798,81.33237,5329733
2472,NicolasT,191,0.00358,4334989,81.33595,5329733
2473,sumukhs,191,0.00358,4335180,81.33953,5329733
2474,ankeesler,190,0.00356,4335370,81.34310,5329733
2475,birdstorm,190,0.00356,4335560,81.34666,5329733
2476,CindyXing,190,0.00356,4335750,81.35023,5329733
2477,medmedchiheb,190,0.00356,4335940,81.35379,5329733
2478,peterbosalliandercom,190,0.00356,4336130,81.35736,5329733
2479,saromanov,190,0.00356,4336320,81.36092,5329733
2480,sarveshkaushal,190,0.00356,4336510,81.36449,5329733
2481,a4abhishek,189,0.00355,4336699,81.36803,5329733
2482,Blokje5,189,0.00355,4336888,81.37158,5329733
2483,cfc4n,189,0.00355,4337077,81.37513,5329733
2484,CriaHu,189,0.00355,4337266,81.37867,5329733
2485,everpeace,189,0.00355,4337455,81.38222,5329733
2486,hqhq,189,0.00355,4337644,81.38577,5329733
2487,lovejoy,189,0.00355,4337833,81.38931,5329733
2488,mirake,189,0.00355,4338022,81.39286,5329733
2489,nibalizer,189,0.00355,4338211,81.39640,5329733
2490,rfranzke,189,0.00355,4338400,81.39995,5329733
2491,Saranya-jena,189,0.00355,4338589,81.40350,5329733
2492,shavidissa,189,0.00355,4338778,81.40704,5329733
2493,TsuyoshiUshio,189,0.00355,4338967,81.41059,5329733
2494,watfordgnf,189,0.00355,4339156,81.41413,5329733
2495,xUnholy,189,0.00355,4339345,81.41768,5329733
2496,anvega,188,0.00353,4339533,81.42121,5329733
2497,gujingit,188,0.00353,4339721,81.42474,5329733
2498,lledru,188,0.00353,4339909,81.42826,5329733
2499,oumkale,188,0.00353,4340097,81.43179,5329733
2500,andyz-dev,187,0.00351,4340284,81.43530,5329733
2501,frsyuki,187,0.00351,4340471,81.43881,5329733
2502,jamessynge,187,0.00351,4340658,81.44232,5329733
2503,mittalyashu,187,0.00351,4340845,81.44582,5329733
2504,npu21,187,0.00351,4341032,81.44933,5329733
2505,onobrod,187,0.00351,4341219,81.45284,5329733
2506,rhcarvalho,187,0.00351,4341406,81.45635,5329733
2507,shenli,187,0.00351,4341593,81.45986,5329733
2508,ykakarap,187,0.00351,4341780,81.46337,5329733
2509,yuvalturg,187,0.00351,4341967,81.46688,5329733
2510,gliptak,186,0.00349,4342153,81.47037,5329733
2511,holser,186,0.00349,4342339,81.47386,5329733
2512,Kartik494,186,0.00349,4342525,81.47735,5329733
2513,lixiaobing1,186,0.00349,4342711,81.48084,5329733
2514,pablochacin,186,0.00349,4342897,81.48433,5329733
2515,saumoh,186,0.00349,4343083,81.48782,5329733
2516,AndrewAXue,185,0.00347,4343268,81.49129,5329733
2517,andrewhowdencom,185,0.00347,4343453,81.49476,5329733
2518,arjunrn,185,0.00347,4343638,81.49823,5329733
2519,Fedosin,185,0.00347,4343823,81.50170,5329733
2520,hkaj,185,0.00347,4344008,81.50517,5329733
2521,jorge07,185,0.00347,4344193,81.50864,5329733
2522,macsux,185,0.00347,4344378,81.51211,5329733
2523,mccv1r0,185,0.00347,4344563,81.51558,5329733
2524,okartau,185,0.00347,4344748,81.51906,5329733
2525,wemeya,185,0.00347,4344933,81.52253,5329733
2526,zhill,185,0.00347,4345118,81.52600,5329733
2527,Bubblemelon,184,0.00345,4345302,81.52945,5329733
2528,fossabot,184,0.00345,4345486,81.53290,5329733
2529,juliakreger,184,0.00345,4345670,81.53635,5329733
2530,klizhentas,184,0.00345,4345854,81.53981,5329733
2531,michaelkolber,184,0.00345,4346038,81.54326,5329733
2532,mururu,184,0.00345,4346222,81.54671,5329733
2533,abonas,183,0.00343,4346405,81.55015,5329733
2534,ajborley,183,0.00343,4346588,81.55358,5329733
2535,blaggacao,183,0.00343,4346771,81.55701,5329733
2536,darrenstahlmsft,183,0.00343,4346954,81.56045,5329733
2537,oussemos,183,0.00343,4347137,81.56388,5329733
2538,saturnism,183,0.00343,4347320,81.56731,5329733
2539,stapelberg,183,0.00343,4347503,81.57075,5329733
2540,tim-styra,183,0.00343,4347686,81.57418,5329733
2541,Evalle,182,0.00341,4347868,81.57759,5329733
2542,mirandachrist,182,0.00341,4348050,81.58101,5329733
2543,nicks,182,0.00341,4348232,81.58442,5329733
2544,numerodix,182,0.00341,4348414,81.58784,5329733
2545,s-ito-ts,182,0.00341,4348596,81.59125,5329733
2546,wgallagher,182,0.00341,4348778,81.59467,5329733
2547,dagnello,181,0.00340,4348959,81.59807,5329733
2548,mhausenblas,181,0.00340,4349140,81.60146,5329733
2549,okamototk,181,0.00340,4349321,81.60486,5329733
2550,Towmeykaw,181,0.00340,4349502,81.60825,5329733
2551,vadimeisenbergibm,181,0.00340,4349683,81.61165,5329733
2552,crazyxy,180,0.00338,4349863,81.61503,5329733
2553,eriknelson,180,0.00338,4350043,81.61840,5329733
2554,flah00,180,0.00338,4350223,81.62178,5329733
2555,Matei207,180,0.00338,4350403,81.62516,5329733
2556,maxgio92,180,0.00338,4350583,81.62854,5329733
2557,mpeters,180,0.00338,4350763,81.63191,5329733
2558,pcalcado,180,0.00338,4350943,81.63529,5329733
2559,SecurityInsanity,180,0.00338,4351123,81.63867,5329733
2560,srivatsav123,180,0.00338,4351303,81.64204,5329733
2561,StarpTech,180,0.00338,4351483,81.64542,5329733
2562,weiwei04,180,0.00338,4351663,81.64880,5329733
2563,akshaymankar,179,0.00336,4351842,81.65216,5329733
2564,atombender,179,0.00336,4352021,81.65552,5329733
2565,flyingcougar,179,0.00336,4352200,81.65887,5329733
2566,greg-bock,179,0.00336,4352379,81.66223,5329733
2567,kdada,179,0.00336,4352558,81.66559,5329733
2568,like-inspur,179,0.00336,4352737,81.66895,5329733
2569,lukeweber,179,0.00336,4352916,81.67231,5329733
2570,sabbot,179,0.00336,4353095,81.67567,5329733
2571,tigrulya-exe,179,0.00336,4353274,81.67903,5329733
2572,varshavaradarajan,179,0.00336,4353453,81.68238,5329733
2573,weinong,179,0.00336,4353632,81.68574,5329733
2574,boddumanohar,178,0.00334,4353810,81.68908,5329733
2575,chris-short,178,0.00334,4353988,81.69242,5329733
2576,geekygirldawn,178,0.00334,4354166,81.69576,5329733
2577,jhowardmsft,178,0.00334,4354344,81.69910,5329733
2578,MarckK,178,0.00334,4354522,81.70244,5329733
2579,mlsorensen,178,0.00334,4354700,81.70578,5329733
2580,n0npax,178,0.00334,4354878,81.70912,5329733
2581,qiujian16,178,0.00334,4355056,81.71246,5329733
2582,rturner3,178,0.00334,4355234,81.71580,5329733
2583,snowplayfire,178,0.00334,4355412,81.71914,5329733
2584,zakkg3,178,0.00334,4355590,81.72248,5329733
2585,coolguyhong,177,0.00332,4355767,81.72580,5329733
2586,ianychoi,177,0.00332,4355944,81.72912,5329733
2587,leecalcote,177,0.00332,4356121,81.73244,5329733
2588,zhangmingld,177,0.00332,4356298,81.73576,5329733
2589,cbf123,176,0.00330,4356474,81.73907,5329733
2590,fredchenbj,176,0.00330,4356650,81.74237,5329733
2591,johanbrandhorst,176,0.00330,4356826,81.74567,5329733
2592,mk46,176,0.00330,4357002,81.74897,5329733
2593,ottoyiu,176,0.00330,4357178,81.75228,5329733
2594,rmb938,176,0.00330,4357354,81.75558,5329733
2595,solotzg,176,0.00330,4357530,81.75888,5329733
2596,tkellen,176,0.00330,4357706,81.76218,5329733
2597,tsuna,176,0.00330,4357882,81.76548,5329733
2598,zvonkok,176,0.00330,4358058,81.76879,5329733
2599,chapsuk,175,0.00328,4358233,81.77207,5329733
2600,cji,175,0.00328,4358408,81.77535,5329733
2601,davidxia,175,0.00328,4358583,81.77864,5329733
2602,dilyevsky,175,0.00328,4358758,81.78192,5329733
2603,jparrill,175,0.00328,4358933,81.78520,5329733
2604,mlbiam,175,0.00328,4359108,81.78849,5329733
2605,chrisjs,174,0.00326,4359282,81.79175,5329733
2606,sbose78,174,0.00326,4359456,81.79502,5329733
2607,yulng,174,0.00326,4359630,81.79828,5329733
2608,zioproto,174,0.00326,4359804,81.80155,5329733
2609,andreabolognani,173,0.00325,4359977,81.80479,5329733
2610,emaildanwilson,173,0.00325,4360150,81.80804,5329733
2611,Globegitter,173,0.00325,4360323,81.81128,5329733
2612,harshanarayana,173,0.00325,4360496,81.81453,5329733
2613,oicheryl,173,0.00325,4360669,81.81778,5329733
2614,rollandf,173,0.00325,4360842,81.82102,5329733
2615,stedsome,173,0.00325,4361015,81.82427,5329733
2616,ajityagaty,172,0.00323,4361187,81.82749,5329733
2617,Btodhunter,172,0.00323,4361359,81.83072,5329733
2618,cesarghali,172,0.00323,4361531,81.83395,5329733
2619,chendotjs,172,0.00323,4361703,81.83718,5329733
2620,dymurray,172,0.00323,4361875,81.84040,5329733
2621,harsh-px,172,0.00323,4362047,81.84363,5329733
2622,terrytangyuan,172,0.00323,4362219,81.84686,5329733
2623,alena1108,171,0.00321,4362390,81.85007,5329733
2624,atoulme,171,0.00321,4362561,81.85327,5329733
2625,chenhonggc,171,0.00321,4362732,81.85648,5329733
2626,chenzhiwei,171,0.00321,4362903,81.85969,5329733
2627,edevil,171,0.00321,4363074,81.86290,5329733
2628,igorpeshansky,171,0.00321,4363245,81.86611,5329733
2629,joerg84,171,0.00321,4363416,81.86932,5329733
2630,matti,171,0.00321,4363587,81.87253,5329733
2631,sallyom,171,0.00321,4363758,81.87573,5329733
2632,yashbhutwala,171,0.00321,4363929,81.87894,5329733
2633,zoidbergwill,171,0.00321,4364100,81.88215,5329733
2634,zuzzas,171,0.00321,4364271,81.88536,5329733
2635,hormes,170,0.00319,4364441,81.88855,5329733
2636,huggsboson,170,0.00319,4364611,81.89174,5329733
2637,MartinForReal,170,0.00319,4364781,81.89493,5329733
2638,s1061123,170,0.00319,4364951,81.89812,5329733
2639,travisgroth,170,0.00319,4365121,81.90131,5329733
2640,vainu-arto,170,0.00319,4365291,81.90450,5329733
2641,z1c0,170,0.00319,4365461,81.90769,5329733
2642,b01901143,169,0.00317,4365630,81.91086,5329733
2643,ensonic,169,0.00317,4365799,81.91403,5329733
2644,felixbarny,169,0.00317,4365968,81.91720,5329733
2645,inercia,169,0.00317,4366137,81.92037,5329733
2646,jrnt30,169,0.00317,4366306,81.92354,5329733
2647,luomiao,169,0.00317,4366475,81.92671,5329733
2648,mpereira,169,0.00317,4366644,81.92988,5329733
2649,nacho-undefinedlabs,169,0.00317,4366813,81.93305,5329733
2650,pcbailey,169,0.00317,4366982,81.93622,5329733
2651,Rajat-0,169,0.00317,4367151,81.93940,5329733
2652,rambohe-ch,169,0.00317,4367320,81.94257,5329733
2653,rk295,169,0.00317,4367489,81.94574,5329733
2654,rtluckie,169,0.00317,4367658,81.94891,5329733
2655,stevehipwell,169,0.00317,4367827,81.95208,5329733
2656,yanniszark,169,0.00317,4367996,81.95525,5329733
2657,animeshk08,168,0.00315,4368164,81.95840,5329733
2658,ankon,168,0.00315,4368332,81.96155,5329733
2659,davidstack,168,0.00315,4368500,81.96471,5329733
2660,gargnupur,168,0.00315,4368668,81.96786,5329733
2661,gonzolino,168,0.00315,4368836,81.97101,5329733
2662,Kashomon,168,0.00315,4369004,81.97416,5329733
2663,katz95,168,0.00315,4369172,81.97731,5329733
2664,LK4D4,168,0.00315,4369340,81.98047,5329733
2665,msedzins,168,0.00315,4369508,81.98362,5329733
2666,rjshade,168,0.00315,4369676,81.98677,5329733
2667,thisisobate,168,0.00315,4369844,81.98992,5329733
2668,YuikoTakada,168,0.00315,4370012,81.99308,5329733
2669,ahedberg,167,0.00313,4370179,81.99621,5329733
2670,bjethwan,167,0.00313,4370346,81.99934,5329733
2671,free,167,0.00313,4370513,82.00248,5329733
2672,iennae,167,0.00313,4370680,82.00561,5329733
2673,aliariff,166,0.00311,4370846,82.00872,5329733
2674,dmitsh,166,0.00311,4371012,82.01184,5329733
2675,justinfoote,166,0.00311,4371178,82.01495,5329733
2676,kiich,166,0.00311,4371344,82.01807,5329733
2677,onorua,166,0.00311,4371510,82.02118,5329733
2678,thunderboltsid,166,0.00311,4371676,82.02430,5329733
2679,dwardu89,165,0.00310,4371841,82.02739,5329733
2680,jzhoucliqr,165,0.00310,4372006,82.03049,5329733
2681,stlaz,165,0.00310,4372171,82.03358,5329733
2682,ThomsonTan,165,0.00310,4372336,82.03668,5329733
2683,vishalpowar,165,0.00310,4372501,82.03978,5329733
2684,xiaofei0800,165,0.00310,4372666,82.04287,5329733
2685,bmcstdio,164,0.00308,4372830,82.04595,5329733
2686,eundoosong,164,0.00308,4372994,82.04903,5329733
2687,GaneshSPatil,164,0.00308,4373158,82.05210,5329733
2688,jawnsy,164,0.00308,4373322,82.05518,5329733
2689,joonas,164,0.00308,4373486,82.05826,5329733
2690,justinbarrick,164,0.00308,4373650,82.06133,5329733
2691,KeithTt,164,0.00308,4373814,82.06441,5329733
2692,pacoxu,164,0.00308,4373978,82.06749,5329733
2693,rajatchopra,164,0.00308,4374142,82.07057,5329733
2694,silasbw,164,0.00308,4374306,82.07364,5329733
2695,zzxwill,164,0.00308,4374470,82.07672,5329733
2696,andybraren,163,0.00306,4374633,82.07978,5329733
2697,bhavin192,163,0.00306,4374796,82.08284,5329733
2698,chenhuan12,163,0.00306,4374959,82.08589,5329733
2699,faizanahmad055,163,0.00306,4375122,82.08895,5329733
2700,hairyhenderson,163,0.00306,4375285,82.09201,5329733
2701,Jasstkn,163,0.00306,4375448,82.09507,5329733
2702,jhohertz,163,0.00306,4375611,82.09813,5329733
2703,kenfinnigan,163,0.00306,4375774,82.10119,5329733
2704,mykaul,163,0.00306,4375937,82.10424,5329733
2705,sschepens,163,0.00306,4376100,82.10730,5329733
2706,stefwalter,163,0.00306,4376263,82.11036,5329733
2707,uruddarraju,163,0.00306,4376426,82.11342,5329733
2708,albertteoh,162,0.00304,4376588,82.11646,5329733
2709,camros,162,0.00304,4376750,82.11950,5329733
2710,CharlyF,162,0.00304,4376912,82.12254,5329733
2711,chenchun,162,0.00304,4377074,82.12558,5329733
2712,dinooliva,162,0.00304,4377236,82.12862,5329733
2713,joshbranham,162,0.00304,4377398,82.13166,5329733
2714,mclarke47,162,0.00304,4377560,82.13470,5329733
2715,pavelnikolov,162,0.00304,4377722,82.13774,5329733
2716,samy2019,162,0.00304,4377884,82.14078,5329733
2717,srm09,162,0.00304,4378046,82.14381,5329733
2718,vitobotta,162,0.00304,4378208,82.14685,5329733
2719,hvaara,161,0.00302,4378369,82.14988,5329733
2720,winkyao,161,0.00302,4378530,82.15290,5329733
2721,bobrik,160,0.00300,4378690,82.15590,5329733
2722,coufon,160,0.00300,4378850,82.15890,5329733
2723,egeland,160,0.00300,4379010,82.16190,5329733
2724,gaoguangze111,160,0.00300,4379170,82.16490,5329733
2725,jayantkolhe,160,0.00300,4379330,82.16791,5329733
2726,lixiang233,160,0.00300,4379490,82.17091,5329733
2727,mohammedzee1000,160,0.00300,4379650,82.17391,5329733
2728,namnx228,160,0.00300,4379810,82.17691,5329733
2729,singlemocha,160,0.00300,4379970,82.17991,5329733
2730,taion809,160,0.00300,4380130,82.18292,5329733
2731,wozniakjan,160,0.00300,4380290,82.18592,5329733
2732,YoubingLi,160,0.00300,4380450,82.18892,5329733
2733,alijahnas,159,0.00298,4380609,82.19190,5329733
2734,bcbroussard,159,0.00298,4380768,82.19489,5329733
2735,craiglpeters,159,0.00298,4380927,82.19787,5329733
2736,dkoshkin,159,0.00298,4381086,82.20085,5329733
2737,gaocegege,159,0.00298,4381245,82.20384,5329733
2738,jianzzha,159,0.00298,4381404,82.20682,5329733
2739,julia-stripe,159,0.00298,4381563,82.20980,5329733
2740,lbogdan,159,0.00298,4381722,82.21279,5329733
2741,LinshanYu,159,0.00298,4381881,82.21577,5329733
2742,nicolaferraro,159,0.00298,4382040,82.21875,5329733
2743,rmenn,159,0.00298,4382199,82.22174,5329733
2744,spikecurtis,159,0.00298,4382358,82.22472,5329733
2745,27149chen,158,0.00296,4382516,82.22768,5329733
2746,andfasano,158,0.00296,4382674,82.23065,5329733
2747,davidovich,158,0.00296,4382832,82.23361,5329733
2748,foot,158,0.00296,4382990,82.23658,5329733
2749,houjun41544,158,0.00296,4383148,82.23954,5329733
2750,johnbley,158,0.00296,4383306,82.24251,5329733
2751,nadiaciobanu,158,0.00296,4383464,82.24547,5329733
2752,pyronicide,158,0.00296,4383622,82.24844,5329733
2753,tarekgh,158,0.00296,4383780,82.25140,5329733
2754,xvello,158,0.00296,4383938,82.25436,5329733
2755,auhlig,157,0.00295,4384095,82.25731,5329733
2756,consideRatio,157,0.00295,4384252,82.26026,5329733
2757,ibrasho,157,0.00295,4384409,82.26320,5329733
2758,kzk,157,0.00295,4384566,82.26615,5329733
2759,liucimin,157,0.00295,4384723,82.26909,5329733
2760,piontec,157,0.00295,4384880,82.27204,5329733
2761,ranjithkumar007,157,0.00295,4385037,82.27498,5329733
2762,Sinjo,157,0.00295,4385194,82.27793,5329733
2763,stephenmoloney,157,0.00295,4385351,82.28088,5329733
2764,anthonydahanne,156,0.00293,4385507,82.28380,5329733
2765,chadr123,156,0.00293,4385663,82.28673,5329733
2766,drewwells,156,0.00293,4385819,82.28966,5329733
2767,ganeshmaharaj,156,0.00293,4385975,82.29258,5329733
2768,hyperbolic2346,156,0.00293,4386131,82.29551,5329733
2769,Moteesh,156,0.00293,4386287,82.29844,5329733
2770,nabokihms,156,0.00293,4386443,82.30136,5329733
2771,NikeNano,156,0.00293,4386599,82.30429,5329733
2772,nmiculinic,156,0.00293,4386755,82.30722,5329733
2773,pieterlange,156,0.00293,4386911,82.31015,5329733
2774,rkamudhan,156,0.00293,4387067,82.31307,5329733
2775,saifalharthi,156,0.00293,4387223,82.31600,5329733
2776,swetharepakula,156,0.00293,4387379,82.31893,5329733
2777,tatsuhiro-t,156,0.00293,4387535,82.32185,5329733
2778,bclermont,155,0.00291,4387690,82.32476,5329733
2779,daschott,155,0.00291,4387845,82.32767,5329733
2780,erwelch,155,0.00291,4388000,82.33058,5329733
2781,farcaller,155,0.00291,4388155,82.33349,5329733
2782,frankgreco,155,0.00291,4388310,82.33639,5329733
2783,gliush,155,0.00291,4388465,82.33930,5329733
2784,jeff-knurek,155,0.00291,4388620,82.34221,5329733
2785,jonathan-kosgei,155,0.00291,4388775,82.34512,5329733
2786,NisantaSahoo,155,0.00291,4388930,82.34803,5329733
2787,tedgxt,155,0.00291,4389085,82.35094,5329733
2788,ankitathomas,154,0.00289,4389239,82.35383,5329733
2789,chavafg,154,0.00289,4389393,82.35671,5329733
2790,deebo91,154,0.00289,4389547,82.35960,5329733
2791,harshavardhana,154,0.00289,4389701,82.36249,5329733
2792,hauleth,154,0.00289,4389855,82.36538,5329733
2793,hooten,154,0.00289,4390009,82.36827,5329733
2794,jessvalarezo,154,0.00289,4390163,82.37116,5329733
2795,L3n41c,154,0.00289,4390317,82.37405,5329733
2796,pcm32,154,0.00289,4390471,82.37694,5329733
2797,vanou,154,0.00289,4390625,82.37983,5329733
2798,xiaods,154,0.00289,4390779,82.38272,5329733
2799,ae6rt,153,0.00287,4390932,82.38559,5329733
2800,alexgervais,153,0.00287,4391085,82.38846,5329733
2801,andrewmyhre,153,0.00287,4391238,82.39133,5329733
2802,garethr,153,0.00287,4391391,82.39420,5329733
2803,hs0210,153,0.00287,4391544,82.39707,5329733
2804,hw-qiaolei,153,0.00287,4391697,82.39994,5329733
2805,jiachengxu,153,0.00287,4391850,82.40281,5329733
2806,lelenanam,153,0.00287,4392003,82.40569,5329733
2807,nodo,153,0.00287,4392156,82.40856,5329733
2808,pancernik,153,0.00287,4392309,82.41143,5329733
2809,quanjielin,153,0.00287,4392462,82.41430,5329733
2810,tizhou86,153,0.00287,4392615,82.41717,5329733
2811,yan234280533,153,0.00287,4392768,82.42004,5329733
2812,alexkursell,152,0.00285,4392920,82.42289,5329733
2813,austince,152,0.00285,4393072,82.42574,5329733
2814,coreypobrien,152,0.00285,4393224,82.42859,5329733
2815,dgageot,152,0.00285,4393376,82.43145,5329733
2816,dhermes,152,0.00285,4393528,82.43430,5329733
2817,kiwik,152,0.00285,4393680,82.43715,5329733
2818,naritta,152,0.00285,4393832,82.44000,5329733
2819,penguingao,152,0.00285,4393984,82.44285,5329733
2820,pickledrick,152,0.00285,4394136,82.44571,5329733
2821,vbmade2000,152,0.00285,4394288,82.44856,5329733
2822,Abhik1998,151,0.00283,4394439,82.45139,5329733
2823,asridharan,151,0.00283,4394590,82.45422,5329733
2824,foxyriver,151,0.00283,4394741,82.45706,5329733
2825,integrii,151,0.00283,4394892,82.45989,5329733
2826,jsedgwick,151,0.00283,4395043,82.46272,5329733
2827,mbruzek,151,0.00283,4395194,82.46556,5329733
2828,nanahpang,151,0.00283,4395345,82.46839,5329733
2829,rajkumar-rangaraj,151,0.00283,4395496,82.47122,5329733
2830,ringerc,151,0.00283,4395647,82.47406,5329733
2831,shuzokato,151,0.00283,4395798,82.47689,5329733
2832,strigazi,151,0.00283,4395949,82.47972,5329733
2833,achanda,150,0.00281,4396099,82.48254,5329733
2834,chlunde,150,0.00281,4396249,82.48535,5329733
2835,dprotaso,150,0.00281,4396399,82.48817,5329733
2836,FireballDWF,150,0.00281,4396549,82.49098,5329733
2837,gosharplite,150,0.00281,4396699,82.49379,5329733
2838,kiall,150,0.00281,4396849,82.49661,5329733
2839,legal90,150,0.00281,4396999,82.49942,5329733
2840,lifubang,150,0.00281,4397149,82.50224,5329733
2841,matejvasek,150,0.00281,4397299,82.50505,5329733
2842,MengZn,150,0.00281,4397449,82.50787,5329733
2843,rashmigottipati,150,0.00281,4397599,82.51068,5329733
2844,ricky1993,150,0.00281,4397749,82.51350,5329733
2845,wernight,150,0.00281,4397899,82.51631,5329733
2846,zhanw15,150,0.00281,4398049,82.51912,5329733
2847,CallMeFoxie,149,0.00280,4398198,82.52192,5329733
2848,codeman9,149,0.00280,4398347,82.52472,5329733
2849,den-is,149,0.00280,4398496,82.52751,5329733
2850,flickerfly,149,0.00280,4398645,82.53031,5329733
2851,jiaj12,149,0.00280,4398794,82.53310,5329733
2852,kflynn,149,0.00280,4398943,82.53590,5329733
2853,matthewdupre,149,0.00280,4399092,82.53869,5329733
2854,mike-marcacci,149,0.00280,4399241,82.54149,5329733
2855,prabhatkumarthakur,149,0.00280,4399390,82.54429,5329733
2856,rajathagasthya,149,0.00280,4399539,82.54708,5329733
2857,tashimi,149,0.00280,4399688,82.54988,5329733
2858,teejae,149,0.00280,4399837,82.55267,5329733
2859,aliok,148,0.00278,4399985,82.55545,5329733
2860,cartyc,148,0.00278,4400133,82.55823,5329733
2861,chaoqin-li1123,148,0.00278,4400281,82.56100,5329733
2862,chardch,148,0.00278,4400429,82.56378,5329733
2863,danielerez,148,0.00278,4400577,82.56656,5329733
2864,jaredallard,148,0.00278,4400725,82.56933,5329733
2865,makkes,148,0.00278,4400873,82.57211,5329733
2866,mmerrill3,148,0.00278,4401021,82.57489,5329733
2867,seglo,148,0.00278,4401169,82.57766,5329733
2868,sudeshsh,148,0.00278,4401317,82.58044,5329733
2869,sunny0826,148,0.00278,4401465,82.58322,5329733
2870,travisghansen,148,0.00278,4401613,82.58599,5329733
2871,wstrange,148,0.00278,4401761,82.58877,5329733
2872,yiqinguo,148,0.00278,4401909,82.59155,5329733
2873,dimitropoulos,147,0.00276,4402056,82.59431,5329733
2874,ecnahc515,147,0.00276,4402203,82.59706,5329733
2875,henryanand,147,0.00276,4402350,82.59982,5329733
2876,inlined,147,0.00276,4402497,82.60258,5329733
2877,jcmoraisjr,147,0.00276,4402644,82.60534,5329733
2878,ms4720,147,0.00276,4402791,82.60810,5329733
2879,noamran,147,0.00276,4402938,82.61085,5329733
2880,onedr0p,147,0.00276,4403085,82.61361,5329733
2881,pnovotnak,147,0.00276,4403232,82.61637,5329733
2882,sym3tri,147,0.00276,4403379,82.61913,5329733
2883,tomob,147,0.00276,4403526,82.62189,5329733
2884,tschuy,147,0.00276,4403673,82.62465,5329733
2885,Yannic,147,0.00276,4403820,82.62740,5329733
2886,belm0,146,0.00274,4403966,82.63014,5329733
2887,blowmage,146,0.00274,4404112,82.63288,5329733
2888,carsonoid,146,0.00274,4404258,82.63562,5329733
2889,donggangcj,146,0.00274,4404404,82.63836,5329733
2890,Edke,146,0.00274,4404550,82.64110,5329733
2891,gageorsburn,146,0.00274,4404696,82.64384,5329733
2892,juan-lee,146,0.00274,4404842,82.64658,5329733
2893,kmala,146,0.00274,4404988,82.64932,5329733
2894,lcostea,146,0.00274,4405134,82.65206,5329733
2895,markllama,146,0.00274,4405280,82.65480,5329733
2896,mook-as,146,0.00274,4405426,82.65754,5329733
2897,omkensey,146,0.00274,4405572,82.66028,5329733
2898,yunfeiyanggzq,146,0.00274,4405718,82.66302,5329733
2899,asherf,145,0.00272,4405863,82.66574,5329733
2900,batazor,145,0.00272,4406008,82.66846,5329733
2901,billfeng327,145,0.00272,4406153,82.67118,5329733
2902,Capstan,145,0.00272,4406298,82.67390,5329733
2903,F21,145,0.00272,4406443,82.67662,5329733
2904,h0tbird,145,0.00272,4406588,82.67934,5329733
2905,Rastusik,145,0.00272,4406733,82.68206,5329733
2906,SaiHarshaK,145,0.00272,4406878,82.68478,5329733
2907,trabetti,145,0.00272,4407023,82.68750,5329733
2908,beniamin,144,0.00270,4407167,82.69020,5329733
2909,cgilmour,144,0.00270,4407311,82.69290,5329733
2910,clnperez,144,0.00270,4407455,82.69561,5329733
2911,elsonrodriguez,144,0.00270,4407599,82.69831,5329733
2912,fcddk,144,0.00270,4407743,82.70101,5329733
2913,fnordahl,144,0.00270,4407887,82.70371,5329733
2914,fxposter,144,0.00270,4408031,82.70641,5329733
2915,harryge00,144,0.00270,4408175,82.70912,5329733
2916,JamesLaverack,144,0.00270,4408319,82.71182,5329733
2917,phenixblue,144,0.00270,4408463,82.71452,5329733
2918,reggiemcdonald,144,0.00270,4408607,82.71722,5329733
2919,shenlanse,144,0.00270,4408751,82.71992,5329733
2920,tkulczynski,144,0.00270,4408895,82.72262,5329733
2921,weeco,144,0.00270,4409039,82.72533,5329733
2922,yosifkit,144,0.00270,4409183,82.72803,5329733
2923,Calpicow,143,0.00268,4409326,82.73071,5329733
2924,cclauss,143,0.00268,4409469,82.73339,5329733
2925,G-Harmon,143,0.00268,4409612,82.73608,5329733
2926,JingboWangGoogle,143,0.00268,4409755,82.73876,5329733
2927,kcmartin,143,0.00268,4409898,82.74144,5329733
2928,lookfwd,143,0.00268,4410041,82.74413,5329733
2929,lwolf,143,0.00268,4410184,82.74681,5329733
2930,nashasha1,143,0.00268,4410327,82.74949,5329733
2931,peterbourgon,143,0.00268,4410470,82.75218,5329733
2932,rfratto,143,0.00268,4410613,82.75486,5329733
2933,richardmarshall,143,0.00268,4410756,82.75754,5329733
2934,twz123,143,0.00268,4410899,82.76022,5329733
2935,vboulineau,143,0.00268,4411042,82.76291,5329733
2936,ApsOps,142,0.00266,4411184,82.76557,5329733
2937,asorokhtey,142,0.00266,4411326,82.76824,5329733
2938,cboggs,142,0.00266,4411468,82.77090,5329733
2939,filmil,142,0.00266,4411610,82.77356,5329733
2940,helfer,142,0.00266,4411752,82.77623,5329733
2941,jchengsfx,142,0.00266,4411894,82.77889,5329733
2942,lacker,142,0.00266,4412036,82.78156,5329733
2943,msiebuhr,142,0.00266,4412178,82.78422,5329733
2944,sytianhe,142,0.00266,4412320,82.78689,5329733
2945,thomas-riccardi,142,0.00266,4412462,82.78955,5329733
2946,xrl,142,0.00266,4412604,82.79221,5329733
2947,amityt,141,0.00265,4412745,82.79486,5329733
2948,andresmgot,141,0.00265,4412886,82.79751,5329733
2949,bgagnon,141,0.00265,4413027,82.80015,5329733
2950,devaips,141,0.00265,4413168,82.80280,5329733
2951,dlbock,141,0.00265,4413309,82.80544,5329733
2952,ekexium,141,0.00265,4413450,82.80809,5329733
2953,epcim,141,0.00265,4413591,82.81073,5329733
2954,heyams,141,0.00265,4413732,82.81338,5329733
2955,kmjayadeep,141,0.00265,4413873,82.81602,5329733
2956,kushthedude,141,0.00265,4414014,82.81867,5329733
2957,mabdinur,141,0.00265,4414155,82.82132,5329733
2958,matthias50,141,0.00265,4414296,82.82396,5329733
2959,mcristina422,141,0.00265,4414437,82.82661,5329733
2960,mrostecki,141,0.00265,4414578,82.82925,5329733
2961,owen-d,141,0.00265,4414719,82.83190,5329733
2962,roffe,141,0.00265,4414860,82.83454,5329733
2963,shreesha21,141,0.00265,4415001,82.83719,5329733
2964,viviyww,141,0.00265,4415142,82.83983,5329733
2965,yu-kasuya,141,0.00265,4415283,82.84248,5329733
2966,brtknr,140,0.00263,4415423,82.84511,5329733
2967,eroji,140,0.00263,4415563,82.84773,5329733
2968,gabbifish,140,0.00263,4415703,82.85036,5329733
2969,gtank,140,0.00263,4415843,82.85299,5329733
2970,innerr,140,0.00263,4415983,82.85561,5329733
2971,mourya007,140,0.00263,4416123,82.85824,5329733
2972,NeilW,140,0.00263,4416263,82.86087,5329733
2973,Pradeepkumarbk,140,0.00263,4416403,82.86349,5329733
2974,robskillington,140,0.00263,4416543,82.86612,5329733
2975,sc250024,140,0.00263,4416683,82.86875,5329733
2976,vincent-pli,140,0.00263,4416823,82.87137,5329733
2977,anshulahuja98,139,0.00261,4416962,82.87398,5329733
2978,bergwolf,139,0.00261,4417101,82.87659,5329733
2979,chrissound,139,0.00261,4417240,82.87920,5329733
2980,f-higashi,139,0.00261,4417379,82.88181,5329733
2981,kunzimariano,139,0.00261,4417518,82.88441,5329733
2982,miry,139,0.00261,4417657,82.88702,5329733
2983,mwringe,139,0.00261,4417796,82.88963,5329733
2984,njhill,139,0.00261,4417935,82.89224,5329733
2985,nlandolfi,139,0.00261,4418074,82.89485,5329733
2986,sHaggYcaT,139,0.00261,4418213,82.89745,5329733
2987,slack,139,0.00261,4418352,82.90006,5329733
2988,vefimova,139,0.00261,4418491,82.90267,5329733
2989,vinayakankugoyal,139,0.00261,4418630,82.90528,5329733
2990,bismarck,138,0.00259,4418768,82.90787,5329733
2991,briandowns,138,0.00259,4418906,82.91046,5329733
2992,estahn,138,0.00259,4419044,82.91305,5329733
2993,fabiokung,138,0.00259,4419182,82.91564,5329733
2994,gjcarneiro,138,0.00259,4419320,82.91822,5329733
2995,haoshuwei,138,0.00259,4419458,82.92081,5329733
2996,ihac,138,0.00259,4419596,82.92340,5329733
2997,johananl,138,0.00259,4419734,82.92599,5329733
2998,liqlin2015,138,0.00259,4419872,82.92858,5329733
2999,sayboras,138,0.00259,4420010,82.93117,5329733
3000,sipplified,138,0.00259,4420148,82.93376,5329733
3001,titilambert,138,0.00259,4420286,82.93635,5329733
3002,u2takey,138,0.00259,4420424,82.93894,5329733
3003,wallrj,138,0.00259,4420562,82.94153,5329733
3004,wu8685,138,0.00259,4420700,82.94412,5329733
3005,ytsarev,138,0.00259,4420838,82.94671,5329733
3006,andresbono,137,0.00257,4420975,82.94928,5329733
3007,c4pt0r,137,0.00257,4421112,82.95185,5329733
3008,carlosjgp,137,0.00257,4421249,82.95442,5329733
3009,Cryptophobia,137,0.00257,4421386,82.95699,5329733
3010,DylanBLE,137,0.00257,4421523,82.95956,5329733
3011,m1kola,137,0.00257,4421660,82.96213,5329733
3012,puiterwijk,137,0.00257,4421797,82.96470,5329733
3013,simonleung8,137,0.00257,4421934,82.96727,5329733
3014,subramanian-neelakantan,137,0.00257,4422071,82.96984,5329733
3015,towolf,137,0.00257,4422208,82.97241,5329733
3016,uthark,137,0.00257,4422345,82.97498,5329733
3017,abhgupta,136,0.00255,4422481,82.97753,5329733
3018,ahakanbaba,136,0.00255,4422617,82.98009,5329733
3019,bl0m1,136,0.00255,4422753,82.98264,5329733
3020,cherti,136,0.00255,4422889,82.98519,5329733
3021,hencrice,136,0.00255,4423025,82.98774,5329733
3022,JemDay,136,0.00255,4423161,82.99029,5329733
3023,JonasVautherin,136,0.00255,4423297,82.99284,5329733
3024,kjin,136,0.00255,4423433,82.99540,5329733
3025,kragniz,136,0.00255,4423569,82.99795,5329733
3026,sakeven,136,0.00255,4423705,83.00050,5329733
3027,silveryfu,136,0.00255,4423841,83.00305,5329733
3028,siwyd,136,0.00255,4423977,83.00560,5329733
3029,venezia,136,0.00255,4424113,83.00815,5329733
3030,yunfeiyangbuaa,136,0.00255,4424249,83.01071,5329733
3031,44past4,135,0.00253,4424384,83.01324,5329733
3032,bluecmd,135,0.00253,4424519,83.01577,5329733
3033,ctab,135,0.00253,4424654,83.01831,5329733
3034,darend,135,0.00253,4424789,83.02084,5329733
3035,etiennetremel,135,0.00253,4424924,83.02337,5329733
3036,jmhodges,135,0.00253,4425059,83.02590,5329733
3037,liyanhui1228,135,0.00253,4425194,83.02844,5329733
3038,lovebaby979,135,0.00253,4425329,83.03097,5329733
3039,marc-sensenich,135,0.00253,4425464,83.03350,5329733
3040,mylesagray,135,0.00253,4425599,83.03604,5329733
3041,prometherion,135,0.00253,4425734,83.03857,5329733
3042,satyaranjanp,135,0.00253,4425869,83.04110,5329733
3043,ShyaniPal,135,0.00253,4426004,83.04363,5329733
3044,tmjd,135,0.00253,4426139,83.04617,5329733
3045,wenjia322,135,0.00253,4426274,83.04870,5329733
3046,artursouza,134,0.00251,4426408,83.05121,5329733
3047,avaid96,134,0.00251,4426542,83.05373,5329733
3048,cdenneen,134,0.00251,4426676,83.05624,5329733
3049,clkao,134,0.00251,4426810,83.05876,5329733
3050,kramvan1,134,0.00251,4426944,83.06127,5329733
3051,lsytj0413,134,0.00251,4427078,83.06379,5329733
3052,m3ngyang,134,0.00251,4427212,83.06630,5329733
3053,mattkelly,134,0.00251,4427346,83.06881,5329733
3054,SebastianThiebaud,134,0.00251,4427480,83.07133,5329733
3055,windayski,134,0.00251,4427614,83.07384,5329733
3056,chonton,133,0.00250,4427747,83.07634,5329733
3057,cypherfox,133,0.00250,4427880,83.07883,5329733
3058,hekike,133,0.00250,4428013,83.08133,5329733
3059,ivan-valkov,133,0.00250,4428146,83.08382,5329733
3060,jfelten,133,0.00250,4428279,83.08632,5329733
3061,kassens,133,0.00250,4428412,83.08882,5329733
3062,kolmodin,133,0.00250,4428545,83.09131,5329733
3063,MnrGreg,133,0.00250,4428678,83.09381,5329733
3064,nbkrause,133,0.00250,4428811,83.09630,5329733
3065,shashiranjan84,133,0.00250,4428944,83.09880,5329733
3066,astrieanna,132,0.00248,4429076,83.10127,5329733
3067,bluebike,132,0.00248,4429208,83.10375,5329733
3068,danderson,132,0.00248,4429340,83.10623,5329733
3069,guokeno0,132,0.00248,4429472,83.10870,5329733
3070,itaysk,132,0.00248,4429604,83.11118,5329733
3071,joeatwork,132,0.00248,4429736,83.11366,5329733
3072,LukeShu,132,0.00248,4429868,83.11613,5329733
3073,mrichmon,132,0.00248,4430000,83.11861,5329733
3074,silenceshell,132,0.00248,4430132,83.12109,5329733
3075,wrouesnel,132,0.00248,4430264,83.12356,5329733
3076,Yamagami-Takuma,132,0.00248,4430396,83.12604,5329733
3077,Yiyiyimu,132,0.00248,4430528,83.12852,5329733
3078,abdennour,131,0.00246,4430659,83.13097,5329733
3079,cscetbon,131,0.00246,4430790,83.13343,5329733
3080,devlware,131,0.00246,4430921,83.13589,5329733
3081,jennybeth,131,0.00246,4431052,83.13835,5329733
3082,kubawach,131,0.00246,4431183,83.14081,5329733
3083,mitch000001,131,0.00246,4431314,83.14326,5329733
3084,n1r1,131,0.00246,4431445,83.14572,5329733
3085,Nicolas-MacBeth,131,0.00246,4431576,83.14818,5329733
3086,nodkz,131,0.00246,4431707,83.15064,5329733
3087,piotrmiskiewicz,131,0.00246,4431838,83.15310,5329733
3088,ppalucki,131,0.00246,4431969,83.15555,5329733
3089,q384566678,131,0.00246,4432100,83.15801,5329733
3090,sfrooster,131,0.00246,4432231,83.16047,5329733
3091,vikrambe,131,0.00246,4432362,83.16293,5329733
3092,yutongz,131,0.00246,4432493,83.16539,5329733
3093,abitrolly,130,0.00244,4432623,83.16782,5329733
3094,armstrongli,130,0.00244,4432753,83.17026,5329733
3095,destijl,130,0.00244,4432883,83.17270,5329733
3096,evillgenius75,130,0.00244,4433013,83.17514,5329733
3097,harshthakur9030,130,0.00244,4433143,83.17758,5329733
3098,joaopapereira,130,0.00244,4433273,83.18002,5329733
3099,justinburke,130,0.00244,4433403,83.18246,5329733
3100,lippertmarkus,130,0.00244,4433533,83.18490,5329733
3101,olalonde,130,0.00244,4433663,83.18734,5329733
3102,pokoli,130,0.00244,4433793,83.18978,5329733
3103,sahil-lakhwani,130,0.00244,4433923,83.19222,5329733
3104,SrinivasChilveri,130,0.00244,4434053,83.19466,5329733
3105,sudermanjr,130,0.00244,4434183,83.19709,5329733
3106,vtuson,130,0.00244,4434313,83.19953,5329733
3107,danielromlein,129,0.00242,4434442,83.20195,5329733
3108,dcow,129,0.00242,4434571,83.20437,5329733
3109,mattf,129,0.00242,4434700,83.20679,5329733
3110,mksalawa,129,0.00242,4434829,83.20922,5329733
3111,sumitnagal,129,0.00242,4434958,83.21164,5329733
3112,yoshihara,129,0.00242,4435087,83.21406,5329733
3113,agonzalezro,128,0.00240,4435215,83.21646,5329733
3114,ajohnstone,128,0.00240,4435343,83.21886,5329733
3115,alex1989hu,128,0.00240,4435471,83.22126,5329733
3116,AntonioMeireles,128,0.00240,4435599,83.22366,5329733
3117,debianmaster,128,0.00240,4435727,83.22606,5329733
3118,openstacker,128,0.00240,4435855,83.22847,5329733
3119,tuanvcw,128,0.00240,4435983,83.23087,5329733
3120,victortrac,128,0.00240,4436111,83.23327,5329733
3121,Bessonov,127,0.00238,4436238,83.23565,5329733
3122,chrisingenhaag,127,0.00238,4436365,83.23803,5329733
3123,divya-mohan0209,127,0.00238,4436492,83.24042,5329733
3124,dzbarsky,127,0.00238,4436619,83.24280,5329733
3125,EdZou,127,0.00238,4436746,83.24518,5329733
3126,guo0693,127,0.00238,4436873,83.24757,5329733
3127,hyy0322,127,0.00238,4437000,83.24995,5329733
3128,kuramal,127,0.00238,4437127,83.25233,5329733
3129,leozc,127,0.00238,4437254,83.25471,5329733
3130,mattfenwick,127,0.00238,4437381,83.25710,5329733
3131,mjschmidt,127,0.00238,4437508,83.25948,5329733
3132,mmmries,127,0.00238,4437635,83.26186,5329733
3133,sambdavidson,127,0.00238,4437762,83.26425,5329733
3134,snehachhabria,127,0.00238,4437889,83.26663,5329733
3135,Steve53,127,0.00238,4438016,83.26901,5329733
3136,zachgersh,127,0.00238,4438143,83.27139,5329733
3137,bladehliu,126,0.00236,4438269,83.27376,5329733
3138,caiyixiang,126,0.00236,4438395,83.27612,5329733
3139,chandresh-pancholi,126,0.00236,4438521,83.27849,5329733
3140,fenggw-fnst,126,0.00236,4438647,83.28085,5329733
3141,futureCreator,126,0.00236,4438773,83.28322,5329733
3142,jjneely,126,0.00236,4438899,83.28558,5329733
3143,jtlayton,126,0.00236,4439025,83.28794,5329733
3144,papanito,126,0.00236,4439151,83.29031,5329733
3145,sbelair2,126,0.00236,4439277,83.29267,5329733
3146,SlickNik,126,0.00236,4439403,83.29504,5329733
3147,toonsevrin,126,0.00236,4439529,83.29740,5329733
3148,vantuvt,126,0.00236,4439655,83.29976,5329733
3149,zmagg,126,0.00236,4439781,83.30213,5329733
3150,ahawkins,125,0.00235,4439906,83.30447,5329733
3151,arm64b,125,0.00235,4440031,83.30682,5329733
3152,chris-smith-zocdoc,125,0.00235,4440156,83.30916,5329733
3153,codesuki,125,0.00235,4440281,83.31151,5329733
3154,gtirloni,125,0.00235,4440406,83.31385,5329733
3155,jasonkuhrt,125,0.00235,4440531,83.31620,5329733
3156,jomalsan,125,0.00235,4440656,83.31855,5329733
3157,knweiss,125,0.00235,4440781,83.32089,5329733
3158,komamitsu,125,0.00235,4440906,83.32324,5329733
3159,langpavel,125,0.00235,4441031,83.32558,5329733
3160,lblackstone,125,0.00235,4441156,83.32793,5329733
3161,mcronce,125,0.00235,4441281,83.33027,5329733
3162,mhamdisemah,125,0.00235,4441406,83.33262,5329733
3163,sfxworks,125,0.00235,4441531,83.33496,5329733
3164,zachaller,125,0.00235,4441656,83.33731,5329733
3166,davidben,124,0.00233,4441904,83.34196,5329733
3167,duyanyan,124,0.00233,4442028,83.34429,5329733
3168,hadim,124,0.00233,4442152,83.34661,5329733
3169,jzelinskie,124,0.00233,4442276,83.34894,5329733
3170,maleck13,124,0.00233,4442400,83.35127,5329733
3171,mikejoh,124,0.00233,4442524,83.35359,5329733
3172,Rajadeepan,124,0.00233,4442648,83.35592,5329733
3173,scf0920,124,0.00233,4442772,83.35825,5329733
3174,y-ken,124,0.00233,4442896,83.36057,5329733
3175,alecholmez,123,0.00231,4443019,83.36288,5329733
3176,asarkar,123,0.00231,4443142,83.36519,5329733
3177,Danil-Grigorev,123,0.00231,4443265,83.36750,5329733
3178,d-kuro,123,0.00231,4443388,83.36980,5329733
3179,elsesiy,123,0.00231,4443511,83.37211,5329733
3180,ibabou,123,0.00231,4443634,83.37442,5329733
3181,JonathanO,123,0.00231,4443757,83.37673,5329733
3182,mabn,123,0.00231,4443880,83.37904,5329733
3183,nitkon,123,0.00231,4444003,83.38134,5329733
3184,ppanyukov,123,0.00231,4444126,83.38365,5329733
3185,SEJeff,123,0.00231,4444249,83.38596,5329733
3186,ShyamsundarR,123,0.00231,4444372,83.38827,5329733
3187,sslavic,123,0.00231,4444495,83.39058,5329733
3188,SupriyaSirbi,123,0.00231,4444618,83.39288,5329733
3189,tony-yang,123,0.00231,4444741,83.39519,5329733
3190,viniciusbds,123,0.00231,4444864,83.39750,5329733
3191,elementyang,122,0.00229,4444986,83.39979,5329733
3192,ElijahCaine,122,0.00229,4445108,83.40208,5329733
3193,fhemberger,122,0.00229,4445230,83.40437,5329733
3194,jchesterpivotal,122,0.00229,4445352,83.40665,5329733
3195,lminzhw,122,0.00229,4445474,83.40894,5329733
3196,nelcy,122,0.00229,4445596,83.41123,5329733
3197,ScrapCodes,122,0.00229,4445718,83.41352,5329733
3198,Tony1023,122,0.00229,4445840,83.41581,5329733
3199,wanghh2000,122,0.00229,4445962,83.41810,5329733
3200,wasylkowski,122,0.00229,4446084,83.42039,5329733
3201,bcorijn,121,0.00227,4446205,83.42266,5329733
3202,mbert,121,0.00227,4446326,83.42493,5329733
3203,MChorfa,121,0.00227,4446447,83.42720,5329733
3204,niuzhenguo,121,0.00227,4446568,83.42947,5329733
3205,njuicsgz,121,0.00227,4446689,83.43174,5329733
3206,Potapy4,121,0.00227,4446810,83.43401,5329733
3207,robbie-demuth,121,0.00227,4446931,83.43628,5329733
3208,shashank0202,121,0.00227,4447052,83.43855,5329733
3209,tembleking,121,0.00227,4447173,83.44082,5329733
3210,thisisnotapril,121,0.00227,4447294,83.44309,5329733
3211,tklauser,121,0.00227,4447415,83.44536,5329733
3212,wccsama,121,0.00227,4447536,83.44763,5329733
3213,AmandaCameron,120,0.00225,4447656,83.44988,5329733
3214,Denton24646,120,0.00225,4447776,83.45214,5329733
3215,discostur,120,0.00225,4447896,83.45439,5329733
3216,du2016,120,0.00225,4448016,83.45664,5329733
3217,fiunchinho,120,0.00225,4448136,83.45889,5329733
3218,fuqianggao,120,0.00225,4448256,83.46114,5329733
3219,hanikesn,120,0.00225,4448376,83.46339,5329733
3220,jasonbrooks,120,0.00225,4448496,83.46564,5329733
3221,jcantrill,120,0.00225,4448616,83.46790,5329733
3222,jtroberts83,120,0.00225,4448736,83.47015,5329733
3223,myidpt,120,0.00225,4448856,83.47240,5329733
3224,ravilr,120,0.00225,4448976,83.47465,5329733
3225,ruromero,120,0.00225,4449096,83.47690,5329733
3226,shwetaap,120,0.00225,4449216,83.47915,5329733
3227,vhosakot,120,0.00225,4449336,83.48141,5329733
3228,vi7,120,0.00225,4449456,83.48366,5329733
3229,2uasimojo,119,0.00223,4449575,83.48589,5329733
3230,abhinavdas,119,0.00223,4449694,83.48812,5329733
3231,astefanutti,119,0.00223,4449813,83.49035,5329733
3232,austbot,119,0.00223,4449932,83.49259,5329733
3233,bmoyles0117,119,0.00223,4450051,83.49482,5329733
3234,DanKerns,119,0.00223,4450170,83.49705,5329733
3235,Dm3Ch,119,0.00223,4450289,83.49929,5329733
3236,jelkosz,119,0.00223,4450408,83.50152,5329733
3237,JensRantil,119,0.00223,4450527,83.50375,5329733
3238,jonschoning,119,0.00223,4450646,83.50598,5329733
3239,krishchow,119,0.00223,4450765,83.50822,5329733
3240,ldemailly,119,0.00223,4450884,83.51045,5329733
3241,msschl,119,0.00223,4451003,83.51268,5329733
3242,sak0,119,0.00223,4451122,83.51492,5329733
3243,taras,119,0.00223,4451241,83.51715,5329733
3244,wattli,119,0.00223,4451360,83.51938,5329733
3245,wgahnagl,119,0.00223,4451479,83.52161,5329733
3246,aSquare14,118,0.00221,4451597,83.52383,5329733
3247,kiyoto,118,0.00221,4451715,83.52604,5329733
3248,markmandel,118,0.00221,4451833,83.52826,5329733
3249,mjtrangoni,118,0.00221,4451951,83.53047,5329733
3250,mrmiywj,118,0.00221,4452069,83.53268,5329733
3251,phyber,118,0.00221,4452187,83.53490,5329733
3252,prune998,118,0.00221,4452305,83.53711,5329733
3253,r0fls,118,0.00221,4452423,83.53933,5329733
3254,sechkova,118,0.00221,4452541,83.54154,5329733
3255,stephenrlouie,118,0.00221,4452659,83.54375,5329733
3256,11janci,117,0.00220,4452776,83.54595,5329733
3257,bpineau,117,0.00220,4452893,83.54814,5329733
3258,cablespaghetti,117,0.00220,4453010,83.55034,5329733
3259,dungeonmaster18,117,0.00220,4453127,83.55253,5329733
3260,fenglixa,117,0.00220,4453244,83.55473,5329733
3261,FrankSpitulski,117,0.00220,4453361,83.55692,5329733
3262,ibawt,117,0.00220,4453478,83.55912,5329733
3263,ipstatic,117,0.00220,4453595,83.56132,5329733
3264,mac9416,117,0.00220,4453712,83.56351,5329733
3265,palash25,117,0.00220,4453829,83.56571,5329733
3266,reegnz,117,0.00220,4453946,83.56790,5329733
3267,ryanmcnamara,117,0.00220,4454063,83.57010,5329733
3268,srikailash,117,0.00220,4454180,83.57229,5329733
3269,tombarron,117,0.00220,4454297,83.57449,5329733
3270,adamjohnson01,116,0.00218,4454413,83.57666,5329733
3271,brian-avery,116,0.00218,4454529,83.57884,5329733
3272,calebmer,116,0.00218,4454645,83.58102,5329733
3273,ivanayov,116,0.00218,4454761,83.58319,5329733
3274,Jamim,116,0.00218,4454877,83.58537,5329733
3275,jon-walton,116,0.00218,4454993,83.58755,5329733
3276,matej-g,116,0.00218,4455109,83.58972,5329733
3277,michaelbeaumont,116,0.00218,4455225,83.59190,5329733
3278,obeattie,116,0.00218,4455341,83.59407,5329733
3279,saiyan86,116,0.00218,4455457,83.59625,5329733
3280,SaranBalaji90,116,0.00218,4455573,83.59843,5329733
3281,supra08,116,0.00218,4455689,83.60060,5329733
3282,tintoy,116,0.00218,4455805,83.60278,5329733
3283,YuleiXiao,116,0.00218,4455921,83.60496,5329733
3284,abhat,115,0.00216,4456036,83.60712,5329733
3285,afirth,115,0.00216,4456151,83.60927,5329733
3286,danninov,115,0.00216,4456266,83.61143,5329733
3287,EdSchouten,115,0.00216,4456381,83.61359,5329733
3288,grebois,115,0.00216,4456496,83.61575,5329733
3289,ianlewis,115,0.00216,4456611,83.61790,5329733
3290,jagosan,115,0.00216,4456726,83.62006,5329733
3291,javaducky,115,0.00216,4456841,83.62222,5329733
3292,koleini,115,0.00216,4456956,83.62438,5329733
3293,linzichang,115,0.00216,4457071,83.62653,5329733
3294,phlogistonjohn,115,0.00216,4457186,83.62869,5329733
3295,quinton-hoole-2,115,0.00216,4457301,83.63085,5329733
3296,RichiCoder1,115,0.00216,4457416,83.63301,5329733
3297,salanki,115,0.00216,4457531,83.63517,5329733
3298,shadycuz,115,0.00216,4457646,83.63732,5329733
3299,shouhong,115,0.00216,4457761,83.63948,5329733
3300,ajatprabha,114,0.00214,4457875,83.64162,5329733
3301,ashwin-venkatesh,114,0.00214,4457989,83.64376,5329733
3302,bjrara,114,0.00214,4458103,83.64590,5329733
3303,JensErat,114,0.00214,4458217,83.64804,5329733
3304,lulf,114,0.00214,4458331,83.65018,5329733
3305,pdbogen,114,0.00214,4458445,83.65231,5329733
3306,svenmueller,114,0.00214,4458559,83.65445,5329733
3307,tedli,114,0.00214,4458673,83.65659,5329733
3308,wendorf,114,0.00214,4458787,83.65873,5329733
3309,abhiTamrakar,113,0.00212,4458900,83.66085,5329733
3310,anapsix,113,0.00212,4459013,83.66297,5329733
3311,dmick,113,0.00212,4459126,83.66509,5329733
3312,eicnix,113,0.00212,4459239,83.66721,5329733
3313,GheRivero,113,0.00212,4459352,83.66933,5329733
3314,helgi,113,0.00212,4459465,83.67145,5329733
3315,jay-lau,113,0.00212,4459578,83.67357,5329733
3316,jpellizzari,113,0.00212,4459691,83.67569,5329733
3317,khgandhi,113,0.00212,4459804,83.67781,5329733
3318,liangchenye,113,0.00212,4459917,83.67993,5329733
3319,liminw,113,0.00212,4460030,83.68205,5329733
3320,mpawliszyn,113,0.00212,4460143,83.68417,5329733
3321,Nefelim4ag,113,0.00212,4460256,83.68629,5329733
3322,nickchase,113,0.00212,4460369,83.68841,5329733
3323,OGKevin,113,0.00212,4460482,83.69053,5329733
3324,ostromart,113,0.00212,4460595,83.69265,5329733
3325,roytman,113,0.00212,4460708,83.69477,5329733
3326,shivi28,113,0.00212,4460821,83.69689,5329733
3327,timothyclarke,113,0.00212,4460934,83.69901,5329733
3328,agolomoodysaada,112,0.00210,4461046,83.70112,5329733
3329,balboah,112,0.00210,4461158,83.70322,5329733
3330,captainroy-hy,112,0.00210,4461270,83.70532,5329733
3331,ddseapy,112,0.00210,4461382,83.70742,5329733
3332,dharmab,112,0.00210,4461494,83.70952,5329733
3333,dlespiau,112,0.00210,4461606,83.71162,5329733
3334,dpw,112,0.00210,4461718,83.71372,5329733
3335,efimki,112,0.00210,4461830,83.71583,5329733
3336,gurvindersingh,112,0.00210,4461942,83.71793,5329733
3337,hello2mao,112,0.00210,4462054,83.72003,5329733
3338,ilackarms,112,0.00210,4462166,83.72213,5329733
3339,jcaamano,112,0.00210,4462278,83.72423,5329733
3340,laverya,112,0.00210,4462390,83.72633,5329733
3341,marshallford,112,0.00210,4462502,83.72843,5329733
3342,nkwangleiGIT,112,0.00210,4462614,83.73054,5329733
3343,pauldraper,112,0.00210,4462726,83.73264,5329733
3344,ssisil,112,0.00210,4462838,83.73474,5329733
3345,stantonxu,112,0.00210,4462950,83.73684,5329733
3346,axis7818,111,0.00208,4463061,83.73892,5329733
3347,fastfrwrd,111,0.00208,4463172,83.74101,5329733
3348,goruha,111,0.00208,4463283,83.74309,5329733
3349,huyan0,111,0.00208,4463394,83.74517,5329733
3350,icereval,111,0.00208,4463505,83.74725,5329733
3351,iurygregory,111,0.00208,4463616,83.74934,5329733
3352,jgrumboe,111,0.00208,4463727,83.75142,5329733
3353,jtslear,111,0.00208,4463838,83.75350,5329733
3354,kbeecher,111,0.00208,4463949,83.75558,5329733
3355,liupeng0518,111,0.00208,4464060,83.75767,5329733
3356,MIBc,111,0.00208,4464171,83.75975,5329733
3357,michalschott,111,0.00208,4464282,83.76183,5329733
3358,nlamirault,111,0.00208,4464393,83.76391,5329733
3359,orainxiong,111,0.00208,4464504,83.76600,5329733
3360,qw1mb0,111,0.00208,4464615,83.76808,5329733
3361,shafreeck,111,0.00208,4464726,83.77016,5329733
3362,thomasliddledba,111,0.00208,4464837,83.77225,5329733
3363,admc,110,0.00206,4464947,83.77431,5329733
3364,ams0,110,0.00206,4465057,83.77637,5329733
3365,bmelbourne,110,0.00206,4465167,83.77844,5329733
3366,chaitanyaenr,110,0.00206,4465277,83.78050,5329733
3367,douglascamata,110,0.00206,4465387,83.78256,5329733
3368,egafford,110,0.00206,4465497,83.78463,5329733
3369,juandiegopalomino,110,0.00206,4465607,83.78669,5329733
3370,karenhchu,110,0.00206,4465717,83.78876,5329733
3371,michaelajr,110,0.00206,4465827,83.79082,5329733
3372,mkulke,110,0.00206,4465937,83.79288,5329733
3373,peay,110,0.00206,4466047,83.79495,5329733
3374,romlein,110,0.00206,4466157,83.79701,5329733
3375,sb1975,110,0.00206,4466267,83.79908,5329733
3376,sub-mod,110,0.00206,4466377,83.80114,5329733
3377,wilmardo,110,0.00206,4466487,83.80320,5329733
3378,wyyxd2017,110,0.00206,4466597,83.80527,5329733
3379,yongni,110,0.00206,4466707,83.80733,5329733
3380,alinbalutoiu,109,0.00205,4466816,83.80938,5329733
3381,andrewpollock,109,0.00205,4466925,83.81142,5329733
3382,barkerd427,109,0.00205,4467034,83.81347,5329733
3383,bb7133,109,0.00205,4467143,83.81551,5329733
3384,caruccio,109,0.00205,4467252,83.81756,5329733
3385,elskwid,109,0.00205,4467361,83.81960,5329733
3386,etiennecoutaud,109,0.00205,4467470,83.82165,5329733
3387,galderz,109,0.00205,4467579,83.82369,5329733
3388,glo-pena,109,0.00205,4467688,83.82574,5329733
3389,hardikdr,109,0.00205,4467797,83.82778,5329733
3390,JacobTanenbaum,109,0.00205,4467906,83.82983,5329733
3391,kadern0,109,0.00205,4468015,83.83187,5329733
3392,kenan435,109,0.00205,4468124,83.83392,5329733
3393,llamahunter,109,0.00205,4468233,83.83596,5329733
3394,mansam,109,0.00205,4468342,83.83801,5329733
3395,MaxRink,109,0.00205,4468451,83.84005,5329733
3396,morvencao,109,0.00205,4468560,83.84210,5329733
3397,MPV,109,0.00205,4468669,83.84414,5329733
3398,sethmccombs,109,0.00205,4468778,83.84619,5329733
3399,Ulexus,109,0.00205,4468887,83.84823,5329733
3400,arush-sal,108,0.00203,4468995,83.85026,5329733
3401,bndw,108,0.00203,4469103,83.85229,5329733
3402,chrisleck,108,0.00203,4469211,83.85431,5329733
3403,christyjacob4,108,0.00203,4469319,83.85634,5329733
3404,croomes,108,0.00203,4469427,83.85837,5329733
3405,danielhelfand,108,0.00203,4469535,83.86039,5329733
3406,emmenlau,108,0.00203,4469643,83.86242,5329733
3407,fabriziofortino,108,0.00203,4469751,83.86444,5329733
3408,fcfort,108,0.00203,4469859,83.86647,5329733
3409,homelessnessbo,108,0.00203,4469967,83.86850,5329733
3410,irozzo-1A,108,0.00203,4470075,83.87052,5329733
3411,jaygorrell,108,0.00203,4470183,83.87255,5329733
3412,JPLachance,108,0.00203,4470291,83.87458,5329733
3413,oulinbao,108,0.00203,4470399,83.87660,5329733
3414,pdecat,108,0.00203,4470507,83.87863,5329733
3415,rtnpro,108,0.00203,4470615,83.88066,5329733
3416,soulxu,108,0.00203,4470723,83.88268,5329733
3417,TerraTech,108,0.00203,4470831,83.88471,5329733
3418,adityadani,107,0.00201,4470938,83.88672,5329733
3419,andrewstuart,107,0.00201,4471045,83.88872,5329733
3420,darioblanco,107,0.00201,4471152,83.89073,5329733
3421,edio,107,0.00201,4471259,83.89274,5329733
3422,jpoon,107,0.00201,4471366,83.89475,5329733
3423,Kellel,107,0.00201,4471473,83.89675,5329733
3424,lifupan,107,0.00201,4471580,83.89876,5329733
3425,mjpitz,107,0.00201,4471687,83.90077,5329733
3426,nholbrook,107,0.00201,4471794,83.90278,5329733
3427,PMitrafanau,107,0.00201,4471901,83.90478,5329733
3428,pvanderlinden,107,0.00201,4472008,83.90679,5329733
3429,shubhanilBag,107,0.00201,4472115,83.90880,5329733
3430,soniasingla,107,0.00201,4472222,83.91081,5329733
3431,Swarnalatha-K,107,0.00201,4472329,83.91282,5329733
3432,tracymiranda,107,0.00201,4472436,83.91482,5329733
3433,AlainRoy,106,0.00199,4472542,83.91681,5329733
3434,dcritch,106,0.00199,4472648,83.91880,5329733
3435,ESWZY,106,0.00199,4472754,83.92079,5329733
3436,gnehapk,106,0.00199,4472860,83.92278,5329733
3437,jeffbean,106,0.00199,4472966,83.92477,5329733
3438,khrisrichardson,106,0.00199,4473072,83.92676,5329733
3439,kirankt,106,0.00199,4473178,83.92874,5329733
3440,l2dy,106,0.00199,4473284,83.93073,5329733
3441,leongold,106,0.00199,4473390,83.93272,5329733
3442,luisdavim,106,0.00199,4473496,83.93471,5329733
3443,minhdanh,106,0.00199,4473602,83.93670,5329733
3444,nupejosh,106,0.00199,4473708,83.93869,5329733
3445,patnaikshekhar,106,0.00199,4473814,83.94068,5329733
3446,pborzenkov,106,0.00199,4473920,83.94267,5329733
3447,ramnar,106,0.00199,4474026,83.94466,5329733
3448,ryandawsonuk,106,0.00199,4474132,83.94664,5329733
3449,shinebayar-g,106,0.00199,4474238,83.94863,5329733
3450,swade1987,106,0.00199,4474344,83.95062,5329733
3451,WillemMali,106,0.00199,4474450,83.95261,5329733
3452,ac360,105,0.00197,4474555,83.95458,5329733
3453,alembiewski,105,0.00197,4474660,83.95655,5329733
3454,alepuccetti,105,0.00197,4474765,83.95852,5329733
3455,alexcpn,105,0.00197,4474870,83.96049,5329733
3456,anencore94,105,0.00197,4474975,83.96246,5329733
3457,ashetty1,105,0.00197,4475080,83.96443,5329733
3458,chenchaobing,105,0.00197,4475185,83.96640,5329733
3459,costinm,105,0.00197,4475290,83.96837,5329733
3460,CsatariGergely,105,0.00197,4475395,83.97034,5329733
3461,deniseschannon,105,0.00197,4475500,83.97231,5329733
3462,ellistarn,105,0.00197,4475605,83.97428,5329733
3463,erain,105,0.00197,4475710,83.97625,5329733
3464,JiangtianLi,105,0.00197,4475815,83.97822,5329733
3465,KarolKraskiewicz,105,0.00197,4475920,83.98019,5329733
3466,KielChan,105,0.00197,4476025,83.98216,5329733
3467,spongedu,105,0.00197,4476130,83.98413,5329733
3468,valentin2105,105,0.00197,4476235,83.98610,5329733
3469,yb172,105,0.00197,4476340,83.98807,5329733
3470,adityaramteke,104,0.00195,4476444,83.99002,5329733
3471,anyushun,104,0.00195,4476548,83.99197,5329733
3472,axot,104,0.00195,4476652,83.99393,5329733
3473,bene2k1,104,0.00195,4476756,83.99588,5329733
3474,ctron,104,0.00195,4476860,83.99783,5329733
3475,dawidmalina,104,0.00195,4476964,83.99978,5329733
3476,dfang,104,0.00195,4477068,84.00173,5329733
3477,dominikh,104,0.00195,4477172,84.00368,5329733
3478,ewbankkit,104,0.00195,4477276,84.00563,5329733
3479,gszr,104,0.00195,4477380,84.00759,5329733
3480,iT2afL0rd,104,0.00195,4477484,84.00954,5329733
3481,jkroepke,104,0.00195,4477588,84.01149,5329733
3482,jroper,104,0.00195,4477692,84.01344,5329733
3483,libesz,104,0.00195,4477796,84.01539,5329733
3484,moonek,104,0.00195,4477900,84.01734,5329733
3485,nixpanic,104,0.00195,4478004,84.01929,5329733
3486,qizha,104,0.00195,4478108,84.02124,5329733
3487,snebel29,104,0.00195,4478212,84.02320,5329733
3488,vfreex,104,0.00195,4478316,84.02515,5329733
3489,adampl,103,0.00193,4478419,84.02708,5329733
3490,apenney,103,0.00193,4478522,84.02901,5329733
3491,arpitjindal97,103,0.00193,4478625,84.03094,5329733
3492,awprice,103,0.00193,4478728,84.03288,5329733
3493,dustymabe,103,0.00193,4478831,84.03481,5329733
3494,edouardKaiser,103,0.00193,4478934,84.03674,5329733
3495,errm,103,0.00193,4479037,84.03868,5329733
3496,foxylion,103,0.00193,4479140,84.04061,5329733
3497,fujiwara,103,0.00193,4479243,84.04254,5329733
3498,helio-frota,103,0.00193,4479346,84.04447,5329733
3499,int128,103,0.00193,4479449,84.04641,5329733
3500,myakove,103,0.00193,4479552,84.04834,5329733
3501,nekto0n,103,0.00193,4479655,84.05027,5329733
3502,proppy,103,0.00193,4479758,84.05220,5329733
3503,rawkode,103,0.00193,4479861,84.05414,5329733
3504,rulex123,103,0.00193,4479964,84.05607,5329733
3505,slanning,103,0.00193,4480067,84.05800,5329733
3506,trilokgm,103,0.00193,4480170,84.05993,5329733
3507,adidenko,102,0.00191,4480272,84.06185,5329733
3508,aliartiza75,102,0.00191,4480374,84.06376,5329733
3509,bdecoste,102,0.00191,4480476,84.06567,5329733
3510,Brandon-Kimberly,102,0.00191,4480578,84.06759,5329733
3511,ceshihao,102,0.00191,4480680,84.06950,5329733
3512,GeoBK,102,0.00191,4480782,84.07142,5329733
3513,jhvhs,102,0.00191,4480884,84.07333,5329733
3514,jiulongzaitian,102,0.00191,4480986,84.07524,5329733
3515,lawliet89,102,0.00191,4481088,84.07716,5329733
3516,mischief,102,0.00191,4481190,84.07907,5329733
3517,nt,102,0.00191,4481292,84.08098,5329733
3518,shaas,102,0.00191,4481394,84.08290,5329733
3519,tdcox,102,0.00191,4481496,84.08481,5329733
3520,wenjun93,102,0.00191,4481598,84.08673,5329733
3521,Xtigyro,102,0.00191,4481700,84.08864,5329733
3522,agile6v,101,0.00190,4481801,84.09054,5329733
3523,Bobgy,101,0.00190,4481902,84.09243,5329733
3524,bzon,101,0.00190,4482003,84.09433,5329733
3525,dgrisonnet,101,0.00190,4482104,84.09622,5329733
3526,DQNEO,101,0.00190,4482205,84.09812,5329733
3527,d-ulyanov,101,0.00190,4482306,84.10001,5329733
3528,e-blackwelder,101,0.00190,4482407,84.10191,5329733
3529,flx42,101,0.00190,4482508,84.10380,5329733
3530,haf,101,0.00190,4482609,84.10570,5329733
3531,KlavsKlavsen,101,0.00190,4482710,84.10759,5329733
3532,lveyde,101,0.00190,4482811,84.10949,5329733
3533,MQasimSarfraz,101,0.00190,4482912,84.11138,5329733
3534,noqcks,101,0.00190,4483013,84.11328,5329733
3535,nrb,101,0.00190,4483114,84.11517,5329733
3536,Oats87,101,0.00190,4483215,84.11707,5329733
3537,ohadlevy,101,0.00190,4483316,84.11896,5329733
3538,rhuss,101,0.00190,4483417,84.12086,5329733
3539,sergiitk,101,0.00190,4483518,84.12275,5329733
3540,zackangelo,101,0.00190,4483619,84.12465,5329733
3541,ahmedtd,100,0.00188,4483719,84.12652,5329733
3542,AndyDiamondstein,100,0.00188,4483819,84.12840,5329733
3543,arthuryan-k,100,0.00188,4483919,84.13027,5329733
3544,austinmoore-,100,0.00188,4484019,84.13215,5329733
3545,backjo,100,0.00188,4484119,84.13403,5329733
3546,briantopping,100,0.00188,4484219,84.13590,5329733
3547,cw-sakamoto,100,0.00188,4484319,84.13778,5329733
3548,dnoland1,100,0.00188,4484419,84.13966,5329733
3549,gregsheremeta,100,0.00188,4484519,84.14153,5329733
3550,jeremyd,100,0.00188,4484619,84.14341,5329733
3551,johnharris85,100,0.00188,4484719,84.14528,5329733
3552,kaarolch,100,0.00188,4484819,84.14716,5329733
3553,kskalski,100,0.00188,4484919,84.14904,5329733
3554,liamawhite,100,0.00188,4485019,84.15091,5329733
3555,marcostvz,100,0.00188,4485119,84.15279,5329733
3556,metal3d,100,0.00188,4485219,84.15467,5329733
3557,moshe010,100,0.00188,4485319,84.15654,5329733
3558,MrFreezeex,100,0.00188,4485419,84.15842,5329733
3559,naveensrinivasan,100,0.00188,4485519,84.16029,5329733
3560,rverma-nikiai,100,0.00188,4485619,84.16217,5329733
3561,smileusd,100,0.00188,4485719,84.16405,5329733
3562,STRRL,100,0.00188,4485819,84.16592,5329733
3563,suyogbarve,100,0.00188,4485919,84.16780,5329733
3564,teawater,100,0.00188,4486019,84.16968,5329733
3565,tyranron,100,0.00188,4486119,84.17155,5329733
3566,vinu2003,100,0.00188,4486219,84.17343,5329733
3567,wayilau,100,0.00188,4486319,84.17530,5329733
3568,yancl,100,0.00188,4486419,84.17718,5329733
3569,zegl,100,0.00188,4486519,84.17906,5329733
3570,alexlarsson,99,0.00186,4486618,84.18091,5329733
3571,bhaskarhc,99,0.00186,4486717,84.18277,5329733
3572,bryanlarsen,99,0.00186,4486816,84.18463,5329733
3573,cabrinha,99,0.00186,4486915,84.18649,5329733
3574,chrischdi,99,0.00186,4487014,84.18834,5329733
3575,cosmincojocar,99,0.00186,4487113,84.19020,5329733
3576,dcwangmit01,99,0.00186,4487212,84.19206,5329733
3577,dsyer,99,0.00186,4487311,84.19392,5329733
3578,fabolive,99,0.00186,4487410,84.19577,5329733
3579,grahamhayes,99,0.00186,4487509,84.19763,5329733
3580,helight,99,0.00186,4487608,84.19949,5329733
3581,JAORMX,99,0.00186,4487707,84.20135,5329733
3582,JustinVenus,99,0.00186,4487806,84.20320,5329733
3583,KobayashiD27,99,0.00186,4487905,84.20506,5329733
3584,lawrencegripper,99,0.00186,4488004,84.20692,5329733
3585,mabushey,99,0.00186,4488103,84.20878,5329733
3586,mithrav,99,0.00186,4488202,84.21063,5329733
3587,palazzem,99,0.00186,4488301,84.21249,5329733
3588,platoff,99,0.00186,4488400,84.21435,5329733
3589,sc68cal,99,0.00186,4488499,84.21621,5329733
3590,sfzylad,99,0.00186,4488598,84.21806,5329733
3591,spothanis,99,0.00186,4488697,84.21992,5329733
3592,trusch,99,0.00186,4488796,84.22178,5329733
3593,weissi,99,0.00186,4488895,84.22364,5329733
3594,xiangjingli,99,0.00186,4488994,84.22549,5329733
3595,zhsj,99,0.00186,4489093,84.22735,5329733
3596,adrianchiris,98,0.00184,4489191,84.22919,5329733
3597,ainmosni,98,0.00184,4489289,84.23103,5329733
3598,antongorkovenko,98,0.00184,4489387,84.23287,5329733
3599,AntonioCarlini,98,0.00184,4489485,84.23471,5329733
3600,bradhoekstra,98,0.00184,4489583,84.23655,5329733
3601,cbdm,98,0.00184,4489681,84.23838,5329733
3602,cmurphy,98,0.00184,4489779,84.24022,5329733
3603,connorchan,98,0.00184,4489877,84.24206,5329733
3604,demisx,98,0.00184,4489975,84.24390,5329733
3605,derekmarcotte,98,0.00184,4490073,84.24574,5329733
3606,dobesv,98,0.00184,4490171,84.24758,5329733
3607,faisal-memon,98,0.00184,4490269,84.24942,5329733
3608,fluxcdbot,98,0.00184,4490367,84.25126,5329733
3609,furukawa3,98,0.00184,4490465,84.25309,5329733
3610,hunter,98,0.00184,4490563,84.25493,5329733
3611,jieyu,98,0.00184,4490661,84.25677,5329733
3612,jtomasek,98,0.00184,4490759,84.25861,5329733
3613,LLParse,98,0.00184,4490857,84.26045,5329733
3614,mcandre,98,0.00184,4490955,84.26229,5329733
3615,sunlintong,98,0.00184,4491053,84.26413,5329733
3616,XSAM,98,0.00184,4491151,84.26597,5329733
3617,yarntime,98,0.00184,4491249,84.26780,5329733
3618,zhijianli88,98,0.00184,4491347,84.26964,5329733
3619,arcanique,97,0.00182,4491444,84.27146,5329733
3620,ayushpateria,97,0.00182,4491541,84.27328,5329733
3621,bsteciuk,97,0.00182,4491638,84.27510,5329733
3622,cben,97,0.00182,4491735,84.27692,5329733
3623,celanthe,97,0.00182,4491832,84.27874,5329733
3624,cetanu,97,0.00182,4491929,84.28056,5329733
3625,chrishenzie,97,0.00182,4492026,84.28238,5329733
3626,cliveseldon,97,0.00182,4492123,84.28420,5329733
3627,embano1,97,0.00182,4492220,84.28602,5329733
3628,hiyokotaisa,97,0.00182,4492317,84.28784,5329733
3629,jaybatra26,97,0.00182,4492414,84.28966,5329733
3630,liquidslr,97,0.00182,4492511,84.29148,5329733
3631,lzang,97,0.00182,4492608,84.29330,5329733
3632,sanchezl,97,0.00182,4492705,84.29512,5329733
3633,sigma,97,0.00182,4492802,84.29694,5329733
3634,stephan2012,97,0.00182,4492899,84.29876,5329733
3635,stuartpb,97,0.00182,4492996,84.30058,5329733
3636,tianxinheihei,97,0.00182,4493093,84.30240,5329733
3637,xychu,97,0.00182,4493190,84.30422,5329733
3638,bjflanne,96,0.00180,4493286,84.30602,5329733
3639,coryan,96,0.00180,4493382,84.30783,5329733
3640,Divya063,96,0.00180,4493478,84.30963,5329733
3641,dolftax,96,0.00180,4493574,84.31143,5329733
3642,erikh,96,0.00180,4493670,84.31323,5329733
3643,gbrail,96,0.00180,4493766,84.31503,5329733
3644,ggaaooppeenngg,96,0.00180,4493862,84.31683,5329733
3645,godliness,96,0.00180,4493958,84.31863,5329733
3646,hodovska,96,0.00180,4494054,84.32043,5329733
3647,ihoegen,96,0.00180,4494150,84.32224,5329733
3648,indrekj,96,0.00180,4494246,84.32404,5329733
3649,Jamstah,96,0.00180,4494342,84.32584,5329733
3650,janwillies,96,0.00180,4494438,84.32764,5329733
3651,jdfalk,96,0.00180,4494534,84.32944,5329733
3652,johnzheng1975,96,0.00180,4494630,84.33124,5329733
3653,max8899,96,0.00180,4494726,84.33304,5329733
3654,ricolin,96,0.00180,4494822,84.33484,5329733
3655,rochacon,96,0.00180,4494918,84.33665,5329733
3656,shivkanya9146,96,0.00180,4495014,84.33845,5329733
3657,slaskawi,96,0.00180,4495110,84.34025,5329733
3658,slimsag,96,0.00180,4495206,84.34205,5329733
3659,stafot,96,0.00180,4495302,84.34385,5329733
3660,sushilkm,96,0.00180,4495398,84.34565,5329733
3661,tazjin,96,0.00180,4495494,84.34745,5329733
3662,varyoo,96,0.00180,4495590,84.34925,5329733
3663,victorgp,96,0.00180,4495686,84.35105,5329733
3664,weikinhuang,96,0.00180,4495782,84.35286,5329733
3665,weixiao-huang,96,0.00180,4495878,84.35466,5329733
3666,william-wang,96,0.00180,4495974,84.35646,5329733
3667,xrmzju,96,0.00180,4496070,84.35826,5329733
3668,abhinavdahiya,95,0.00178,4496165,84.36004,5329733
3669,dmitriy-lukyanchikov,95,0.00178,4496260,84.36182,5329733
3670,jordanjennings,95,0.00178,4496355,84.36361,5329733
3671,joshmsamuels,95,0.00178,4496450,84.36539,5329733
3672,KarstenSiemer,95,0.00178,4496545,84.36717,5329733
3673,LaumiH,95,0.00178,4496640,84.36895,5329733
3674,pengx17,95,0.00178,4496735,84.37074,5329733
3675,PiotrDabkowski,95,0.00178,4496830,84.37252,5329733
3676,qiuyesuifeng,95,0.00178,4496925,84.37430,5329733
3677,shamil,95,0.00178,4497020,84.37608,5329733
3678,smileisak,95,0.00178,4497115,84.37787,5329733
3679,thschue,95,0.00178,4497210,84.37965,5329733
3680,vikas027,95,0.00178,4497305,84.38143,5329733
3681,YoussB,95,0.00178,4497400,84.38321,5329733
3682,Aarthisk,94,0.00176,4497494,84.38498,5329733
3683,CamelCaseNotation,94,0.00176,4497588,84.38674,5329733
3684,gertcuykens,94,0.00176,4497682,84.38851,5329733
3685,glb,94,0.00176,4497776,84.39027,5329733
3686,jaxxstorm,94,0.00176,4497870,84.39203,5329733
3687,jertel,94,0.00176,4497964,84.39380,5329733
3688,jtblin,94,0.00176,4498058,84.39556,5329733
3689,kevpar,94,0.00176,4498152,84.39732,5329733
3690,Mashimiao,94,0.00176,4498246,84.39909,5329733
3691,mfrinnstrom,94,0.00176,4498340,84.40085,5329733
3692,nabadger,94,0.00176,4498434,84.40261,5329733
3693,nertpinx,94,0.00176,4498528,84.40438,5329733
3694,oibe,94,0.00176,4498622,84.40614,5329733
3695,ryanzidago,94,0.00176,4498716,84.40791,5329733
3696,sch00lb0y,94,0.00176,4498810,84.40967,5329733
3697,sokoow,94,0.00176,4498904,84.41143,5329733
3698,solsson,94,0.00176,4498998,84.41320,5329733
3699,wattsteve,94,0.00176,4499092,84.41496,5329733
3700,wez470,94,0.00176,4499186,84.41672,5329733
3701,ymmt2005,94,0.00176,4499280,84.41849,5329733
3702,brendanburns,93,0.00174,4499373,84.42023,5329733
3703,carlisia,93,0.00174,4499466,84.42198,5329733
3704,daxmc99,93,0.00174,4499559,84.42372,5329733
3705,dswarbrick,93,0.00174,4499652,84.42547,5329733
3706,ejsmith,93,0.00174,4499745,84.42721,5329733
3707,fancc,93,0.00174,4499838,84.42896,5329733
3708,ilovett,93,0.00174,4499931,84.43070,5329733
3709,jhonmike,93,0.00174,4500024,84.43245,5329733
3710,lizsurette,93,0.00174,4500117,84.43419,5329733
3711,manics,93,0.00174,4500210,84.43594,5329733
3712,michaelgoin,93,0.00174,4500303,84.43768,5329733
3713,murali-reddy,93,0.00174,4500396,84.43943,5329733
3714,orta,93,0.00174,4500489,84.44117,5329733
3715,PhilipGough,93,0.00174,4500582,84.44292,5329733
3716,puja108,93,0.00174,4500675,84.44466,5329733
3717,sgandon,93,0.00174,4500768,84.44641,5329733
3718,Stelminator,93,0.00174,4500861,84.44815,5329733
3719,StudyNick,93,0.00174,4500954,84.44990,5329733
3720,tgraf,93,0.00174,4501047,84.45164,5329733
3721,willise,93,0.00174,4501140,84.45339,5329733
3722,aniket-s-kulkarni,92,0.00173,4501232,84.45511,5329733
3723,ceohockey60,92,0.00173,4501324,84.45684,5329733
3724,codeworm96,92,0.00173,4501416,84.45856,5329733
3725,drewsortega,92,0.00173,4501508,84.46029,5329733
3726,drigz,92,0.00173,4501600,84.46202,5329733
3727,hiyosi,92,0.00173,4501692,84.46374,5329733
3728,IAXES,92,0.00173,4501784,84.46547,5329733
3729,jijiew,92,0.00173,4501876,84.46720,5329733
3730,konryd,92,0.00173,4501968,84.46892,5329733
3731,majorgreys,92,0.00173,4502060,84.47065,5329733
3732,marccampbell,92,0.00173,4502152,84.47237,5329733
3733,nachocano,92,0.00173,4502244,84.47410,5329733
3734,pgdagenais,92,0.00173,4502336,84.47583,5329733
3735,pluttrell,92,0.00173,4502428,84.47755,5329733
3736,Queuecumber,92,0.00173,4502520,84.47928,5329733
3737,qwang1,92,0.00173,4502612,84.48100,5329733
3738,roboll,92,0.00173,4502704,84.48273,5329733
3739,sheenaqotj,92,0.00173,4502796,84.48446,5329733
3740,siavashs,92,0.00173,4502888,84.48618,5329733
3741,swatisehgal,92,0.00173,4502980,84.48791,5329733
3742,tehcyx,92,0.00173,4503072,84.48964,5329733
3743,Wangzihao18,92,0.00173,4503164,84.49136,5329733
3744,willthames,92,0.00173,4503256,84.49309,5329733
3745,wwgfhf,92,0.00173,4503348,84.49481,5329733
3746,adamdecaf,91,0.00171,4503439,84.49652,5329733
3747,alfred-huangjian,91,0.00171,4503530,84.49823,5329733
3748,andreykurilin,91,0.00171,4503621,84.49994,5329733
3749,AWaterColorPen,91,0.00171,4503712,84.50164,5329733
3750,bourquep,91,0.00171,4503803,84.50335,5329733
3751,ccding,91,0.00171,4503894,84.50506,5329733
3752,Cito,91,0.00171,4503985,84.50677,5329733
3753,gedgar,91,0.00171,4504076,84.50847,5329733
3754,HardySimpson,91,0.00171,4504167,84.51018,5329733
3755,helayoty,91,0.00171,4504258,84.51189,5329733
3756,jfoy,91,0.00171,4504349,84.51360,5329733
3757,kabakaev,91,0.00171,4504440,84.51530,5329733
3758,kevinjqiu,91,0.00171,4504531,84.51701,5329733
3759,mchurichi,91,0.00171,4504622,84.51872,5329733
3760,multi-io,91,0.00171,4504713,84.52043,5329733
3761,Nexucis,91,0.00171,4504804,84.52213,5329733
3762,olegshaldybin,91,0.00171,4504895,84.52384,5329733
3763,prateekgogia,91,0.00171,4504986,84.52555,5329733
3764,tennix,91,0.00171,4505077,84.52725,5329733
3765,terev,91,0.00171,4505168,84.52896,5329733
3766,wayt,91,0.00171,4505259,84.53067,5329733
3767,xlucas,91,0.00171,4505350,84.53238,5329733
3768,abuehrle,90,0.00169,4505440,84.53407,5329733
3769,Amey-D,90,0.00169,4505530,84.53575,5329733
3770,arindamnayak,90,0.00169,4505620,84.53744,5329733
3771,chris-vest,90,0.00169,4505710,84.53913,5329733
3772,DazWilkin,90,0.00169,4505800,84.54082,5329733
3773,DirectedSoul1,90,0.00169,4505890,84.54251,5329733
3774,dkarlovi,90,0.00169,4505980,84.54420,5329733
3775,drewhemm,90,0.00169,4506070,84.54589,5329733
3776,edsantiago,90,0.00169,4506160,84.54757,5329733
3777,jw-s,90,0.00169,4506250,84.54926,5329733
3778,kkeshavamurthy,90,0.00169,4506340,84.55095,5329733
3779,krunaljain,90,0.00169,4506430,84.55264,5329733
3780,lavignes,90,0.00169,4506520,84.55433,5329733
3781,lijianfeng1993,90,0.00169,4506610,84.55602,5329733
3782,maclof,90,0.00169,4506700,84.55771,5329733
3783,rkojedzinszky,90,0.00169,4506790,84.55940,5329733
3784,rsokolowski,90,0.00169,4506880,84.56108,5329733
3785,rsteneteg,90,0.00169,4506970,84.56277,5329733
3786,secat,90,0.00169,4507060,84.56446,5329733
3787,Smirl,90,0.00169,4507150,84.56615,5329733
3788,wwwtyro,90,0.00169,4507240,84.56784,5329733
3789,amshinde,89,0.00167,4507329,84.56951,5329733
3790,arthur0,89,0.00167,4507418,84.57118,5329733
3791,avalluri,89,0.00167,4507507,84.57285,5329733
3792,cameronbraid,89,0.00167,4507596,84.57452,5329733
3793,cnwalker,89,0.00167,4507685,84.57619,5329733
3794,dohnto,89,0.00167,4507774,84.57786,5329733
3795,ese,89,0.00167,4507863,84.57953,5329733
3796,fgimenez,89,0.00167,4507952,84.58120,5329733
3797,fudali113,89,0.00167,4508041,84.58287,5329733
3798,grahamwhaley,89,0.00167,4508130,84.58454,5329733
3799,happinesstaker,89,0.00167,4508219,84.58621,5329733
3800,liufuyang,89,0.00167,4508308,84.58788,5329733
3801,lparis,89,0.00167,4508397,84.58955,5329733
3802,michaelgeorgeattard,89,0.00167,4508486,84.59122,5329733
3803,michizhou,89,0.00167,4508575,84.59289,5329733
3804,PaulFarver,89,0.00167,4508664,84.59456,5329733
3805,rowanruseler,89,0.00167,4508753,84.59623,5329733
3806,samvantran,89,0.00167,4508842,84.59790,5329733
3807,shrutip,89,0.00167,4508931,84.59957,5329733
3808,sjwoodman,89,0.00167,4509020,84.60124,5329733
3809,spadgett,89,0.00167,4509109,84.60291,5329733
3810,stijndehaes,89,0.00167,4509198,84.60458,5329733
3811,tesujimath,89,0.00167,4509287,84.60625,5329733
3812,tobad357,89,0.00167,4509376,84.60792,5329733
3813,wangyuqing4,89,0.00167,4509465,84.60959,5329733
3814,xiaoping378,89,0.00167,4509554,84.61126,5329733
3815,yuga711,89,0.00167,4509643,84.61293,5329733
3816,ajarr,88,0.00165,4509731,84.61458,5329733
3817,arachmani,88,0.00165,4509819,84.61623,5329733
3818,Avni-Sharma,88,0.00165,4509907,84.61788,5329733
3819,daniel-j-born,88,0.00165,4509995,84.61953,5329733
3820,devinsba,88,0.00165,4510083,84.62118,5329733
3821,dmvolod,88,0.00165,4510171,84.62283,5329733
3822,fatih,88,0.00165,4510259,84.62448,5329733
3823,filippog,88,0.00165,4510347,84.62613,5329733
3824,freiksenet,88,0.00165,4510435,84.62779,5329733
3825,HudsonHumphries,88,0.00165,4510523,84.62944,5329733
3826,interma,88,0.00165,4510611,84.63109,5329733
3827,joehandzik,88,0.00165,4510699,84.63274,5329733
3828,kkaneda,88,0.00165,4510787,84.63439,5329733
3829,leifmadsen,88,0.00165,4510875,84.63604,5329733
3830,louyihua,88,0.00165,4510963,84.63769,5329733
3831,lubinszARM,88,0.00165,4511051,84.63934,5329733
3832,merlinnot,88,0.00165,4511139,84.64099,5329733
3833,milesbxf,88,0.00165,4511227,84.64265,5329733
3834,namreg,88,0.00165,4511315,84.64430,5329733
3835,nvanbenschoten,88,0.00165,4511403,84.64595,5329733
3836,rewanth1997,88,0.00165,4511491,84.64760,5329733
3837,SeMeKh,88,0.00165,4511579,84.64925,5329733
3838,WeixuZhuang,88,0.00165,4511667,84.65090,5329733
3839,x1957,88,0.00165,4511755,84.65255,5329733
3840,ZYecho,88,0.00165,4511843,84.65420,5329733
3841,alaypatel07,87,0.00163,4511930,84.65584,5329733
3842,AvengerMoJo,87,0.00163,4512017,84.65747,5329733
3843,bradenwright,87,0.00163,4512104,84.65910,5329733
3844,chenliu1993,87,0.00163,4512191,84.66073,5329733
3845,dingyin,87,0.00163,4512278,84.66236,5329733
3846,drinktee,87,0.00163,4512365,84.66400,5329733
3847,fedenusy,87,0.00163,4512452,84.66563,5329733
3848,gfbarros,87,0.00163,4512539,84.66726,5329733
3849,grounded042,87,0.00163,4512626,84.66889,5329733
3850,guidoiaquinti,87,0.00163,4512713,84.67053,5329733
3851,huguesalary,87,0.00163,4512800,84.67216,5329733
3852,Jingzhao123,87,0.00163,4512887,84.67379,5329733
3853,jmreicha,87,0.00163,4512974,84.67542,5329733
3854,karthequian,87,0.00163,4513061,84.67706,5329733
3855,langyenan,87,0.00163,4513148,84.67869,5329733
3856,liangwenguo,87,0.00163,4513235,84.68032,5329733
3857,nikita-mk,87,0.00163,4513322,84.68195,5329733
3858,nrmitchi,87,0.00163,4513409,84.68359,5329733
3859,pcj,87,0.00163,4513496,84.68522,5329733
3860,plombardi89,87,0.00163,4513583,84.68685,5329733
3861,pmoroney,87,0.00163,4513670,84.68848,5329733
3862,RochesterinNYC,87,0.00163,4513757,84.69011,5329733
3863,sgissi,87,0.00163,4513844,84.69175,5329733
3864,shivanshu21,87,0.00163,4513931,84.69338,5329733
3865,StupidScience,87,0.00163,4514018,84.69501,5329733
3866,tobegit3hub,87,0.00163,4514105,84.69664,5329733
3867,vreon,87,0.00163,4514192,84.69828,5329733
3868,wnxn,87,0.00163,4514279,84.69991,5329733
3869,abhirockzz,86,0.00161,4514365,84.70152,5329733
3870,alexppg,86,0.00161,4514451,84.70314,5329733
3871,aweiteka,86,0.00161,4514537,84.70475,5329733
3872,axw,86,0.00161,4514623,84.70636,5329733
3873,aylei,86,0.00161,4514709,84.70798,5329733
3874,bharaththiruveedula,86,0.00161,4514795,84.70959,5329733
3875,binoue,86,0.00161,4514881,84.71120,5329733
3876,calind,86,0.00161,4514967,84.71282,5329733
3877,CaptTofu,86,0.00161,4515053,84.71443,5329733
3878,drnic,86,0.00161,4515139,84.71604,5329733
3879,fentas,86,0.00161,4515225,84.71766,5329733
3880,galthaus,86,0.00161,4515311,84.71927,5329733
3881,guessi,86,0.00161,4515397,84.72089,5329733
3882,howbazaar,86,0.00161,4515483,84.72250,5329733
3883,jajanet,86,0.00161,4515569,84.72411,5329733
3884,jbornemann,86,0.00161,4515655,84.72573,5329733
3885,jjo,86,0.00161,4515741,84.72734,5329733
3886,jmvizcainoio,86,0.00161,4515827,84.72895,5329733
3887,lee0c,86,0.00161,4515913,84.73057,5329733
3888,magicsong,86,0.00161,4515999,84.73218,5329733
3889,miguelbernadi,86,0.00161,4516085,84.73379,5329733
3890,mvisonneau,86,0.00161,4516171,84.73541,5329733
3891,santachopa,86,0.00161,4516257,84.73702,5329733
3892,shakti-das,86,0.00161,4516343,84.73864,5329733
3893,totherme,86,0.00161,4516429,84.74025,5329733
3894,alexburnos,85,0.00159,4516514,84.74184,5329733
3895,bencebeky,85,0.00159,4516599,84.74344,5329733
3896,caitong93,85,0.00159,4516684,84.74503,5329733
3897,cgroschupp,85,0.00159,4516769,84.74663,5329733
3898,chestack,85,0.00159,4516854,84.74822,5329733
3899,condorcet,85,0.00159,4516939,84.74982,5329733
3900,Crevil,85,0.00159,4517024,84.75141,5329733
3901,cstaud,85,0.00159,4517109,84.75301,5329733
3902,danmx,85,0.00159,4517194,84.75460,5329733
3903,evrardjp,85,0.00159,4517279,84.75620,5329733
3904,fatsheep9146,85,0.00159,4517364,84.75779,5329733
3905,icy,85,0.00159,4517449,84.75939,5329733
3906,jijun2,85,0.00159,4517534,84.76098,5329733
3907,jmckind,85,0.00159,4517619,84.76258,5329733
3908,joshrosso,85,0.00159,4517704,84.76417,5329733
3909,lucklove,85,0.00159,4517789,84.76577,5329733
3910,max-lobur,85,0.00159,4517874,84.76736,5329733
3911,mcanevet,85,0.00159,4517959,84.76896,5329733
3912,mehta-ankit,85,0.00159,4518044,84.77055,5329733
3913,Miyurz,85,0.00159,4518129,84.77215,5329733
3914,mkbehr,85,0.00159,4518214,84.77374,5329733
3915,nvanheuverzwijn,85,0.00159,4518299,84.77533,5329733
3916,paulhowardarm,85,0.00159,4518384,84.77693,5329733
3917,phylake,85,0.00159,4518469,84.77852,5329733
3918,rite2nikhil,85,0.00159,4518554,84.78012,5329733
3919,rootsongjc,85,0.00159,4518639,84.78171,5329733
3920,SanyaKochhar,85,0.00159,4518724,84.78331,5329733
3921,scjane,85,0.00159,4518809,84.78490,5329733
3922,smelchior,85,0.00159,4518894,84.78650,5329733
3923,StevenYCChou,85,0.00159,4518979,84.78809,5329733
3924,tlwu2013,85,0.00159,4519064,84.78969,5329733
3925,UladzimirTrehubenka,85,0.00159,4519149,84.79128,5329733
3926,yuanying,85,0.00159,4519234,84.79288,5329733
3927,zenmoto,85,0.00159,4519319,84.79447,5329733
3928,zihaoyu,85,0.00159,4519404,84.79607,5329733
3929,a-feld,84,0.00158,4519488,84.79764,5329733
3930,alexander-demichev,84,0.00158,4519572,84.79922,5329733
3931,ayshiff,84,0.00158,4519656,84.80080,5329733
3932,blimmer,84,0.00158,4519740,84.80237,5329733
3933,ChaitanyaKaranam,84,0.00158,4519824,84.80395,5329733
3934,enricoschiattarella,84,0.00158,4519908,84.80552,5329733
3935,erhudy,84,0.00158,4519992,84.80710,5329733
3936,frankreno,84,0.00158,4520076,84.80868,5329733
3937,harshal-shah,84,0.00158,4520160,84.81025,5329733
3938,hikkie3110,84,0.00158,4520244,84.81183,5329733
3939,igaskin,84,0.00158,4520328,84.81340,5329733
3940,kensimon,84,0.00158,4520412,84.81498,5329733
3941,laozc,84,0.00158,4520496,84.81656,5329733
3942,lichen2013,84,0.00158,4520580,84.81813,5329733
3943,mathu97,84,0.00158,4520664,84.81971,5329733
3944,rlenglet,84,0.00158,4520748,84.82128,5329733
3945,thedrow,84,0.00158,4520832,84.82286,5329733
3946,tvi,84,0.00158,4520916,84.82444,5329733
3947,wangyipei01,84,0.00158,4521000,84.82601,5329733
3948,xchapter7x,84,0.00158,4521084,84.82759,5329733
3949,xuhuilong,84,0.00158,4521168,84.82916,5329733
3950,zrdaley,84,0.00158,4521252,84.83074,5329733
3951,zytek,84,0.00158,4521336,84.83232,5329733
3952,acondrat,83,0.00156,4521419,84.83387,5329733
3953,agargi,83,0.00156,4521502,84.83543,5329733
3954,amalkurup89,83,0.00156,4521585,84.83699,5329733
3955,bigfacebear,83,0.00156,4521668,84.83855,5329733
3956,BSWANG,83,0.00156,4521751,84.84010,5329733
3957,bweston92,83,0.00156,4521834,84.84166,5329733
3958,cricketliu,83,0.00156,4521917,84.84322,5329733
3959,desimone,83,0.00156,4522000,84.84478,5329733
3960,fate-grand-order,83,0.00156,4522083,84.84633,5329733
3961,jollinshead,83,0.00156,4522166,84.84789,5329733
3962,mjd95,83,0.00156,4522249,84.84945,5329733
3963,morrisonlevi,83,0.00156,4522332,84.85100,5329733
3964,olekzabl,83,0.00156,4522415,84.85256,5329733
3965,paulgmiller,83,0.00156,4522498,84.85412,5329733
3966,philoserf,83,0.00156,4522581,84.85568,5329733
3967,srampal,83,0.00156,4522664,84.85723,5329733
3968,tsupertramp,83,0.00156,4522747,84.85879,5329733
3969,woodbor,83,0.00156,4522830,84.86035,5329733
3970,AaronFriel,82,0.00154,4522912,84.86189,5329733
3971,aa-stripe,82,0.00154,4522994,84.86343,5329733
3972,alin-amana,82,0.00154,4523076,84.86496,5329733
3973,arthurnn,82,0.00154,4523158,84.86650,5329733
3974,artmello,82,0.00154,4523240,84.86804,5329733
3975,bplotnick,82,0.00154,4523322,84.86958,5329733
3976,broady,82,0.00154,4523404,84.87112,5329733
3977,cloudbehl,82,0.00154,4523486,84.87266,5329733
3978,dineshgovindasamy,82,0.00154,4523568,84.87420,5329733
3979,hmtai,82,0.00154,4523650,84.87573,5329733
3980,ivitjuk,82,0.00154,4523732,84.87727,5329733
3981,jacobtomlinson,82,0.00154,4523814,84.87881,5329733
3982,kamilgregorczyk,82,0.00154,4523896,84.88035,5329733
3983,maplain,82,0.00154,4523978,84.88189,5329733
3984,marcofranssen,82,0.00154,4524060,84.88343,5329733
3985,mattlandis,82,0.00154,4524142,84.88497,5329733
3986,mfpierre,82,0.00154,4524224,84.88650,5329733
3987,morigs,82,0.00154,4524306,84.88804,5329733
3988,mtparet,82,0.00154,4524388,84.88958,5329733
3989,niso120b,82,0.00154,4524470,84.89112,5329733
3990,pavdmyt,82,0.00154,4524552,84.89266,5329733
3991,plwhite,82,0.00154,4524634,84.89420,5329733
3992,PrasadG193,82,0.00154,4524716,84.89573,5329733
3993,praveenkumar,82,0.00154,4524798,84.89727,5329733
3994,rainest,82,0.00154,4524880,84.89881,5329733
3995,ramnes,82,0.00154,4524962,84.90035,5329733
3996,ronag,82,0.00154,4525044,84.90189,5329733
3997,slonka,82,0.00154,4525126,84.90343,5329733
3998,snoby,82,0.00154,4525208,84.90497,5329733
3999,timm088,82,0.00154,4525290,84.90650,5329733
4000,trwegner,82,0.00154,4525372,84.90804,5329733
4001,webwurst,82,0.00154,4525454,84.90958,5329733
4002,wtyanan,82,0.00154,4525536,84.91112,5329733
4003,yayitserica,82,0.00154,4525618,84.91266,5329733
4004,AerysNan,81,0.00152,4525699,84.91418,5329733
4005,al45tair,81,0.00152,4525780,84.91570,5329733
4006,anirudhgarg,81,0.00152,4525861,84.91722,5329733
4007,bappr,81,0.00152,4525942,84.91874,5329733
4008,davit-y,81,0.00152,4526023,84.92026,5329733
4009,di,81,0.00152,4526104,84.92178,5329733
4010,duyanghao,81,0.00152,4526185,84.92330,5329733
4011,elharo,81,0.00152,4526266,84.92482,5329733
4012,gszasz,81,0.00152,4526347,84.92634,5329733
4013,henriquetruta,81,0.00152,4526428,84.92786,5329733
4014,hypnoce,81,0.00152,4526509,84.92938,5329733
4015,jcsp,81,0.00152,4526590,84.93090,5329733
4016,kaywilliams,81,0.00152,4526671,84.93242,5329733
4017,kenperkins,81,0.00152,4526752,84.93394,5329733
4018,kwussow,81,0.00152,4526833,84.93546,5329733
4019,longility,81,0.00152,4526914,84.93698,5329733
4020,lukidzi,81,0.00152,4526995,84.93850,5329733
4021,lysu,81,0.00152,4527076,84.94001,5329733
4022,mattnworb,81,0.00152,4527157,84.94153,5329733
4023,mzylowski,81,0.00152,4527238,84.94305,5329733
4024,OmerKahani,81,0.00152,4527319,84.94457,5329733
4025,rjeberhard,81,0.00152,4527400,84.94609,5329733
4026,rmariano,81,0.00152,4527481,84.94761,5329733
4027,vadasambar,81,0.00152,4527562,84.94913,5329733
4028,zionwu,81,0.00152,4527643,84.95065,5329733
4029,ahmadalli,80,0.00150,4527723,84.95215,5329733
4030,akram,80,0.00150,4527803,84.95366,5329733
4031,ashangit,80,0.00150,4527883,84.95516,5329733
4032,bashofmann,80,0.00150,4527963,84.95666,5329733
4033,Dynatrace-Adam-Gardner,80,0.00150,4528043,84.95816,5329733
4034,ghostwriternr,80,0.00150,4528123,84.95966,5329733
4035,hongbin,80,0.00150,4528203,84.96116,5329733
4036,iamneha,80,0.00150,4528283,84.96266,5329733
4037,ian-mi,80,0.00150,4528363,84.96416,5329733
4038,javisabalete,80,0.00150,4528443,84.96566,5329733
4039,jonandernovella,80,0.00150,4528523,84.96716,5329733
4040,JuleeB1,80,0.00150,4528603,84.96867,5329733
4041,kcoronado,80,0.00150,4528683,84.97017,5329733
4042,KyleFromKitware,80,0.00150,4528763,84.97167,5329733
4043,mangchiandjjoe,80,0.00150,4528843,84.97317,5329733
4044,mindw,80,0.00150,4528923,84.97467,5329733
4045,mtougeron,80,0.00150,4529003,84.97617,5329733
4046,ofek,80,0.00150,4529083,84.97767,5329733
4047,Pchelolo,80,0.00150,4529163,84.97917,5329733
4048,prologic,80,0.00150,4529243,84.98067,5329733
4049,rafariossaa,80,0.00150,4529323,84.98217,5329733
4050,robertpanzer,80,0.00150,4529403,84.98368,5329733
4051,rodrigc,80,0.00150,4529483,84.98518,5329733
4052,taharah,80,0.00150,4529563,84.98668,5329733
4053,Tim-Zhang,80,0.00150,4529643,84.98818,5329733
4054,varunmar,80,0.00150,4529723,84.98968,5329733
4055,veshij,80,0.00150,4529803,84.99118,5329733
4056,adamschaub,79,0.00148,4529882,84.99266,5329733
4057,alimaredia,79,0.00148,4529961,84.99415,5329733
4058,andor44,79,0.00148,4530040,84.99563,5329733
4059,brirams,79,0.00148,4530119,84.99711,5329733
4060,costimuraru,79,0.00148,4530198,84.99859,5329733
4061,FrederikNS,79,0.00148,4530277,85.00007,5329733
4062,Fsero,79,0.00148,4530356,85.00156,5329733
4063,gingerkidney,79,0.00148,4530435,85.00304,5329733
4064,javefang,79,0.00148,4530514,85.00452,5329733
4065,JayBeale,79,0.00148,4530593,85.00600,5329733
4066,jmcmeek,79,0.00148,4530672,85.00749,5329733
4067,jojimt,79,0.00148,4530751,85.00897,5329733
4068,jutley,79,0.00148,4530830,85.01045,5329733
4069,lentzi90,79,0.00148,4530909,85.01193,5329733
4070,mateuszlitwin,79,0.00148,4530988,85.01341,5329733
4071,michaelfig,79,0.00148,4531067,85.01490,5329733
4072,michaelneale,79,0.00148,4531146,85.01638,5329733
4073,Nodraak,79,0.00148,4531225,85.01786,5329733
4074,paul-argeniss,79,0.00148,4531304,85.01934,5329733
4075,prachirp,79,0.00148,4531383,85.02083,5329733
4076,renzhengeek,79,0.00148,4531462,85.02231,5329733
4077,rigtorp,79,0.00148,4531541,85.02379,5329733
4078,rung,79,0.00148,4531620,85.02527,5329733
4079,samsabed,79,0.00148,4531699,85.02675,5329733
4080,sgielen,79,0.00148,4531778,85.02824,5329733
4081,stefanprisca,79,0.00148,4531857,85.02972,5329733
4082,whalecold,79,0.00148,4531936,85.03120,5329733
4083,whypro,79,0.00148,4532015,85.03268,5329733
4084,zwwhdls,79,0.00148,4532094,85.03417,5329733
4085,cep21,78,0.00146,4532172,85.03563,5329733
4086,danxmoran,78,0.00146,4532250,85.03709,5329733
4087,davesargrad,78,0.00146,4532328,85.03856,5329733
4088,dawallin,78,0.00146,4532406,85.04002,5329733
4089,dennisme,78,0.00146,4532484,85.04148,5329733
4090,Dieterbe,78,0.00146,4532562,85.04295,5329733
4091,dmyerscough,78,0.00146,4532640,85.04441,5329733
4092,erikerlandson,78,0.00146,4532718,85.04587,5329733
4093,fastest963,78,0.00146,4532796,85.04734,5329733
4094,jainvipin,78,0.00146,4532874,85.04880,5329733
4095,james-callahan,78,0.00146,4532952,85.05026,5329733
4096,krig,78,0.00146,4533030,85.05173,5329733
4097,linfan,78,0.00146,4533108,85.05319,5329733
4098,LorbusChris,78,0.00146,4533186,85.05465,5329733
4099,mizeng,78,0.00146,4533264,85.05612,5329733
4100,mnshaw,78,0.00146,4533342,85.05758,5329733
4101,rajula96reddy,78,0.00146,4533420,85.05905,5329733
4102,ripta,78,0.00146,4533498,85.06051,5329733
4103,s099064146,78,0.00146,4533576,85.06197,5329733
4104,shay-berman,78,0.00146,4533654,85.06344,5329733
4105,shinytang6,78,0.00146,4533732,85.06490,5329733
4106,sunminjeon,78,0.00146,4533810,85.06636,5329733
4107,svanharmelen,78,0.00146,4533888,85.06783,5329733
4108,ysaakpr,78,0.00146,4533966,85.06929,5329733
4109,abhiraut,77,0.00144,4534043,85.07073,5329733
4110,alindeman,77,0.00144,4534120,85.07218,5329733
4111,almos98,77,0.00144,4534197,85.07362,5329733
4112,anish,77,0.00144,4534274,85.07507,5329733
4113,baranov1ch,77,0.00144,4534351,85.07651,5329733
4114,cdjohnson,77,0.00144,4534428,85.07796,5329733
4115,DaiHao,77,0.00144,4534505,85.07940,5329733
4116,dgl,77,0.00144,4534582,85.08085,5329733
4117,dmathieu,77,0.00144,4534659,85.08229,5329733
4118,douglas-reid,77,0.00144,4534736,85.08374,5329733
4119,ebabani,77,0.00144,4534813,85.08518,5329733
4120,ebarriosjr,77,0.00144,4534890,85.08663,5329733
4121,gunjan5,77,0.00144,4534967,85.08807,5329733
4122,halcyondude,77,0.00144,4535044,85.08952,5329733
4123,huynguyennovem,77,0.00144,4535121,85.09096,5329733
4124,klalafaryan,77,0.00144,4535198,85.09241,5329733
4125,kumudt,77,0.00144,4535275,85.09385,5329733
4126,KyleAMathews,77,0.00144,4535352,85.09529,5329733
4127,lcavajani,77,0.00144,4535429,85.09674,5329733
4128,lxpollitt,77,0.00144,4535506,85.09818,5329733
4129,manuelluis,77,0.00144,4535583,85.09963,5329733
4130,mcluseau,77,0.00144,4535660,85.10107,5329733
4131,mikeraimondi,77,0.00144,4535737,85.10252,5329733
4132,mlushpenko,77,0.00144,4535814,85.10396,5329733
4133,mrfelton,77,0.00144,4535891,85.10541,5329733
4134,mYmNeo,77,0.00144,4535968,85.10685,5329733
4135,olegz,77,0.00144,4536045,85.10830,5329733
4136,qqshfox,77,0.00144,4536122,85.10974,5329733
4137,rancher-max,77,0.00144,4536199,85.11119,5329733
4138,rlazarus,77,0.00144,4536276,85.11263,5329733
4139,sriduth,77,0.00144,4536353,85.11408,5329733
4140,y2bishop2y,77,0.00144,4536430,85.11552,5329733
4141,zeph,77,0.00144,4536507,85.11697,5329733
4142,abdasgupta,76,0.00143,4536583,85.11839,5329733
4143,alantang888,76,0.00143,4536659,85.11982,5329733
4144,alicefr,76,0.00143,4536735,85.12124,5329733
4145,AntoineDao,76,0.00143,4536811,85.12267,5329733
4146,aswathkk,76,0.00143,4536887,85.12410,5329733
4147,benmathews,76,0.00143,4536963,85.12552,5329733
4148,bkeroackdsc,76,0.00143,4537039,85.12695,5329733
4149,changyaowei,76,0.00143,4537115,85.12837,5329733
4150,Constantin07,76,0.00143,4537191,85.12980,5329733
4151,danielschonfeld,76,0.00143,4537267,85.13123,5329733
4152,dvaldivia,76,0.00143,4537343,85.13265,5329733
4153,Eddman,76,0.00143,4537419,85.13408,5329733
4154,ifireball,76,0.00143,4537495,85.13550,5329733
4155,irosenzw,76,0.00143,4537571,85.13693,5329733
4156,jbhurat,76,0.00143,4537647,85.13835,5329733
4157,kubealex,76,0.00143,4537723,85.13978,5329733
4158,lowjoel,76,0.00143,4537799,85.14121,5329733
4159,MaxymVlasov,76,0.00143,4537875,85.14263,5329733
4160,MrD2,76,0.00143,4537951,85.14406,5329733
4161,nachoBonafonte,76,0.00143,4538027,85.14548,5329733
4162,nesl247,76,0.00143,4538103,85.14691,5329733
4163,OlegLoewen,76,0.00143,4538179,85.14834,5329733
4164,perlun,76,0.00143,4538255,85.14976,5329733
4165,posquit0,76,0.00143,4538331,85.15119,5329733
4166,somesh2905,76,0.00143,4538407,85.15261,5329733
4167,visheshtanksale,76,0.00143,4538483,85.15404,5329733
4168,williamhu99,76,0.00143,4538559,85.15547,5329733
4169,willzhang,76,0.00143,4538635,85.15689,5329733
4170,zengchen1024,76,0.00143,4538711,85.15832,5329733
4171,zimulala,76,0.00143,4538787,85.15974,5329733
4172,007,75,0.00141,4538862,85.16115,5329733
4173,AGMETEOR,75,0.00141,4538937,85.16256,5329733
4174,ahmetalpbalkan,75,0.00141,4539012,85.16397,5329733
4175,akirillov,75,0.00141,4539087,85.16537,5329733
4176,andrewwebber,75,0.00141,4539162,85.16678,5329733
4177,angelbarrera92,75,0.00141,4539237,85.16819,5329733
4178,anmolsachan,75,0.00141,4539312,85.16959,5329733
4179,Art3mK,75,0.00141,4539387,85.17100,5329733
4180,audip,75,0.00141,4539462,85.17241,5329733
4181,benmccann,75,0.00141,4539537,85.17382,5329733
4182,brandoncole,75,0.00141,4539612,85.17522,5329733
4183,cgwalters,75,0.00141,4539687,85.17663,5329733
4184,crixo,75,0.00141,4539762,85.17804,5329733
4185,daschl,75,0.00141,4539837,85.17945,5329733
4186,dmatch01,75,0.00141,4539912,85.18085,5329733
4187,faraazkhan,75,0.00141,4539987,85.18226,5329733
4188,foobarbecue,75,0.00141,4540062,85.18367,5329733
4189,hwoarang,75,0.00141,4540137,85.18507,5329733
4190,JrCs,75,0.00141,4540212,85.18648,5329733
4191,juchem,75,0.00141,4540287,85.18789,5329733
4192,justinhauer,75,0.00141,4540362,85.18930,5329733
4193,kellycampbell,75,0.00141,4540437,85.19070,5329733
4194,nickschuch,75,0.00141,4540512,85.19211,5329733
4195,nigriMSFT,75,0.00141,4540587,85.19352,5329733
4196,pmarks-net,75,0.00141,4540662,85.19492,5329733
4197,quinton-hoole,75,0.00141,4540737,85.19633,5329733
4198,ronaldpetty,75,0.00141,4540812,85.19774,5329733
4199,runzexia,75,0.00141,4540887,85.19915,5329733
4200,sadlil,75,0.00141,4540962,85.20055,5329733
4201,tuananh,75,0.00141,4541037,85.20196,5329733
4202,vkamra,75,0.00141,4541112,85.20337,5329733
4203,vladlosev,75,0.00141,4541187,85.20477,5329733
4204,zach-dunton-sf,75,0.00141,4541262,85.20618,5329733
4205,aeneasr,74,0.00139,4541336,85.20757,5329733
4206,aixeshunter,74,0.00139,4541410,85.20896,5329733
4207,andyfeller,74,0.00139,4541484,85.21035,5329733
4208,artem-prozorov,74,0.00139,4541558,85.21174,5329733
4209,arvenil,74,0.00139,4541632,85.21312,5329733
4210,Augustyniak,74,0.00139,4541706,85.21451,5329733
4211,avoidik,74,0.00139,4541780,85.21590,5329733
4212,bmetzdorf,74,0.00139,4541854,85.21729,5329733
4213,brb,74,0.00139,4541928,85.21868,5329733
4214,countspongebob,74,0.00139,4542002,85.22007,5329733
4215,DuskEagle,74,0.00139,4542076,85.22145,5329733
4216,gdmello,74,0.00139,4542150,85.22284,5329733
4217,hausdorff,74,0.00139,4542224,85.22423,5329733
4218,henridf,74,0.00139,4542298,85.22562,5329733
4219,ibotty,74,0.00139,4542372,85.22701,5329733
4220,irajdeep,74,0.00139,4542446,85.22840,5329733
4221,joshua-rutherford,74,0.00139,4542520,85.22979,5329733
4222,lenartj,74,0.00139,4542594,85.23117,5329733
4223,mneedham,74,0.00139,4542668,85.23256,5329733
4224,mozhuli,74,0.00139,4542742,85.23395,5329733
4225,onesolpark,74,0.00139,4542816,85.23534,5329733
4226,pawelprazak,74,0.00139,4542890,85.23673,5329733
4227,pkulsh,74,0.00139,4542964,85.23812,5329733
4228,ptemmer,74,0.00139,4543038,85.23950,5329733
4229,rahuldhide,74,0.00139,4543112,85.24089,5329733
4230,ravipwaghmare,74,0.00139,4543186,85.24228,5329733
4231,Symmetric,74,0.00139,4543260,85.24367,5329733
4232,vaamarnath,74,0.00139,4543334,85.24506,5329733
4233,vijaykatam,74,0.00139,4543408,85.24645,5329733
4234,Vrtak-CZ,74,0.00139,4543482,85.24784,5329733
4235,weekface,74,0.00139,4543556,85.24922,5329733
4236,abhishekjiitr,73,0.00137,4543629,85.25059,5329733
4237,antoniaklja,73,0.00137,4543702,85.25196,5329733
4238,cezaryzukowski,73,0.00137,4543775,85.25333,5329733
4239,conr,73,0.00137,4543848,85.25470,5329733
4240,dalehamel,73,0.00137,4543921,85.25607,5329733
4241,diversario,73,0.00137,4543994,85.25744,5329733
4242,dongwangdw,73,0.00137,4544067,85.25881,5329733
4243,eldada,73,0.00137,4544140,85.26018,5329733
4244,farshad-hobsons,73,0.00137,4544213,85.26155,5329733
4245,frankfarzan,73,0.00137,4544286,85.26292,5329733
4246,gregdhill,73,0.00137,4544359,85.26429,5329733
4247,hkamel,73,0.00137,4544432,85.26566,5329733
4248,ingwarsw,73,0.00137,4544505,85.26703,5329733
4249,jason-riddle,73,0.00137,4544578,85.26840,5329733
4250,kelvinwijaya,73,0.00137,4544651,85.26977,5329733
4251,knobunc,73,0.00137,4544724,85.27114,5329733
4252,ldez,73,0.00137,4544797,85.27251,5329733
4253,mahdix,73,0.00137,4544870,85.27388,5329733
4254,mariusgrigoriu,73,0.00137,4544943,85.27525,5329733
4255,mmingorance-dh,73,0.00137,4545016,85.27662,5329733
4256,nagiesek,73,0.00137,4545089,85.27799,5329733
4257,ofiliz,73,0.00137,4545162,85.27936,5329733
4258,Rajpratik71,73,0.00137,4545235,85.28073,5329733
4259,sabre1041,73,0.00137,4545308,85.28210,5329733
4260,sorah,73,0.00137,4545381,85.28347,5329733
4261,stevebail,73,0.00137,4545454,85.28484,5329733
4262,stpabhi,73,0.00137,4545527,85.28620,5329733
4263,tmc,73,0.00137,4545600,85.28757,5329733
4264,trevex,73,0.00137,4545673,85.28894,5329733
4265,wlhee,73,0.00137,4545746,85.29031,5329733
4266,Xuanwo,73,0.00137,4545819,85.29168,5329733
4267,aerostitch,72,0.00135,4545891,85.29303,5329733
4268,akx,72,0.00135,4545963,85.29439,5329733
4269,alolita,72,0.00135,4546035,85.29574,5329733
4270,alonyb,72,0.00135,4546107,85.29709,5329733
4271,athampy,72,0.00135,4546179,85.29844,5329733
4272,benjaminhuo,72,0.00135,4546251,85.29979,5329733
4273,CermakM,72,0.00135,4546323,85.30114,5329733
4274,checkelmann,72,0.00135,4546395,85.30249,5329733
4275,cliffburdick,72,0.00135,4546467,85.30384,5329733
4276,drumilpatel2000,72,0.00135,4546539,85.30519,5329733
4277,duderino,72,0.00135,4546611,85.30654,5329733
4278,dzoeteman,72,0.00135,4546683,85.30789,5329733
4279,fahedouch,72,0.00135,4546755,85.30925,5329733
4280,fdupont-redhat,72,0.00135,4546827,85.31060,5329733
4281,Freyert,72,0.00135,4546899,85.31195,5329733
4282,gosoon,72,0.00135,4546971,85.31330,5329733
4283,hynek,72,0.00135,4547043,85.31465,5329733
4284,irabinovitch,72,0.00135,4547115,85.31600,5329733
4285,jacekn,72,0.00135,4547187,85.31735,5329733
4286,jasiu001,72,0.00135,4547259,85.31870,5329733
4287,KnicKnic,72,0.00135,4547331,85.32005,5329733
4288,LilyFaFa,72,0.00135,4547403,85.32140,5329733
4289,miteshskj,72,0.00135,4547475,85.32275,5329733
4290,mkibbe1993,72,0.00135,4547547,85.32411,5329733
4291,pondohva,72,0.00135,4547619,85.32546,5329733
4292,richm,72,0.00135,4547691,85.32681,5329733
4293,schollii,72,0.00135,4547763,85.32816,5329733
4294,sergeylanzman,72,0.00135,4547835,85.32951,5329733
4295,showuon,72,0.00135,4547907,85.33086,5329733
4296,smreed,72,0.00135,4547979,85.33221,5329733
4297,soupdiver,72,0.00135,4548051,85.33356,5329733
4298,vonneudeck,72,0.00135,4548123,85.33491,5329733
4299,wtam2018,72,0.00135,4548195,85.33626,5329733
4300,xigang,72,0.00135,4548267,85.33761,5329733
4301,ykhr53,72,0.00135,4548339,85.33897,5329733
4302,yuewko,72,0.00135,4548411,85.34032,5329733
4303,zz-jason,72,0.00135,4548483,85.34167,5329733
4304,a14n,71,0.00133,4548554,85.34300,5329733
4305,amitsaha,71,0.00133,4548625,85.34433,5329733
4306,andimarek,71,0.00133,4548696,85.34566,5329733
4307,apilloud,71,0.00133,4548767,85.34700,5329733
4308,ascheglov,71,0.00133,4548838,85.34833,5329733
4309,avagin,71,0.00133,4548909,85.34966,5329733
4310,casusbelli,71,0.00133,4548980,85.35099,5329733
4311,daizuozhuo,71,0.00133,4549051,85.35232,5329733
4312,ekleiner,71,0.00133,4549122,85.35366,5329733
4313,erikerikson,71,0.00133,4549193,85.35499,5329733
4314,fantayeneh,71,0.00133,4549264,85.35632,5329733
4315,ferd,71,0.00133,4549335,85.35765,5329733
4316,GregSilverman,71,0.00133,4549406,85.35899,5329733
4317,honkiko,71,0.00133,4549477,85.36032,5329733
4318,ivanilves,71,0.00133,4549548,85.36165,5329733
4319,IvanovOleg,71,0.00133,4549619,85.36298,5329733
4320,jakubgs,71,0.00133,4549690,85.36431,5329733
4321,jsenon,71,0.00133,4549761,85.36565,5329733
4322,JStickler,71,0.00133,4549832,85.36698,5329733
4323,JustinBeckwith,71,0.00133,4549903,85.36831,5329733
4324,kferrone,71,0.00133,4549974,85.36964,5329733
4325,knrt10,71,0.00133,4550045,85.37097,5329733
4326,mad01,71,0.00133,4550116,85.37231,5329733
4327,MAKOSCAFEE,71,0.00133,4550187,85.37364,5329733
4328,markmc,71,0.00133,4550258,85.37497,5329733
4329,maruina,71,0.00133,4550329,85.37630,5329733
4330,mjibson,71,0.00133,4550400,85.37764,5329733
4331,mneverov,71,0.00133,4550471,85.37897,5329733
4332,moensch,71,0.00133,4550542,85.38030,5329733
4333,mtanda,71,0.00133,4550613,85.38163,5329733
4334,mwieczorek,71,0.00133,4550684,85.38296,5329733
4335,nicktrav,71,0.00133,4550755,85.38430,5329733
4336,odeke-em,71,0.00133,4550826,85.38563,5329733
4337,pszemus,71,0.00133,4550897,85.38696,5329733
4338,r4j4h,71,0.00133,4550968,85.38829,5329733
4339,rbtr,71,0.00133,4551039,85.38962,5329733
4340,rjshrjndrn,71,0.00133,4551110,85.39096,5329733
4341,rocketraman,71,0.00133,4551181,85.39229,5329733
4342,schweikert,71,0.00133,4551252,85.39362,5329733
4343,sheldonkwok,71,0.00133,4551323,85.39495,5329733
4344,songhu,71,0.00133,4551394,85.39629,5329733
4345,stamm,71,0.00133,4551465,85.39762,5329733
4346,stepan-anokhin,71,0.00133,4551536,85.39895,5329733
4347,thundergolfer,71,0.00133,4551607,85.40028,5329733
4348,TimSimmons,71,0.00133,4551678,85.40161,5329733
4349,vicaire,71,0.00133,4551749,85.40295,5329733
4350,willholley,71,0.00133,4551820,85.40428,5329733
4351,winoros,71,0.00133,4551891,85.40561,5329733
4352,wsf11,71,0.00133,4551962,85.40694,5329733
4353,yangxuanjia,71,0.00133,4552033,85.40827,5329733
4354,abithap,70,0.00131,4552103,85.40959,5329733
4355,aegershman,70,0.00131,4552173,85.41090,5329733
4356,albertvaka,70,0.00131,4552243,85.41221,5329733
4357,ankit-bhargava,70,0.00131,4552313,85.41353,5329733
4358,anubhakushwaha,70,0.00131,4552383,85.41484,5329733
4359,arnongilboa,70,0.00131,4552453,85.41615,5329733
4360,cjbottaro,70,0.00131,4552523,85.41747,5329733
4361,danbev,70,0.00131,4552593,85.41878,5329733
4362,danielleadams,70,0.00131,4552663,85.42010,5329733
4363,davivcgarcia,70,0.00131,4552733,85.42141,5329733
4364,DjangoPeng,70,0.00131,4552803,85.42272,5329733
4365,dshaw,70,0.00131,4552873,85.42404,5329733
4366,gabrielhartmann,70,0.00131,4552943,85.42535,5329733
4367,gpaul,70,0.00131,4553013,85.42666,5329733
4368,HashedDan,70,0.00131,4553083,85.42798,5329733
4369,jgehrcke,70,0.00131,4553153,85.42929,5329733
4370,johanhaleby,70,0.00131,4553223,85.43060,5329733
4371,jroden,70,0.00131,4553293,85.43192,5329733
4372,kundan2707,70,0.00131,4553363,85.43323,5329733
4373,malc0lm,70,0.00131,4553433,85.43454,5329733
4374,martinhellwagner,70,0.00131,4553503,85.43586,5329733
4375,mkurylec,70,0.00131,4553573,85.43717,5329733
4376,msftclas,70,0.00131,4553643,85.43848,5329733
4377,ncabatoff,70,0.00131,4553713,85.43980,5329733
4378,nickrmc83,70,0.00131,4553783,85.44111,5329733
4379,olvesh,70,0.00131,4553853,85.44242,5329733
4380,povsister,70,0.00131,4553923,85.44374,5329733
4381,rcorre,70,0.00131,4553993,85.44505,5329733
4382,shihan9,70,0.00131,4554063,85.44636,5329733
4383,srv-twry,70,0.00131,4554133,85.44768,5329733
4384,StephanErb,70,0.00131,4554203,85.44899,5329733
4385,suonto,70,0.00131,4554273,85.45030,5329733
4386,trisberg,70,0.00131,4554343,85.45162,5329733
4387,vendrov,70,0.00131,4554413,85.45293,5329733
4388,vic3lord,70,0.00131,4554483,85.45424,5329733
4389,zmackie,70,0.00131,4554553,85.45556,5329733
4390,adsr,69,0.00129,4554622,85.45685,5329733
4391,alcorj-mizar,69,0.00129,4554691,85.45815,5329733
4392,arcurtis,69,0.00129,4554760,85.45944,5329733
4393,bagnaram,69,0.00129,4554829,85.46074,5329733
4394,bgrant0607-nocc,69,0.00129,4554898,85.46203,5329733
4395,calvinbui,69,0.00129,4554967,85.46332,5329733
4396,cemo,69,0.00129,4555036,85.46462,5329733
4397,CSdread,69,0.00129,4555105,85.46591,5329733
4398,davygeek,69,0.00129,4555174,85.46721,5329733
4399,dennybaa,69,0.00129,4555243,85.46850,5329733
4400,DhritiShikhar,69,0.00129,4555312,85.46980,5329733
4401,drawks,69,0.00129,4555381,85.47109,5329733
4402,DStorck,69,0.00129,4555450,85.47239,5329733
4403,flyboarder,69,0.00129,4555519,85.47368,5329733
4404,fritchie,69,0.00129,4555588,85.47498,5329733
4405,fzu-huang,69,0.00129,4555657,85.47627,5329733
4406,grandbora,69,0.00129,4555726,85.47757,5329733
4407,gwkunze,69,0.00129,4555795,85.47886,5329733
4408,jcjesus,69,0.00129,4555864,85.48015,5329733
4409,JordanP,69,0.00129,4555933,85.48145,5329733
4410,jseguillon,69,0.00129,4556002,85.48274,5329733
4411,kexun,69,0.00129,4556071,85.48404,5329733
4412,lukepatrick,69,0.00129,4556140,85.48533,5329733
4413,marcellodesales,69,0.00129,4556209,85.48663,5329733
4414,migueleliasweb,69,0.00129,4556278,85.48792,5329733
4415,mjg59,69,0.00129,4556347,85.48922,5329733
4416,petermattis,69,0.00129,4556416,85.49051,5329733
4417,saradhis,69,0.00129,4556485,85.49181,5329733
4418,shawnps,69,0.00129,4556554,85.49310,5329733
4419,srrengar,69,0.00129,4556623,85.49440,5329733
4420,syst0m,69,0.00129,4556692,85.49569,5329733
4421,thanos1983,69,0.00129,4556761,85.49698,5329733
4422,tomocy,69,0.00129,4556830,85.49828,5329733
4423,Typositoire,69,0.00129,4556899,85.49957,5329733
4424,wbh1,69,0.00129,4556968,85.50087,5329733
4425,WyriHaximus,69,0.00129,4557037,85.50216,5329733
4426,alexandrsemak,68,0.00128,4557105,85.50344,5329733
4427,AndiDog,68,0.00128,4557173,85.50471,5329733
4428,AtzeDeVries,68,0.00128,4557241,85.50599,5329733
4429,bronger,68,0.00128,4557309,85.50727,5329733
4430,BugRoger,68,0.00128,4557377,85.50854,5329733
4431,chrishiestand,68,0.00128,4557445,85.50982,5329733
4432,clamoriniere1A,68,0.00128,4557513,85.51109,5329733
4433,dab-q,68,0.00128,4557581,85.51237,5329733
4434,denismakogon,68,0.00128,4557649,85.51365,5329733
4435,dunglas,68,0.00128,4557717,85.51492,5329733
4436,fleeto,68,0.00128,4557785,85.51620,5329733
4437,fred-vogt,68,0.00128,4557853,85.51747,5329733
4438,frozencemetery,68,0.00128,4557921,85.51875,5329733
4439,gregsidelinger,68,0.00128,4557989,85.52003,5329733
4440,halfcrazy,68,0.00128,4558057,85.52130,5329733
4441,iamzhout,68,0.00128,4558125,85.52258,5329733
4442,imrenagi,68,0.00128,4558193,85.52385,5329733
4443,joaocc,68,0.00128,4558261,85.52513,5329733
4444,KadenLNelson,68,0.00128,4558329,85.52640,5329733
4445,kminehart,68,0.00128,4558397,85.52768,5329733
4446,krsacme,68,0.00128,4558465,85.52896,5329733
4447,lbroudoux,68,0.00128,4558533,85.53023,5329733
4448,MarcinFalkowski,68,0.00128,4558601,85.53151,5329733
4449,markusthoemmes,68,0.00128,4558669,85.53278,5329733
4450,masterkain,68,0.00128,4558737,85.53406,5329733
4451,mew2057,68,0.00128,4558805,85.53534,5329733
4452,mytunguyen,68,0.00128,4558873,85.53661,5329733
4453,neith00,68,0.00128,4558941,85.53789,5329733
4454,OJFord,68,0.00128,4559009,85.53916,5329733
4455,okzhchy,68,0.00128,4559077,85.54044,5329733
4456,pananton,68,0.00128,4559145,85.54171,5329733
4457,pedro-r-marques,68,0.00128,4559213,85.54299,5329733
4458,PiotrProkop,68,0.00128,4559281,85.54427,5329733
4459,prankkelkar,68,0.00128,4559349,85.54554,5329733
4460,remoe,68,0.00128,4559417,85.54682,5329733
4461,rhafer,68,0.00128,4559485,85.54809,5329733
4462,rosscdh,68,0.00128,4559553,85.54937,5329733
4463,ryanwalls,68,0.00128,4559621,85.55065,5329733
4464,saravanan30erd,68,0.00128,4559689,85.55192,5329733
4465,sbangari,68,0.00128,4559757,85.55320,5329733
4466,setassociative,68,0.00128,4559825,85.55447,5329733
4467,svend,68,0.00128,4559893,85.55575,5329733
4468,t0rr3sp3dr0,68,0.00128,4559961,85.55703,5329733
4469,taotaotheripper,68,0.00128,4560029,85.55830,5329733
4470,torvitas,68,0.00128,4560097,85.55958,5329733
4471,ttonline6,68,0.00128,4560165,85.56085,5329733
4472,VincentS,68,0.00128,4560233,85.56213,5329733
4473,vineet-garg,68,0.00128,4560301,85.56340,5329733
4474,vishiy,68,0.00128,4560369,85.56468,5329733
4475,VLZZZ,68,0.00128,4560437,85.56596,5329733
4476,whereismyjetpack,68,0.00128,4560505,85.56723,5329733
4477,alexzimmer96,67,0.00126,4560572,85.56849,5329733
4478,chenkaiyue,67,0.00126,4560639,85.56975,5329733
4479,chrismarino,67,0.00126,4560706,85.57100,5329733
4480,claytono,67,0.00126,4560773,85.57226,5329733
4481,davidhao3300,67,0.00126,4560840,85.57352,5329733
4482,eedri,67,0.00126,4560907,85.57477,5329733
4483,garfield009,67,0.00126,4560974,85.57603,5329733
4484,geekofalltrades,67,0.00126,4561041,85.57729,5329733
4485,hannibalhuang,67,0.00126,4561108,85.57855,5329733
4486,jeyaramashok,67,0.00126,4561175,85.57980,5329733
4487,jgeewax,67,0.00126,4561242,85.58106,5329733
4488,kciredor,67,0.00126,4561309,85.58232,5329733
4489,KentaTada,67,0.00126,4561376,85.58357,5329733
4490,kksriram,67,0.00126,4561443,85.58483,5329733
4491,kppullin,67,0.00126,4561510,85.58609,5329733
4492,laugimethods,67,0.00126,4561577,85.58735,5329733
4493,lfourie,67,0.00126,4561644,85.58860,5329733
4494,liyimeng,67,0.00126,4561711,85.58986,5329733
4495,manuelstein,67,0.00126,4561778,85.59112,5329733
4496,maxlaverse,67,0.00126,4561845,85.59237,5329733
4497,maxwell-demon,67,0.00126,4561912,85.59363,5329733
4498,micheleberardi,67,0.00126,4561979,85.59489,5329733
4499,mrocklin,67,0.00126,4562046,85.59615,5329733
4500,MrXinWang,67,0.00126,4562113,85.59740,5329733
4501,ntfrnzn,67,0.00126,4562180,85.59866,5329733
4502,odacremolbap,67,0.00126,4562247,85.59992,5329733
4503,pruan-rht,67,0.00126,4562314,85.60117,5329733
4504,rezakrimi,67,0.00126,4562381,85.60243,5329733
4505,robertojrojas,67,0.00126,4562448,85.60369,5329733
4506,tjdett,67,0.00126,4562515,85.60494,5329733
4507,tlereste,67,0.00126,4562582,85.60620,5329733
4508,vinicyusmacedo,67,0.00126,4562649,85.60746,5329733
4509,wozz,67,0.00126,4562716,85.60872,5329733
4510,xinxiaogang,67,0.00126,4562783,85.60997,5329733
4511,youhonglian,67,0.00126,4562850,85.61123,5329733
4512,yrobla,67,0.00126,4562917,85.61249,5329733
4513,aarnaud,66,0.00124,4562983,85.61373,5329733
4514,adammw,66,0.00124,4563049,85.61496,5329733
4515,adrianchung,66,0.00124,4563115,85.61620,5329733
4516,aecolley,66,0.00124,4563181,85.61744,5329733
4517,aleerizw,66,0.00124,4563247,85.61868,5329733
4518,alexandrst88,66,0.00124,4563313,85.61992,5329733
4519,aswath2saru,66,0.00124,4563379,85.62116,5329733
4520,boluisa,66,0.00124,4563445,85.62239,5329733
4521,budhrg,66,0.00124,4563511,85.62363,5329733
4522,davidfestal,66,0.00124,4563577,85.62487,5329733
4523,dippynark,66,0.00124,4563643,85.62611,5329733
4524,draghuram,66,0.00124,4563709,85.62735,5329733
4525,elisiano,66,0.00124,4563775,85.62859,5329733
4526,e-minguez,66,0.00124,4563841,85.62982,5329733
4527,erwinvaneyk,66,0.00124,4563907,85.63106,5329733
4528,grdryn,66,0.00124,4563973,85.63230,5329733
4529,Hashfyre,66,0.00124,4564039,85.63354,5329733
4530,istalker2,66,0.00124,4564105,85.63478,5329733
4531,jkatz,66,0.00124,4564171,85.63602,5329733
4532,leochr,66,0.00124,4564237,85.63725,5329733
4533,lindhe,66,0.00124,4564303,85.63849,5329733
4534,lioncruise,66,0.00124,4564369,85.63973,5329733
4535,logicfox,66,0.00124,4564435,85.64097,5329733
4536,lwj5,66,0.00124,4564501,85.64221,5329733
4537,marineam,66,0.00124,4564567,85.64345,5329733
4538,michiel,66,0.00124,4564633,85.64468,5329733
4539,micnncim,66,0.00124,4564699,85.64592,5329733
4540,mindreeper2420,66,0.00124,4564765,85.64716,5329733
4541,Moriadry,66,0.00124,4564831,85.64840,5329733
4542,nitishm,66,0.00124,4564897,85.64964,5329733
4543,shiveshabhishek,66,0.00124,4564963,85.65088,5329733
4544,spenceral,66,0.00124,4565029,85.65211,5329733
4545,SteveLasker,66,0.00124,4565095,85.65335,5329733
4546,vadimi,66,0.00124,4565161,85.65459,5329733
4547,weisjohn,66,0.00124,4565227,85.65583,5329733
4548,yuripastushenko,66,0.00124,4565293,85.65707,5329733
4549,zeitlinger,66,0.00124,4565359,85.65831,5329733
4550,Abdelsalam-Abbas,65,0.00122,4565424,85.65953,5329733
4551,anas-aso,65,0.00122,4565489,85.66075,5329733
4552,anusha-ragunathan,65,0.00122,4565554,85.66196,5329733
4553,asdf2014,65,0.00122,4565619,85.66318,5329733
4554,astorije,65,0.00122,4565684,85.66440,5329733
4555,baldwinSPC,65,0.00122,4565749,85.66562,5329733
4556,bryannaegele,65,0.00122,4565814,85.66684,5329733
4557,chentsulin,65,0.00122,4565879,85.66806,5329733
4558,cruwe,65,0.00122,4565944,85.66928,5329733
4559,deejay1,65,0.00122,4566009,85.67050,5329733
4560,DeliangFan,65,0.00122,4566074,85.67172,5329733
4561,fson,65,0.00122,4566139,85.67294,5329733
4562,georgebuckerfield,65,0.00122,4566204,85.67416,5329733
4563,ieugen,65,0.00122,4566269,85.67538,5329733
4564,jmontleon,65,0.00122,4566334,85.67660,5329733
4565,kocolosk,65,0.00122,4566399,85.67782,5329733
4566,Lokicity,65,0.00122,4566464,85.67904,5329733
4567,Lookyan,65,0.00122,4566529,85.68026,5329733
4568,lou-lan,65,0.00122,4566594,85.68148,5329733
4569,mbruggmann,65,0.00122,4566659,85.68270,5329733
4570,n0rad,65,0.00122,4566724,85.68392,5329733
4571,onitake,65,0.00122,4566789,85.68514,5329733
4572,peter-wangxu,65,0.00122,4566854,85.68636,5329733
4573,phroggyy,65,0.00122,4566919,85.68758,5329733
4574,pravisankar,65,0.00122,4566984,85.68880,5329733
4575,PurelyApplied,65,0.00122,4567049,85.69001,5329733
4576,qianzhangxa,65,0.00122,4567114,85.69123,5329733
4577,richardelling,65,0.00122,4567179,85.69245,5329733
4578,rifung,65,0.00122,4567244,85.69367,5329733
4579,sailorvii,65,0.00122,4567309,85.69489,5329733
4580,seth-priya,65,0.00122,4567374,85.69611,5329733
4581,solidnerd,65,0.00122,4567439,85.69733,5329733
4582,spurin,65,0.00122,4567504,85.69855,5329733
4583,takmatsu,65,0.00122,4567569,85.69977,5329733
4584,terinjokes,65,0.00122,4567634,85.70099,5329733
4585,TracyBin,65,0.00122,4567699,85.70221,5329733
4586,v1k0d3n,65,0.00122,4567764,85.70343,5329733
4587,weihanglo,65,0.00122,4567829,85.70465,5329733
4588,wilsonehusin,65,0.00122,4567894,85.70587,5329733
4589,zellyn,65,0.00122,4567959,85.70709,5329733
4590,abansal4032,64,0.00120,4568023,85.70829,5329733
4591,afritzler,64,0.00120,4568087,85.70949,5329733
4592,ajaykangare,64,0.00120,4568151,85.71069,5329733
4593,andrewlouis93,64,0.00120,4568215,85.71189,5329733
4594,arianvp,64,0.00120,4568279,85.71309,5329733
4595,aubm,64,0.00120,4568343,85.71429,5329733
4596,blockloop,64,0.00120,4568407,85.71549,5329733
4597,botzill,64,0.00120,4568471,85.71670,5329733
4598,cy-zheng,64,0.00120,4568535,85.71790,5329733
4599,djkonro,64,0.00120,4568599,85.71910,5329733
4600,dray92,64,0.00120,4568663,85.72030,5329733
4601,excitement-engineer,64,0.00120,4568727,85.72150,5329733
4602,farhaanbukhsh,64,0.00120,4568791,85.72270,5329733
4603,ffahri,64,0.00120,4568855,85.72390,5329733
4604,gregory-lyons,64,0.00120,4568919,85.72510,5329733
4605,GrigoriyMikhalkin,64,0.00120,4568983,85.72630,5329733
4606,imjching,64,0.00120,4569047,85.72750,5329733
4607,IronPan,64,0.00120,4569111,85.72870,5329733
4608,JackOfMostTrades,64,0.00120,4569175,85.72990,5329733
4609,jayme-github,64,0.00120,4569239,85.73111,5329733
4610,jjmengze,64,0.00120,4569303,85.73231,5329733
4611,joe2far,64,0.00120,4569367,85.73351,5329733
4612,kevindelgado,64,0.00120,4569431,85.73471,5329733
4613,liu-sheng,64,0.00120,4569495,85.73591,5329733
4614,luck02,64,0.00120,4569559,85.73711,5329733
4615,mikeln,64,0.00120,4569623,85.73831,5329733
4616,mmariani,64,0.00120,4569687,85.73951,5329733
4617,ozdanborne,64,0.00120,4569751,85.74071,5329733
4618,pims,64,0.00120,4569815,85.74191,5329733
4619,plumdog,64,0.00120,4569879,85.74311,5329733
4620,pmundt,64,0.00120,4569943,85.74431,5329733
4621,qinpingli,64,0.00120,4570007,85.74551,5329733
4622,rawlingsj,64,0.00120,4570071,85.74672,5329733
4623,rdooley,64,0.00120,4570135,85.74792,5329733
4624,richerve,64,0.00120,4570199,85.74912,5329733
4625,rigazilla,64,0.00120,4570263,85.75032,5329733
4626,rustyrobot,64,0.00120,4570327,85.75152,5329733
4627,sayanchowdhury,64,0.00120,4570391,85.75272,5329733
4628,sdake,64,0.00120,4570455,85.75392,5329733
4629,skevy,64,0.00120,4570519,85.75512,5329733
4630,tam7t,64,0.00120,4570583,85.75632,5329733
4631,TheMeier,64,0.00120,4570647,85.75752,5329733
4632,TimJones,64,0.00120,4570711,85.75872,5329733
4633,weibeld,64,0.00120,4570775,85.75992,5329733
4634,zedtux,64,0.00120,4570839,85.76113,5329733
4635,zimmertr,64,0.00120,4570903,85.76233,5329733
4636,aaronmell,63,0.00118,4570966,85.76351,5329733
4637,achinthagunasekara,63,0.00118,4571029,85.76469,5329733
4638,activeshadow,63,0.00118,4571092,85.76587,5329733
4639,agarwalrounak,63,0.00118,4571155,85.76705,5329733
4640,Akrog,63,0.00118,4571218,85.76824,5329733
4641,alice-sawatzky,63,0.00118,4571281,85.76942,5329733
4642,AndrewGrachov,63,0.00118,4571344,85.77060,5329733
4643,andreykaipov,63,0.00118,4571407,85.77178,5329733
4644,aodinokov,63,0.00118,4571470,85.77296,5329733
4645,bitglue,63,0.00118,4571533,85.77415,5329733
4646,bitvijays,63,0.00118,4571596,85.77533,5329733
4647,bobbytables,63,0.00118,4571659,85.77651,5329733
4648,Bregor,63,0.00118,4571722,85.77769,5329733
4649,cezarsa,63,0.00118,4571785,85.77887,5329733
4650,clehene,63,0.00118,4571848,85.78006,5329733
4651,corrieb,63,0.00118,4571911,85.78124,5329733
4652,crandles,63,0.00118,4571974,85.78242,5329733
4653,dgonzalezruiz,63,0.00118,4572037,85.78360,5329733
4654,donaldguy,63,0.00118,4572100,85.78479,5329733
4655,ericavonb,63,0.00118,4572163,85.78597,5329733
4656,genebean,63,0.00118,4572226,85.78715,5329733
4657,groodt,63,0.00118,4572289,85.78833,5329733
4658,inuyasha82,63,0.00118,4572352,85.78951,5329733
4659,jakobr-google,63,0.00118,4572415,85.79070,5329733
4660,javamonkey79,63,0.00118,4572478,85.79188,5329733
4661,jenting,63,0.00118,4572541,85.79306,5329733
4662,jinleileiking,63,0.00118,4572604,85.79424,5329733
4663,JoshuaAndrew,63,0.00118,4572667,85.79542,5329733
4664,jpalmerLinuxFoundation,63,0.00118,4572730,85.79661,5329733
4665,jygastaud,63,0.00118,4572793,85.79779,5329733
4666,leifurhauks,63,0.00118,4572856,85.79897,5329733
4667,lgg42,63,0.00118,4572919,85.80015,5329733
4668,lorneli,63,0.00118,4572982,85.80133,5329733
4669,macb,63,0.00118,4573045,85.80252,5329733
4670,mitchellmaler,63,0.00118,4573108,85.80370,5329733
4671,mjudeikis,63,0.00118,4573171,85.80488,5329733
4672,moserke,63,0.00118,4573234,85.80606,5329733
4673,ntquyen,63,0.00118,4573297,85.80724,5329733
4674,rakelkar,63,0.00118,4573360,85.80843,5329733
4675,rodcloutier,63,0.00118,4573423,85.80961,5329733
4676,shahbour,63,0.00118,4573486,85.81079,5329733
4677,sixlettervariables,63,0.00118,4573549,85.81197,5329733
4678,sp-manuel-jurado,63,0.00118,4573612,85.81315,5329733
4679,adaszyn,62,0.00116,4573674,85.81432,5329733
4680,ailusazh,62,0.00116,4573736,85.81548,5329733
4681,andrejvanderzee,62,0.00116,4573798,85.81664,5329733
4682,ashish-billore,62,0.00116,4573860,85.81781,5329733
4683,bcelenza,62,0.00116,4573922,85.81897,5329733
4684,bobcatfish,62,0.00116,4573984,85.82013,5329733
4685,chen-anders,62,0.00116,4574046,85.82130,5329733
4686,CVirus,62,0.00116,4574108,85.82246,5329733
4687,depohmel,62,0.00116,4574170,85.82362,5329733
4688,eirinikos,62,0.00116,4574232,85.82479,5329733
4689,FateTHarlaown,62,0.00116,4574294,85.82595,5329733
4690,fseldow,62,0.00116,4574356,85.82711,5329733
4691,gabibbo97,62,0.00116,4574418,85.82828,5329733
4692,garrettjonesgoogle,62,0.00116,4574480,85.82944,5329733
4693,jperville,62,0.00116,4574542,85.83060,5329733
4694,julienemo,62,0.00116,4574604,85.83177,5329733
4695,kskewes,62,0.00116,4574666,85.83293,5329733
4696,kylehodgetts,62,0.00116,4574728,85.83409,5329733
4697,littleroad,62,0.00116,4574790,85.83526,5329733
4698,ljnelson,62,0.00116,4574852,85.83642,5329733
4699,LouisPlisso,62,0.00116,4574914,85.83758,5329733
4700,lukasmrtvy,62,0.00116,4574976,85.83875,5329733
4701,lundbird,62,0.00116,4575038,85.83991,5329733
4702,mkutsevol,62,0.00116,4575100,85.84107,5329733
4703,mnaser,62,0.00116,4575162,85.84224,5329733
4704,mogaal,62,0.00116,4575224,85.84340,5329733
4705,nowjean,62,0.00116,4575286,85.84456,5329733
4706,olagacek,62,0.00116,4575348,85.84573,5329733
4707,outcoldman,62,0.00116,4575410,85.84689,5329733
4708,palmerabollo,62,0.00116,4575472,85.84805,5329733
4709,Sajmani,62,0.00116,4575534,85.84922,5329733
4710,sarjeet2013,62,0.00116,4575596,85.85038,5329733
4711,sdodson,62,0.00116,4575658,85.85154,5329733
4712,Skeen,62,0.00116,4575720,85.85271,5329733
4713,sputnick,62,0.00116,4575782,85.85387,5329733
4714,steve-perkins,62,0.00116,4575844,85.85503,5329733
4715,strowi,62,0.00116,4575906,85.85620,5329733
4716,suztomo,62,0.00116,4575968,85.85736,5329733
4717,swinslow,62,0.00116,4576030,85.85852,5329733
4718,TinySong,62,0.00116,4576092,85.85969,5329733
4719,tolusha,62,0.00116,4576154,85.86085,5329733
4720,troy0820,62,0.00116,4576216,85.86201,5329733
4721,vanduc95,62,0.00116,4576278,85.86318,5329733
4722,winguse,62,0.00116,4576340,85.86434,5329733
4723,xiekeyang,62,0.00116,4576402,85.86550,5329733
4724,zhxcai,62,0.00116,4576464,85.86667,5329733
4725,zrss,62,0.00116,4576526,85.86783,5329733
4726,alesj,61,0.00114,4576587,85.86897,5329733
4727,althafh,61,0.00114,4576648,85.87012,5329733
4728,amshuman-kr,61,0.00114,4576709,85.87126,5329733
4729,anupriya0703,61,0.00114,4576770,85.87241,5329733
4730,bdrung,61,0.00114,4576831,85.87355,5329733
4731,Benjamintf1,61,0.00114,4576892,85.87470,5329733
4732,bluemonk3y,61,0.00114,4576953,85.87584,5329733
4733,brutus333,61,0.00114,4577014,85.87698,5329733
4734,coeki,61,0.00114,4577075,85.87813,5329733
4735,ddgenome,61,0.00114,4577136,85.87927,5329733
4736,dpandhi-git,61,0.00114,4577197,85.88042,5329733
4737,dvianello,61,0.00114,4577258,85.88156,5329733
4738,Ghazgkull,61,0.00114,4577319,85.88271,5329733
4739,gitfool,61,0.00114,4577380,85.88385,5329733
4740,gregory-m,61,0.00114,4577441,85.88500,5329733
4741,horazont,61,0.00114,4577502,85.88614,5329733
4742,ideaship,61,0.00114,4577563,85.88729,5329733
4743,imain,61,0.00114,4577624,85.88843,5329733
4744,jadarsie,61,0.00114,4577685,85.88957,5329733
4745,janario,61,0.00114,4577746,85.89072,5329733
4746,jstriebel,61,0.00114,4577807,85.89186,5329733
4747,k0da,61,0.00114,4577868,85.89301,5329733
4748,kameshsampath,61,0.00114,4577929,85.89415,5329733
4749,kewu1992,61,0.00114,4577990,85.89530,5329733
4750,Ladicle,61,0.00114,4578051,85.89644,5329733
4751,maniSbindra,61,0.00114,4578112,85.89759,5329733
4752,mariusv,61,0.00114,4578173,85.89873,5329733
4753,mvollman,61,0.00114,4578234,85.89988,5329733
4754,ozbillwang,61,0.00114,4578295,85.90102,5329733
4755,paulbouwer,61,0.00114,4578356,85.90216,5329733
4756,paultiplady,61,0.00114,4578417,85.90331,5329733
4757,prat0318,61,0.00114,4578478,85.90445,5329733
4758,rbwsam,61,0.00114,4578539,85.90560,5329733
4759,sashayakovtseva,61,0.00114,4578600,85.90674,5329733
4760,scbizu,61,0.00114,4578661,85.90789,5329733
4761,SerialVelocity,61,0.00114,4578722,85.90903,5329733
4762,shubhambhattar,61,0.00114,4578783,85.91018,5329733
4763,spiddy,61,0.00114,4578844,85.91132,5329733
4764,stensonb,61,0.00114,4578905,85.91247,5329733
4765,sureshpalemoni,61,0.00114,4578966,85.91361,5329733
4766,tejasmanohar,61,0.00114,4579027,85.91475,5329733
4767,tvvignesh,61,0.00114,4579088,85.91590,5329733
4768,tylerauerbeck,61,0.00114,4579149,85.91704,5329733
4769,unclejack,61,0.00114,4579210,85.91819,5329733
4770,vnorigoog,61,0.00114,4579271,85.91933,5329733
4771,weiling61,61,0.00114,4579332,85.92048,5329733
4772,yaronha,61,0.00114,4579393,85.92162,5329733
4773,zhangjianweibj,61,0.00114,4579454,85.92277,5329733
4774,zjs,61,0.00114,4579515,85.92391,5329733
4775,aberasarte,60,0.00113,4579575,85.92504,5329733
4776,adnavare,60,0.00113,4579635,85.92616,5329733
4777,andremarianiello,60,0.00113,4579695,85.92729,5329733
4778,blumamir,60,0.00113,4579755,85.92841,5329733
4779,briantkennedy,60,0.00113,4579815,85.92954,5329733
4780,cameronattard,60,0.00113,4579875,85.93066,5329733
4781,chengzhang1016,60,0.00113,4579935,85.93179,5329733
4782,curtisallen,60,0.00113,4579995,85.93292,5329733
4783,davedoesdev,60,0.00113,4580055,85.93404,5329733
4784,disrani-px,60,0.00113,4580115,85.93517,5329733
4785,dollierp,60,0.00113,4580175,85.93629,5329733
4786,erez-rabih,60,0.00113,4580235,85.93742,5329733
4787,ericsuhong,60,0.00113,4580295,85.93855,5329733
4788,everett-toews,60,0.00113,4580355,85.93967,5329733
4789,florianrusch,60,0.00113,4580415,85.94080,5329733
4790,geobeau,60,0.00113,4580475,85.94192,5329733
4791,ghouscht,60,0.00113,4580535,85.94305,5329733
4792,glyn,60,0.00113,4580595,85.94417,5329733
4793,GuoJing,60,0.00113,4580655,85.94530,5329733
4794,horis233,60,0.00113,4580715,85.94643,5329733
4795,jdeprin,60,0.00113,4580775,85.94755,5329733
4796,jglick,60,0.00113,4580835,85.94868,5329733
4797,jkinkead,60,0.00113,4580895,85.94980,5329733
4798,jnardiello,60,0.00113,4580955,85.95093,5329733
4799,kwladyka,60,0.00113,4581015,85.95205,5329733
4800,loqutus,60,0.00113,4581075,85.95318,5329733
4801,lostplan,60,0.00113,4581135,85.95431,5329733
4802,ltagliamonte-dd,60,0.00113,4581195,85.95543,5329733
4803,marians,60,0.00113,4581255,85.95656,5329733
4804,mrwacky42,60,0.00113,4581315,85.95768,5329733
4805,murray-stripe,60,0.00113,4581375,85.95881,5329733
4806,rjtsdl,60,0.00113,4581435,85.95993,5329733
4807,saicheems,60,0.00113,4581495,85.96106,5329733
4808,shaxbee,60,0.00113,4581555,85.96219,5329733
4809,ShivangGoswami,60,0.00113,4581615,85.96331,5329733
4810,talnordan,60,0.00113,4581675,85.96444,5329733
4811,tensorchen,60,0.00113,4581735,85.96556,5329733
4812,thedebugger,60,0.00113,4581795,85.96669,5329733
4813,tomfotherby,60,0.00113,4581855,85.96781,5329733
4814,tophj-ibm,60,0.00113,4581915,85.96894,5329733
4815,vikkyomkar,60,0.00113,4581975,85.97007,5329733
4816,xvzf,60,0.00113,4582035,85.97119,5329733
4817,yaron-idan,60,0.00113,4582095,85.97232,5329733
4818,yoitsro,60,0.00113,4582155,85.97344,5329733
4819,zigmund,60,0.00113,4582215,85.97457,5329733
4820,a86c6f7964,59,0.00111,4582274,85.97568,5329733
4821,aljesusg,59,0.00111,4582333,85.97678,5329733
4822,anadon,59,0.00111,4582392,85.97789,5329733
4823,AndrewSav,59,0.00111,4582451,85.97900,5329733
4824,andreychernih,59,0.00111,4582510,85.98010,5329733
4825,anubhavmishra,59,0.00111,4582569,85.98121,5329733
4826,ari-becker,59,0.00111,4582628,85.98232,5329733
4827,cantbewong,59,0.00111,4582687,85.98343,5329733
4828,clsung,59,0.00111,4582746,85.98453,5329733
4829,developer-guy,59,0.00111,4582805,85.98564,5329733
4830,Dirbaio,59,0.00111,4582864,85.98675,5329733
4831,djmgit,59,0.00111,4582923,85.98785,5329733
4832,dmcnaught,59,0.00111,4582982,85.98896,5329733
4833,emailtovamos,59,0.00111,4583041,85.99007,5329733
4834,ericbottard,59,0.00111,4583100,85.99117,5329733
4835,itsderek23,59,0.00111,4583159,85.99228,5329733
4836,JishanXing,59,0.00111,4583218,85.99339,5329733
4837,josephsavona,59,0.00111,4583277,85.99450,5329733
4838,kfdm,59,0.00111,4583336,85.99560,5329733
4839,kornys,59,0.00111,4583395,85.99671,5329733
4840,krmichel,59,0.00111,4583454,85.99782,5329733
4841,maximebedard,59,0.00111,4583513,85.99892,5329733
4842,mbelang,59,0.00111,4583572,86.00003,5329733
4843,nazarewk,59,0.00111,4583631,86.00114,5329733
4844,nddipiazza,59,0.00111,4583690,86.00224,5329733
4845,pamorgan,59,0.00111,4583749,86.00335,5329733
4846,pmint93,59,0.00111,4583808,86.00446,5329733
4847,qrpike,59,0.00111,4583867,86.00557,5329733
4848,rafaelmagu,59,0.00111,4583926,86.00667,5329733
4849,richstokes,59,0.00111,4583985,86.00778,5329733
4850,rodrigovalin,59,0.00111,4584044,86.00889,5329733
4851,RohanKurane,59,0.00111,4584103,86.00999,5329733
4852,rytswd,59,0.00111,4584162,86.01110,5329733
4853,SantoDE,59,0.00111,4584221,86.01221,5329733
4854,schmitch,59,0.00111,4584280,86.01331,5329733
4855,seanschneeweiss,59,0.00111,4584339,86.01442,5329733
4856,slalwani97,59,0.00111,4584398,86.01553,5329733
4857,sneko,59,0.00111,4584457,86.01664,5329733
4858,swsnider,59,0.00111,4584516,86.01774,5329733
4859,tiswanso,59,0.00111,4584575,86.01885,5329733
4860,tpetr,59,0.00111,4584634,86.01996,5329733
4861,uniemimu,59,0.00111,4584693,86.02106,5329733
4862,vn-ki,59,0.00111,4584752,86.02217,5329733
4863,vvbogdanov87,59,0.00111,4584811,86.02328,5329733
4864,1N50MN14,58,0.00109,4584869,86.02437,5329733
4865,aallbrig,58,0.00109,4584927,86.02545,5329733
4866,adambkaplan,58,0.00109,4584985,86.02654,5329733
4867,avidLearnerInProgress,58,0.00109,4585043,86.02763,5329733
4868,bmwiedemann,58,0.00109,4585101,86.02872,5329733
4869,changhc,58,0.00109,4585159,86.02981,5329733
4870,chanwit,58,0.00109,4585217,86.03089,5329733
4871,chxchx,58,0.00109,4585275,86.03198,5329733
4872,cloudmelon,58,0.00109,4585333,86.03307,5329733
4873,coltonstapper,58,0.00109,4585391,86.03416,5329733
4874,dastrobu,58,0.00109,4585449,86.03525,5329733
4875,denverdino,58,0.00109,4585507,86.03634,5329733
4876,DerekV,58,0.00109,4585565,86.03742,5329733
4877,devnev,58,0.00109,4585623,86.03851,5329733
4878,DheerajSShetty,58,0.00109,4585681,86.03960,5329733
4879,francisu,58,0.00109,4585739,86.04069,5329733
4880,FrenchBen,58,0.00109,4585797,86.04178,5329733
4881,geekgonecrazy,58,0.00109,4585855,86.04287,5329733
4882,ginobiliwang,58,0.00109,4585913,86.04395,5329733
4883,HerrmannHinz,58,0.00109,4585971,86.04504,5329733
4884,hroyrh,58,0.00109,4586029,86.04613,5329733
4885,jakerobb,58,0.00109,4586087,86.04722,5329733
4886,jeremyje,58,0.00109,4586145,86.04831,5329733
4887,jhadvig,58,0.00109,4586203,86.04939,5329733
4888,julianGoh17,58,0.00109,4586261,86.05048,5329733
4889,kaspernissen,58,0.00109,4586319,86.05157,5329733
4890,liguangbo,58,0.00109,4586377,86.05266,5329733
4891,marcan,58,0.00109,4586435,86.05375,5329733
4892,MichelHollands,58,0.00109,4586493,86.05484,5329733
4893,mikegrass,58,0.00109,4586551,86.05592,5329733
4894,MikkelHegn,58,0.00109,4586609,86.05701,5329733
4895,Monnoroch,58,0.00109,4586667,86.05810,5329733
4896,montyz,58,0.00109,4586725,86.05919,5329733
4897,nichite,58,0.00109,4586783,86.06028,5329733
4898,OchiengEd,58,0.00109,4586841,86.06137,5329733
4899,pitiwari,58,0.00109,4586899,86.06245,5329733
4900,RajatVaryani,58,0.00109,4586957,86.06354,5329733
4901,rajiteh,58,0.00109,4587015,86.06463,5329733
4902,Reflejo,58,0.00109,4587073,86.06572,5329733
4903,rocky-nupt,58,0.00109,4587131,86.06681,5329733
4904,seungkyua,58,0.00109,4587189,86.06789,5329733
4905,stevenmanton,58,0.00109,4587247,86.06898,5329733
4906,tpounds,58,0.00109,4587305,86.07007,5329733
4907,ursuad,58,0.00109,4587363,86.07116,5329733
4908,utkarsh2102,58,0.00109,4587421,86.07225,5329733
4909,utrack,58,0.00109,4587479,86.07334,5329733
4910,vasartori,58,0.00109,4587537,86.07442,5329733
4911,vsimon,58,0.00109,4587595,86.07551,5329733
4912,wangzlei,58,0.00109,4587653,86.07660,5329733
4913,WeiZhang555,58,0.00109,4587711,86.07769,5329733
4914,willejs,58,0.00109,4587769,86.07878,5329733
4915,WJayesh,58,0.00109,4587827,86.07987,5329733
4916,xenolinux,58,0.00109,4587885,86.08095,5329733
4917,zdj6373,58,0.00109,4587943,86.08204,5329733
4918,adkhare,57,0.00107,4588000,86.08311,5329733
4919,airadier,57,0.00107,4588057,86.08418,5329733
4920,andytom,57,0.00107,4588114,86.08525,5329733
4921,bendrucker,57,0.00107,4588171,86.08632,5329733
4922,bouk,57,0.00107,4588228,86.08739,5329733
4923,BradErz,57,0.00107,4588285,86.08846,5329733
4924,chbatey,57,0.00107,4588342,86.08953,5329733
4925,darwin67,57,0.00107,4588399,86.09060,5329733
4926,Draveness,57,0.00107,4588456,86.09167,5329733
4927,DXist,57,0.00107,4588513,86.09274,5329733
4928,ehotinger,57,0.00107,4588570,86.09381,5329733
4929,fchiorascu,57,0.00107,4588627,86.09488,5329733
4930,hacor,57,0.00107,4588684,86.09595,5329733
4931,hamzazafar,57,0.00107,4588741,86.09701,5329733
4932,hickey,57,0.00107,4588798,86.09808,5329733
4933,ivan-cai,57,0.00107,4588855,86.09915,5329733
4934,jagregory,57,0.00107,4588912,86.10022,5329733
4935,janeczku,57,0.00107,4588969,86.10129,5329733
4936,jetersen,57,0.00107,4589026,86.10236,5329733
4937,jianliao82,57,0.00107,4589083,86.10343,5329733
4938,jicowan,57,0.00107,4589140,86.10450,5329733
4939,jimmyjones2,57,0.00107,4589197,86.10557,5329733
4940,jkohen,57,0.00107,4589254,86.10664,5329733
4941,jlamillan,57,0.00107,4589311,86.10771,5329733
4942,jonahrosenblum,57,0.00107,4589368,86.10878,5329733
4943,jsoriano,57,0.00107,4589425,86.10985,5329733
4944,kprakasam,57,0.00107,4589482,86.11092,5329733
4945,kzys,57,0.00107,4589539,86.11199,5329733
4946,liubog2008,57,0.00107,4589596,86.11306,5329733
4947,luebken,57,0.00107,4589653,86.11413,5329733
4948,lukasredynk,57,0.00107,4589710,86.11520,5329733
4949,mortenlj,57,0.00107,4589767,86.11627,5329733
4950,mwwolters,57,0.00107,4589824,86.11733,5329733
4951,nstott,57,0.00107,4589881,86.11840,5329733
4952,panpan0000,57,0.00107,4589938,86.11947,5329733
4953,PeWu,57,0.00107,4589995,86.12054,5329733
4954,pranav-bhatt,57,0.00107,4590052,86.12161,5329733
4955,puellanivis,57,0.00107,4590109,86.12268,5329733
4956,QiWang19,57,0.00107,4590166,86.12375,5329733
4957,radekg,57,0.00107,4590223,86.12482,5329733
4958,RaduBerinde,57,0.00107,4590280,86.12589,5329733
4959,rajdroid,57,0.00107,4590337,86.12696,5329733
4960,RickyRajinder,57,0.00107,4590394,86.12803,5329733
4961,robdaemon,57,0.00107,4590451,86.12910,5329733
4962,ruzickap,57,0.00107,4590508,86.13017,5329733
4963,schrodit,57,0.00107,4590565,86.13124,5329733
4964,sfrique,57,0.00107,4590622,86.13231,5329733
4965,shturec,57,0.00107,4590679,86.13338,5329733
4966,siyopao,57,0.00107,4590736,86.13445,5329733
4967,sosiouxme,57,0.00107,4590793,86.13552,5329733
4968,spahl,57,0.00107,4590850,86.13659,5329733
4969,ss104301,57,0.00107,4590907,86.13765,5329733
4970,svoskobo-vmware-com,57,0.00107,4590964,86.13872,5329733
4971,tmszdmsk,57,0.00107,4591021,86.13979,5329733
4972,tvansteenburgh,57,0.00107,4591078,86.14086,5329733
4973,vkhromov,57,0.00107,4591135,86.14193,5329733
4974,zanetworker,57,0.00107,4591192,86.14300,5329733
4975,zbindenren,57,0.00107,4591249,86.14407,5329733
4976,Zheaoli,57,0.00107,4591306,86.14514,5329733
4977,aabed,56,0.00105,4591362,86.14619,5329733
4978,acmenezes,56,0.00105,4591418,86.14724,5329733
4979,aliwaredoc,56,0.00105,4591474,86.14829,5329733
4980,allamand,56,0.00105,4591530,86.14934,5329733
4981,animeshsingh,56,0.00105,4591586,86.15039,5329733
4982,ankurshukla,56,0.00105,4591642,86.15145,5329733
4983,annProg,56,0.00105,4591698,86.15250,5329733
4984,Arslanbekov,56,0.00105,4591754,86.15355,5329733
4985,batrick,56,0.00105,4591810,86.15460,5329733
4986,benjaminapetersen,56,0.00105,4591866,86.15565,5329733
4987,bivas,56,0.00105,4591922,86.15670,5329733
4988,boz,56,0.00105,4591978,86.15775,5329733
4989,ccmtaylor,56,0.00105,4592034,86.15880,5329733
4990,chrisgoffinet,56,0.00105,4592090,86.15985,5329733
4991,csomh,56,0.00105,4592146,86.16090,5329733
4992,der-eismann,56,0.00105,4592202,86.16195,5329733
4993,devth,56,0.00105,4592258,86.16300,5329733
4994,divyabhushan,56,0.00105,4592314,86.16405,5329733
4995,DominicGunn,56,0.00105,4592370,86.16510,5329733
4996,donbeave,56,0.00105,4592426,86.16616,5329733
4997,dvropsmx,56,0.00105,4592482,86.16721,5329733
4998,ekristen,56,0.00105,4592538,86.16826,5329733
4999,greghaynes,56,0.00105,4592594,86.16931,5329733
5000,ijl,56,0.00105,4592650,86.17036,5329733
5001,jl2005,56,0.00105,4592706,86.17141,5329733
5002,joedborg,56,0.00105,4592762,86.17246,5329733
5003,johnmarcou,56,0.00105,4592818,86.17351,5329733
5004,jyizheng,56,0.00105,4592874,86.17456,5329733
5005,kuba--,56,0.00105,4592930,86.17561,5329733
5006,mcastelino,56,0.00105,4592986,86.17666,5329733
5007,m-masataka,56,0.00105,4593042,86.17771,5329733
5008,moolen,56,0.00105,4593098,86.17876,5329733
5009,mpashka,56,0.00105,4593154,86.17981,5329733
5010,nikita15p,56,0.00105,4593210,86.18086,5329733
5011,patrickshan,56,0.00105,4593266,86.18192,5329733
5012,pgenera,56,0.00105,4593322,86.18297,5329733
5013,piotrooo,56,0.00105,4593378,86.18402,5329733
5014,pongad,56,0.00105,4593434,86.18507,5329733
5015,PrinceS17,56,0.00105,4593490,86.18612,5329733
5016,ryane,56,0.00105,4593546,86.18717,5329733
5017,sergiocampama,56,0.00105,4593602,86.18822,5329733
5018,shaneutt,56,0.00105,4593658,86.18927,5329733
5019,sharadgaur,56,0.00105,4593714,86.19032,5329733
5020,shirhatti,56,0.00105,4593770,86.19137,5329733
5021,simo5,56,0.00105,4593826,86.19242,5329733
5022,stanciuoctavian,56,0.00105,4593882,86.19347,5329733
5023,StianOvrevage,56,0.00105,4593938,86.19452,5329733
5024,stuart-warren,56,0.00105,4593994,86.19557,5329733
5025,sukeesh,56,0.00105,4594050,86.19663,5329733
5026,sunsingerus,56,0.00105,4594106,86.19768,5329733
5027,tedmiston,56,0.00105,4594162,86.19873,5329733
5028,tiffanyfay,56,0.00105,4594218,86.19978,5329733
5029,tkrausjr,56,0.00105,4594274,86.20083,5329733
5030,tmatsuo,56,0.00105,4594330,86.20188,5329733
5031,urvil38,56,0.00105,4594386,86.20293,5329733
5032,vincent178,56,0.00105,4594442,86.20398,5329733
5033,vito,56,0.00105,4594498,86.20503,5329733
5034,vladwa,56,0.00105,4594554,86.20608,5329733
5035,wtong98,56,0.00105,4594610,86.20713,5329733
5036,xeor,56,0.00105,4594666,86.20818,5329733
5037,xiao-lix,56,0.00105,4594722,86.20923,5329733
5038,yangqingxin1993,56,0.00105,4594778,86.21028,5329733
5039,yank1,56,0.00105,4594834,86.21134,5329733
5040,ybubnov,56,0.00105,4594890,86.21239,5329733
5041,yselkowitz,56,0.00105,4594946,86.21344,5329733
5042,zcahana,56,0.00105,4595002,86.21449,5329733
5043,zioalex,56,0.00105,4595058,86.21554,5329733
5044,zshamrock,56,0.00105,4595114,86.21659,5329733
5045,ajm188,55,0.00103,4595169,86.21762,5329733
5046,bavarianbidi,55,0.00103,4595224,86.21865,5329733
5047,benley,55,0.00103,4595279,86.21968,5329733
5048,billyshambrook,55,0.00103,4595334,86.22072,5329733
5049,captainshar,55,0.00103,4595389,86.22175,5329733
5050,cce,55,0.00103,4595444,86.22278,5329733
5051,chrissng,55,0.00103,4595499,86.22381,5329733
5052,cmcconnell1,55,0.00103,4595554,86.22484,5329733
5053,Coderhypo,55,0.00103,4595609,86.22588,5329733
5054,codevulture,55,0.00103,4595664,86.22691,5329733
5055,derekmahar,55,0.00103,4595719,86.22794,5329733
5056,Dingshujie,55,0.00103,4595774,86.22897,5329733
5057,dkirrane,55,0.00103,4595829,86.23000,5329733
5058,dkypuros,55,0.00103,4595884,86.23104,5329733
5059,drobertduke,55,0.00103,4595939,86.23207,5329733
5060,dshchedr,55,0.00103,4595994,86.23310,5329733
5061,ecourreges-orange,55,0.00103,4596049,86.23413,5329733
5062,gmile,55,0.00103,4596104,86.23516,5329733
5063,heschlie,55,0.00103,4596159,86.23620,5329733
5064,int32bit,55,0.00103,4596214,86.23723,5329733
5065,jackielii,55,0.00103,4596269,86.23826,5329733
5066,jcollie,55,0.00103,4596324,86.23929,5329733
5067,kenhys,55,0.00103,4596379,86.24032,5329733
5068,kierstenlinkerd,55,0.00103,4596434,86.24136,5329733
5069,kothariaditya,55,0.00103,4596489,86.24239,5329733
5070,kprobst,55,0.00103,4596544,86.24342,5329733
5071,krobertson,55,0.00103,4596599,86.24445,5329733
5072,macropin,55,0.00103,4596654,86.24548,5329733
5073,marekschwarz,55,0.00103,4596709,86.24652,5329733
5074,markine,55,0.00103,4596764,86.24755,5329733
5075,michaelhenkel,55,0.00103,4596819,86.24858,5329733
5076,otterley,55,0.00103,4596874,86.24961,5329733
5077,Pharb,55,0.00103,4596929,86.25064,5329733
5078,philk,55,0.00103,4596984,86.25168,5329733
5079,Pluies,55,0.00103,4597039,86.25271,5329733
5080,pquerna,55,0.00103,4597094,86.25374,5329733
5081,prateekjainaa,55,0.00103,4597149,86.25477,5329733
5082,retr0h,55,0.00103,4597204,86.25580,5329733
5083,rolandjitsu,55,0.00103,4597259,86.25684,5329733
5084,RonWeber,55,0.00103,4597314,86.25787,5329733
5085,rushmorem,55,0.00103,4597369,86.25890,5329733
5086,rynowak,55,0.00103,4597424,86.25993,5329733
5087,sevein,55,0.00103,4597479,86.26096,5329733
5088,shahiddev,55,0.00103,4597534,86.26199,5329733
5089,shengxil,55,0.00103,4597589,86.26303,5329733
5090,shigy123456,55,0.00103,4597644,86.26406,5329733
5091,sudeeshjohn,55,0.00103,4597699,86.26509,5329733
5092,timperrett,55,0.00103,4597754,86.26612,5329733
5093,ultimateboy,55,0.00103,4597809,86.26715,5329733
5094,zqzzq,55,0.00103,4597864,86.26819,5329733
5095,aharbis,54,0.00101,4597918,86.26920,5329733
5096,A-Hilaly,54,0.00101,4597972,86.27021,5329733
5097,alexsn,54,0.00101,4598026,86.27123,5329733
5098,alitoufighi,54,0.00101,4598080,86.27224,5329733
5099,anastasiia-zolochevska,54,0.00101,4598134,86.27325,5329733
5100,apeschel,54,0.00101,4598188,86.27427,5329733
5101,ArcticSnowman,54,0.00101,4598242,86.27528,5329733
5102,awiede,54,0.00101,4598296,86.27629,5329733
5103,bvandewalle,54,0.00101,4598350,86.27731,5329733
5104,christian-posta,54,0.00101,4598404,86.27832,5329733
5105,chvck,54,0.00101,4598458,86.27933,5329733
5106,Cofyc,54,0.00101,4598512,86.28034,5329733
5107,curx,54,0.00101,4598566,86.28136,5329733
5108,damienr74,54,0.00101,4598620,86.28237,5329733
5109,DarrienG,54,0.00101,4598674,86.28338,5329733
5110,domcar,54,0.00101,4598728,86.28440,5329733
5111,erwbgy,54,0.00101,4598782,86.28541,5329733
5112,figaw,54,0.00101,4598836,86.28642,5329733
5113,flyer103,54,0.00101,4598890,86.28744,5329733
5114,garthk,54,0.00101,4598944,86.28845,5329733
5115,gboor,54,0.00101,4598998,86.28946,5329733
5116,gpinaik,54,0.00101,4599052,86.29048,5329733
5117,Hokutosei,54,0.00101,4599106,86.29149,5329733
5118,huanggze,54,0.00101,4599160,86.29250,5329733
5119,IamFive,54,0.00101,4599214,86.29352,5329733
5120,iamrajiv,54,0.00101,4599268,86.29453,5329733
5121,infinitecompute,54,0.00101,4599322,86.29554,5329733
5122,javipolo,54,0.00101,4599376,86.29656,5329733
5123,jcvenegas,54,0.00101,4599430,86.29757,5329733
5124,jkodroff,54,0.00101,4599484,86.29858,5329733
5125,jonstelly,54,0.00101,4599538,86.29960,5329733
5126,kanolato,54,0.00101,4599592,86.30061,5329733
5127,keontang,54,0.00101,4599646,86.30162,5329733
5128,kevin-zhaoshuai,54,0.00101,4599700,86.30263,5329733
5129,kkimdev,54,0.00101,4599754,86.30365,5329733
5130,kushwiz,54,0.00101,4599808,86.30466,5329733
5131,lhuard1A,54,0.00101,4599862,86.30567,5329733
5132,linsun,54,0.00101,4599916,86.30669,5329733
5133,MansM,54,0.00101,4599970,86.30770,5329733
5134,mcwienczek,54,0.00101,4600024,86.30871,5329733
5135,mgalgs,54,0.00101,4600078,86.30973,5329733
5136,miminar,54,0.00101,4600132,86.31074,5329733
5137,mmatur,54,0.00101,4600186,86.31175,5329733
5138,MSamman,54,0.00101,4600240,86.31277,5329733
5139,mthx,54,0.00101,4600294,86.31378,5329733
5140,NitishT,54,0.00101,4600348,86.31479,5329733
5141,omar-nahhas,54,0.00101,4600402,86.31581,5329733
5142,perezd,54,0.00101,4600456,86.31682,5329733
5143,pronix,54,0.00101,4600510,86.31783,5329733
5144,qvicksilver,54,0.00101,4600564,86.31885,5329733
5145,ravishivt,54,0.00101,4600618,86.31986,5329733
5146,Rio,54,0.00101,4600672,86.32087,5329733
5147,ryancox,54,0.00101,4600726,86.32189,5329733
5148,samuela,54,0.00101,4600780,86.32290,5329733
5149,samuelmacko,54,0.00101,4600834,86.32391,5329733
5150,SebastianM,54,0.00101,4600888,86.32492,5329733
5151,sgkiokas,54,0.00101,4600942,86.32594,5329733
5152,teaguecole,54,0.00101,4600996,86.32695,5329733
5153,unicell,54,0.00101,4601050,86.32796,5329733
5154,vijayendrabvs,54,0.00101,4601104,86.32898,5329733
5155,waprin,54,0.00101,4601158,86.32999,5329733
5156,zefciu,54,0.00101,4601212,86.33100,5329733
5157,zquestz,54,0.00101,4601266,86.33202,5329733
5158,abutcher,53,0.00099,4601319,86.33301,5329733
5159,alex88,53,0.00099,4601372,86.33401,5329733
5160,AnthonyGiretti,53,0.00099,4601425,86.33500,5329733
5161,austinorth,53,0.00099,4601478,86.33599,5329733
5162,AyushAmbastha,53,0.00099,4601531,86.33699,5329733
5163,benjamin-bergia,53,0.00099,4601584,86.33798,5329733
5164,billy2180,53,0.00099,4601637,86.33898,5329733
5165,Bo0km4n,53,0.00099,4601690,86.33997,5329733
5166,boeboe,53,0.00099,4601743,86.34097,5329733
5167,cmaloney,53,0.00099,4601796,86.34196,5329733
5168,congliu01,53,0.00099,4601849,86.34296,5329733
5169,coolljt0725,53,0.00099,4601902,86.34395,5329733
5170,CrossBound,53,0.00099,4601955,86.34494,5329733
5171,csabella,53,0.00099,4602008,86.34594,5329733
5172,discostu105,53,0.00099,4602061,86.34693,5329733
5173,dstrebel,53,0.00099,4602114,86.34793,5329733
5174,duboisf,53,0.00099,4602167,86.34892,5329733
5175,dvrkps,53,0.00099,4602220,86.34992,5329733
5176,eherot,53,0.00099,4602273,86.35091,5329733
5177,EmandM,53,0.00099,4602326,86.35191,5329733
5178,enaqx,53,0.00099,4602379,86.35290,5329733
5179,ewolinetz,53,0.00099,4602432,86.35389,5329733
5180,fcgravalos,53,0.00099,4602485,86.35489,5329733
5181,ffledgling,53,0.00099,4602538,86.35588,5329733
5182,hanumanthan,53,0.00099,4602591,86.35688,5329733
5183,haugene,53,0.00099,4602644,86.35787,5329733
5184,joekohlsdorf,53,0.00099,4602697,86.35887,5329733
5185,julianxhokaxhiu,53,0.00099,4602750,86.35986,5329733
5186,kevinsimper,53,0.00099,4602803,86.36086,5329733
5187,kuznero,53,0.00099,4602856,86.36185,5329733
5188,ldx,53,0.00099,4602909,86.36284,5329733
5189,leeeboo,53,0.00099,4602962,86.36384,5329733
5190,Levovar,53,0.00099,4603015,86.36483,5329733
5191,ligc,53,0.00099,4603068,86.36583,5329733
5192,mcalus3,53,0.00099,4603121,86.36682,5329733
5193,mkuznyetsov,53,0.00099,4603174,86.36782,5329733
5194,mlaccetti,53,0.00099,4603227,86.36881,5329733
5195,MonzElmasry,53,0.00099,4603280,86.36981,5329733
5196,nathanjsweet,53,0.00099,4603333,86.37080,5329733
5197,nrobert13,53,0.00099,4603386,86.37179,5329733
5198,papiveron,53,0.00099,4603439,86.37279,5329733
5199,PhilibertDugas,53,0.00099,4603492,86.37378,5329733
5200,PI-Victor,53,0.00099,4603545,86.37478,5329733
5201,portante,53,0.00099,4603598,86.37577,5329733
5202,rnavarro,53,0.00099,4603651,86.37677,5329733
5203,schickling,53,0.00099,4603704,86.37776,5329733
5204,shanhuhai5739,53,0.00099,4603757,86.37875,5329733
5205,swiftdiaries,53,0.00099,4603810,86.37975,5329733
5206,tiborvass,53,0.00099,4603863,86.38074,5329733
5207,trinitronx,53,0.00099,4603916,86.38174,5329733
5208,tyrannasaurusbanks,53,0.00099,4603969,86.38273,5329733
5209,vdemeester,53,0.00099,4604022,86.38373,5329733
5210,vjdhama,53,0.00099,4604075,86.38472,5329733
5211,wrfly,53,0.00099,4604128,86.38572,5329733
5212,wvidana,53,0.00099,4604181,86.38671,5329733
5213,xperimental,53,0.00099,4604234,86.38770,5329733
5214,YaozhongZhang,53,0.00099,4604287,86.38870,5329733
5215,zhouhao3,53,0.00099,4604340,86.38969,5329733
5216,aasmall,52,0.00098,4604392,86.39067,5329733
5217,abrennan89,52,0.00098,4604444,86.39164,5329733
5218,afreen23,52,0.00098,4604496,86.39262,5329733
5219,alicebob,52,0.00098,4604548,86.39360,5329733
5220,amarrella,52,0.00098,4604600,86.39457,5329733
5221,anasinnyk,52,0.00098,4604652,86.39555,5329733
5222,arturo-c,52,0.00098,4604704,86.39652,5329733
5223,asuffield,52,0.00098,4604756,86.39750,5329733
5224,aybabtme,52,0.00098,4604808,86.39847,5329733
5225,azweb76,52,0.00098,4604860,86.39945,5329733
5226,bobmshannon,52,0.00098,4604912,86.40043,5329733
5227,bubenheimer,52,0.00098,4604964,86.40140,5329733
5228,cduchesne,52,0.00098,4605016,86.40238,5329733
5229,chiefy,52,0.00098,4605068,86.40335,5329733
5230,christianh814,52,0.00098,4605120,86.40433,5329733
5231,craigtracey,52,0.00098,4605172,86.40530,5329733
5232,dannymk,52,0.00098,4605224,86.40628,5329733
5233,diemtvu,52,0.00098,4605276,86.40726,5329733
5234,distorhead,52,0.00098,4605328,86.40823,5329733
5235,drpaneas,52,0.00098,4605380,86.40921,5329733
5236,ekuefler,52,0.00098,4605432,86.41018,5329733
5237,elek,52,0.00098,4605484,86.41116,5329733
5238,esara,52,0.00098,4605536,86.41213,5329733
5239,funkypenguin,52,0.00098,4605588,86.41311,5329733
5240,goldenbull,52,0.00098,4605640,86.41408,5329733
5241,gumpt,52,0.00098,4605692,86.41506,5329733
5242,Harshitha1234,52,0.00098,4605744,86.41604,5329733
5243,hoesler,52,0.00098,4605796,86.41701,5329733
5244,ignasi35,52,0.00098,4605848,86.41799,5329733
5245,johndpope,52,0.00098,4605900,86.41896,5329733
5246,josephglanville,52,0.00098,4605952,86.41994,5329733
5247,joshuarubin,52,0.00098,4606004,86.42091,5329733
5248,kamijin-fanta,52,0.00098,4606056,86.42189,5329733
5249,kdima,52,0.00098,4606108,86.42287,5329733
5250,keyolk,52,0.00098,4606160,86.42384,5329733
5251,l15k4,52,0.00098,4606212,86.42482,5329733
5252,lsjostro,52,0.00098,4606264,86.42579,5329733
5253,lyda,52,0.00098,4606316,86.42677,5329733
5254,mblaschke,52,0.00098,4606368,86.42774,5329733
5255,mgr01,52,0.00098,4606420,86.42872,5329733
5256,mikol,52,0.00098,4606472,86.42970,5329733
5257,muenchdo,52,0.00098,4606524,86.43067,5329733
5258,nicoekkart,52,0.00098,4606576,86.43165,5329733
5259,olegsu,52,0.00098,4606628,86.43262,5329733
5260,patoarvizu,52,0.00098,4606680,86.43360,5329733
5261,patricklundquist,52,0.00098,4606732,86.43457,5329733
5262,paulosman,52,0.00098,4606784,86.43555,5329733
5263,posix4e,52,0.00098,4606836,86.43653,5329733
5264,renukamanavalan,52,0.00098,4606888,86.43750,5329733
5265,ricochet,52,0.00098,4606940,86.43848,5329733
5266,sandlis,52,0.00098,4606992,86.43945,5329733
5267,schatekar,52,0.00098,4607044,86.44043,5329733
5268,shaloulcy,52,0.00098,4607096,86.44140,5329733
5269,ShovanMaity,52,0.00098,4607148,86.44238,5329733
5270,skdwriting,52,0.00098,4607200,86.44335,5329733
5271,TamerTas,52,0.00098,4607252,86.44433,5329733
5272,tudor,52,0.00098,4607304,86.44531,5329733
5273,txomon,52,0.00098,4607356,86.44628,5329733
5274,V3ckt0r,52,0.00098,4607408,86.44726,5329733
5275,wladimiiir,52,0.00098,4607460,86.44823,5329733
5276,xuxinkun,52,0.00098,4607512,86.44921,5329733
5277,yosefy,52,0.00098,4607564,86.45018,5329733
5278,yuananf,52,0.00098,4607616,86.45116,5329733
5279,zackzhangkai,52,0.00098,4607668,86.45214,5329733
5280,zaneclaes,52,0.00098,4607720,86.45311,5329733
5281,acaire,51,0.00096,4607771,86.45407,5329733
5282,acim,51,0.00096,4607822,86.45503,5329733
5283,alamaison,51,0.00096,4607873,86.45598,5329733
5284,amila-ku,51,0.00096,4607924,86.45694,5329733
5285,axelsimon,51,0.00096,4607975,86.45790,5329733
5286,badsyntax,51,0.00096,4608026,86.45885,5329733
5287,bodepd,51,0.00096,4608077,86.45981,5329733
5288,boucher,51,0.00096,4608128,86.46077,5329733
5289,daurnimator,51,0.00096,4608179,86.46172,5329733
5290,dinosk,51,0.00096,4608230,86.46268,5329733
5291,dt-rush,51,0.00096,4608281,86.46364,5329733
5292,dtzar,51,0.00096,4608332,86.46459,5329733
5293,eatwithforks,51,0.00096,4608383,86.46555,5329733
5294,Go-Iwamoto,51,0.00096,4608434,86.46651,5329733
5295,grantbdev,51,0.00096,4608485,86.46746,5329733
5296,isindir,51,0.00096,4608536,86.46842,5329733
5297,itwars,51,0.00096,4608587,86.46938,5329733
5298,JeffRMoore,51,0.00096,4608638,86.47034,5329733
5299,jonpulsifer,51,0.00096,4608689,86.47129,5329733
5300,JooyoungJeong,51,0.00096,4608740,86.47225,5329733
5301,junxu,51,0.00096,4608791,86.47321,5329733
5302,jwhitcraft,51,0.00096,4608842,86.47416,5329733
5303,kaslin,51,0.00096,4608893,86.47512,5329733
5304,kichristensen,51,0.00096,4608944,86.47608,5329733
5305,liangxia,51,0.00096,4608995,86.47703,5329733
5306,LucasBoisserie,51,0.00096,4609046,86.47799,5329733
5307,mariojonke,51,0.00096,4609097,86.47895,5329733
5308,markb74,51,0.00096,4609148,86.47990,5329733
5309,Monkeyanator,51,0.00096,4609199,86.48086,5329733
5310,NeoCN,51,0.00096,4609250,86.48182,5329733
5311,postwait,51,0.00096,4609301,86.48278,5329733
5312,royalharsh,51,0.00096,4609352,86.48373,5329733
5313,rsc,51,0.00096,4609403,86.48469,5329733
5314,saarques,51,0.00096,4609454,86.48565,5329733
5315,stefanlasiewski,51,0.00096,4609505,86.48660,5329733
5316,tacy,51,0.00096,4609556,86.48756,5329733
5317,tbarrella,51,0.00096,4609607,86.48852,5329733
5318,thdrnsdk,51,0.00096,4609658,86.48947,5329733
5319,tongpu,51,0.00096,4609709,86.49043,5329733
5320,translucens,51,0.00096,4609760,86.49139,5329733
5321,twk3,51,0.00096,4609811,86.49234,5329733
5322,vareti,51,0.00096,4609862,86.49330,5329733
5323,vglafirov,51,0.00096,4609913,86.49426,5329733
5324,walterdolce,51,0.00096,4609964,86.49521,5329733
5325,wiggzz,51,0.00096,4610015,86.49617,5329733
5326,winromulus,51,0.00096,4610066,86.49713,5329733
5327,xtophs,51,0.00096,4610117,86.49809,5329733
5328,YuqiXiao,51,0.00096,4610168,86.49904,5329733
5329,zacharya,51,0.00096,4610219,86.50000,5329733
5330,zeerorg,51,0.00096,4610270,86.50096,5329733
5331,alexbegg,50,0.00094,4610320,86.50189,5329733
5332,alexvmw,50,0.00094,4610370,86.50283,5329733
5333,almariah,50,0.00094,4610420,86.50377,5329733
5334,amorken,50,0.00094,4610470,86.50471,5329733
5335,anarcat,50,0.00094,4610520,86.50565,5329733
5336,andye2004,50,0.00094,4610570,86.50658,5329733
5337,anuprout,50,0.00094,4610620,86.50752,5329733
5338,arthur-c,50,0.00094,4610670,86.50846,5329733
5339,banks,50,0.00094,4610720,86.50940,5329733
5340,bbbmj,50,0.00094,4610770,86.51034,5329733
5341,blurpy,50,0.00094,4610820,86.51128,5329733
5342,bnookala,50,0.00094,4610870,86.51221,5329733
5343,cbandy,50,0.00094,4610920,86.51315,5329733
5344,cbluth,50,0.00094,4610970,86.51409,5329733
5345,danielpops,50,0.00094,4611020,86.51503,5329733
5346,dlsniper,50,0.00094,4611070,86.51597,5329733
5347,electroma,50,0.00094,4611120,86.51690,5329733
5348,franziskagoltz,50,0.00094,4611170,86.51784,5329733
5349,fuzzybinary,50,0.00094,4611220,86.51878,5329733
5350,gajju26,50,0.00094,4611270,86.51972,5329733
5351,gotoxu,50,0.00094,4611320,86.52066,5329733
5352,hairmare,50,0.00094,4611370,86.52159,5329733
5353,haoqing0110,50,0.00094,4611420,86.52253,5329733
5354,hasancelik,50,0.00094,4611470,86.52347,5329733
5355,huyhg,50,0.00094,4611520,86.52441,5329733
5356,ioggstream,50,0.00094,4611570,86.52535,5329733
5357,jaytaylor,50,0.00094,4611620,86.52629,5329733
5358,jonahbron,50,0.00094,4611670,86.52722,5329733
5359,jslusher,50,0.00094,4611720,86.52816,5329733
5360,kahootali,50,0.00094,4611770,86.52910,5329733
5361,kintel,50,0.00094,4611820,86.53004,5329733
5362,kolorful,50,0.00094,4611870,86.53098,5329733
5363,liyongxian,50,0.00094,4611920,86.53191,5329733
5364,MalcolmSanders,50,0.00094,4611970,86.53285,5329733
5365,marcosbc,50,0.00094,4612020,86.53379,5329733
5366,masudur-rahman,50,0.00094,4612070,86.53473,5329733
5367,mattlqx,50,0.00094,4612120,86.53567,5329733
5368,mcumings,50,0.00094,4612170,86.53661,5329733
5369,mhansen,50,0.00094,4612220,86.53754,5329733
5370,mikeshng,50,0.00094,4612270,86.53848,5329733
5371,morefreeze,50,0.00094,4612320,86.53942,5329733
5372,mrobson,50,0.00094,4612370,86.54036,5329733
5373,nrjpoddar,50,0.00094,4612420,86.54130,5329733
5374,paha,50,0.00094,4612470,86.54223,5329733
5375,pci,50,0.00094,4612520,86.54317,5329733
5376,ps882,50,0.00094,4612570,86.54411,5329733
5377,QianChenglong,50,0.00094,4612620,86.54505,5329733
5378,qq690388648,50,0.00094,4612670,86.54599,5329733
5379,recollir,50,0.00094,4612720,86.54692,5329733
5380,sadasu,50,0.00094,4612770,86.54786,5329733
5381,sandersaares,50,0.00094,4612820,86.54880,5329733
5382,sayanarijit,50,0.00094,4612870,86.54974,5329733
5383,shaikatz,50,0.00094,4612920,86.55068,5329733
5384,sreis,50,0.00094,4612970,86.55162,5329733
5385,SvenDowideit,50,0.00094,4613020,86.55255,5329733
5386,tanner-bruce,50,0.00094,4613070,86.55349,5329733
5387,thomasjungblut,50,0.00094,4613120,86.55443,5329733
5388,timmycarr,50,0.00094,4613170,86.55537,5329733
5389,tlvenn,50,0.00094,4613220,86.55631,5329733
5390,tokuhirom,50,0.00094,4613270,86.55724,5329733
5391,unixwitch,50,0.00094,4613320,86.55818,5329733
5392,vrlo,50,0.00094,4613370,86.55912,5329733
5393,wreed4,50,0.00094,4613420,86.56006,5329733
5394,xbauquet,50,0.00094,4613470,86.56100,5329733
5395,xdzhai,50,0.00094,4613520,86.56193,5329733
5396,xtremerui,50,0.00094,4613570,86.56287,5329733
5397,xujihui1985,50,0.00094,4613620,86.56381,5329733
5398,zhipengzuo,50,0.00094,4613670,86.56475,5329733
5399,zhuguihua,50,0.00094,4613720,86.56569,5329733
5400,adamwalach,49,0.00092,4613769,86.56661,5329733
5401,AkashSarda,49,0.00092,4613818,86.56753,5329733
5402,anjensan,49,0.00092,4613867,86.56845,5329733
5403,annismckenzie,49,0.00092,4613916,86.56936,5329733
5404,antonio,49,0.00092,4613965,86.57028,5329733
5405,brycecr,49,0.00092,4614014,86.57120,5329733
5406,calavera,49,0.00092,4614063,86.57212,5329733
5407,cameronbrunner,49,0.00092,4614112,86.57304,5329733
5408,carpenike,49,0.00092,4614161,86.57396,5329733
5409,cbarzu,49,0.00092,4614210,86.57488,5329733
5410,cezarygerard,49,0.00092,4614259,86.57580,5329733
5411,chipzoller,49,0.00092,4614308,86.57672,5329733
5412,chradcliffe,49,0.00092,4614357,86.57764,5329733
5413,christophercarney,49,0.00092,4614406,86.57856,5329733
5414,cv,49,0.00092,4614455,86.57948,5329733
5415,dalelane,49,0.00092,4614504,86.58040,5329733
5416,diafour,49,0.00092,4614553,86.58132,5329733
5417,Draiken,49,0.00092,4614602,86.58224,5329733
5418,eashi,49,0.00092,4614651,86.58316,5329733
5419,eliaslevy,49,0.00092,4614700,86.58407,5329733
5420,feiming,49,0.00092,4614749,86.58499,5329733
5421,gamename,49,0.00092,4614798,86.58591,5329733
5422,GeertJohan,49,0.00092,4614847,86.58683,5329733
5423,gekart,49,0.00092,4614896,86.58775,5329733
5424,git001,49,0.00092,4614945,86.58867,5329733
5425,hdost,49,0.00092,4614994,86.58959,5329733
5426,hmeng-19,49,0.00092,4615043,86.59051,5329733
5427,jchanam,49,0.00092,4615092,86.59143,5329733
5428,jjungnickel,49,0.00092,4615141,86.59235,5329733
5429,josegonzalez,49,0.00092,4615190,86.59327,5329733
5430,jstoja,49,0.00092,4615239,86.59419,5329733
5431,kahuang,49,0.00092,4615288,86.59511,5329733
5432,kamalmarhubi,49,0.00092,4615337,86.59603,5329733
5433,kihahu,49,0.00092,4615386,86.59695,5329733
5434,lewisheadden,49,0.00092,4615435,86.59787,5329733
5435,louisfelix,49,0.00092,4615484,86.59878,5329733
5436,m0jt4b4,49,0.00092,4615533,86.59970,5329733
5437,manishrjain,49,0.00092,4615582,86.60062,5329733
5438,mateusmarquezini,49,0.00092,4615631,86.60154,5329733
5439,mattkanwisher,49,0.00092,4615680,86.60246,5329733
5440,max-sixty,49,0.00092,4615729,86.60338,5329733
5441,mlamina,49,0.00092,4615778,86.60430,5329733
5442,morningspace,49,0.00092,4615827,86.60522,5329733
5443,mshaverdo,49,0.00092,4615876,86.60614,5329733
5444,nakabonne,49,0.00092,4615925,86.60706,5329733
5445,neelance,49,0.00092,4615974,86.60798,5329733
5446,nelsonfassis,49,0.00092,4616023,86.60890,5329733
5447,nyodas,49,0.00092,4616072,86.60982,5329733
5448,PabloCastellano,49,0.00092,4616121,86.61074,5329733
5449,phantooom,49,0.00092,4616170,86.61166,5329733
5450,princeparmar,49,0.00092,4616219,86.61258,5329733
5451,pshahzeb,49,0.00092,4616268,86.61349,5329733
5452,psinghal20,49,0.00092,4616317,86.61441,5329733
5453,qingkunl,49,0.00092,4616366,86.61533,5329733
5454,RaymondArias,49,0.00092,4616415,86.61625,5329733
5455,s12chung,49,0.00092,4616464,86.61717,5329733
5456,saada,49,0.00092,4616513,86.61809,5329733
5457,sattarfeizollahibarough,49,0.00092,4616562,86.61901,5329733
5458,scriptonist,49,0.00092,4616611,86.61993,5329733
5459,seeekr,49,0.00092,4616660,86.62085,5329733
5460,SharpEdgeMarshall,49,0.00092,4616709,86.62177,5329733
5461,simonferquel,49,0.00092,4616758,86.62269,5329733
5462,spawnia,49,0.00092,4616807,86.62361,5329733
5463,sysrich,49,0.00092,4616856,86.62453,5329733
5464,SzekeresB,49,0.00092,4616905,86.62545,5329733
5465,TehTotalPwnage,49,0.00092,4616954,86.62637,5329733
5466,thz,49,0.00092,4617003,86.62729,5329733
5467,ti-mo,49,0.00092,4617052,86.62820,5329733
5468,vithati,49,0.00092,4617101,86.62912,5329733
5469,wilkers-steve,49,0.00092,4617150,86.63004,5329733
5470,zchee,49,0.00092,4617199,86.63096,5329733
5471,abbccdda,48,0.00090,4617247,86.63186,5329733
5472,aemengo,48,0.00090,4617295,86.63276,5329733
5473,alexander-fenster,48,0.00090,4617343,86.63366,5329733
5474,alloy,48,0.00090,4617391,86.63456,5329733
5475,amimof,48,0.00090,4617439,86.63547,5329733
5476,andriy-bulynko,48,0.00090,4617487,86.63637,5329733
5477,arjanschaaf,48,0.00090,4617535,86.63727,5329733
5478,asauber,48,0.00090,4617583,86.63817,5329733
5479,bbriggs,48,0.00090,4617631,86.63907,5329733
5480,bergerx,48,0.00090,4617679,86.63997,5329733
5481,brandondr96,48,0.00090,4617727,86.64087,5329733
5482,brianredbeard,48,0.00090,4617775,86.64177,5329733
5483,burdiyan,48,0.00090,4617823,86.64267,5329733
5484,cab105,48,0.00090,4617871,86.64357,5329733
5485,carldanley,48,0.00090,4617919,86.64447,5329733
5486,cedriclam,48,0.00090,4617967,86.64537,5329733
5487,chanjarster,48,0.00090,4618015,86.64627,5329733
5488,cizezsy,48,0.00090,4618063,86.64717,5329733
5489,DavidParks8,48,0.00090,4618111,86.64807,5329733
5490,de-sh,48,0.00090,4618159,86.64897,5329733
5491,diemol,48,0.00090,4618207,86.64988,5329733
5492,dimberman,48,0.00090,4618255,86.65078,5329733
5493,dkerwin,48,0.00090,4618303,86.65168,5329733
5494,dorsany,48,0.00090,4618351,86.65258,5329733
5495,ds-ms,48,0.00090,4618399,86.65348,5329733
5496,dukov,48,0.00090,4618447,86.65438,5329733
5497,erulabs,48,0.00090,4618495,86.65528,5329733
5498,eyalbe4,48,0.00090,4618543,86.65618,5329733
5499,eyenx,48,0.00090,4618591,86.65708,5329733
5500,fredgate,48,0.00090,4618639,86.65798,5329733
5501,grosskur,48,0.00090,4618687,86.65888,5329733
5502,hach-que,48,0.00090,4618735,86.65978,5329733
5503,hagbard5235,48,0.00090,4618783,86.66068,5329733
5504,harshita-sharma-mayadata,48,0.00090,4618831,86.66158,5329733
5505,insequent,48,0.00090,4618879,86.66248,5329733
5506,ishantanu,48,0.00090,4618927,86.66338,5329733
5507,jeremywadsack,48,0.00090,4618975,86.66429,5329733
5508,jim-minter,48,0.00090,4619023,86.66519,5329733
5509,jwzl,48,0.00090,4619071,86.66609,5329733
5510,Kampe,48,0.00090,4619119,86.66699,5329733
5511,kbasv,48,0.00090,4619167,86.66789,5329733
5512,KnoxAnderson,48,0.00090,4619215,86.66879,5329733
5513,mbarrien,48,0.00090,4619263,86.66969,5329733
5514,mheese,48,0.00090,4619311,86.67059,5329733
5515,mikehelmick,48,0.00090,4619359,86.67149,5329733
5516,mikekap,48,0.00090,4619407,86.67239,5329733
5517,mrahbar,48,0.00090,4619455,86.67329,5329733
5518,nareshku,48,0.00090,4619503,86.67419,5329733
5519,naveensriram,48,0.00090,4619551,86.67509,5329733
5520,nisan270390,48,0.00090,4619599,86.67599,5329733
5521,nogoegst,48,0.00090,4619647,86.67689,5329733
5522,oscerd,48,0.00090,4619695,86.67779,5329733
5523,otakumike,48,0.00090,4619743,86.67869,5329733
5524,pablodelarocha,48,0.00090,4619791,86.67960,5329733
5525,pastukhov,48,0.00090,4619839,86.68050,5329733
5526,paulsubrata55,48,0.00090,4619887,86.68140,5329733
5527,pymander,48,0.00090,4619935,86.68230,5329733
5528,robsonpeixoto,48,0.00090,4619983,86.68320,5329733
5529,rossigee,48,0.00090,4620031,86.68410,5329733
5530,saiyam1814,48,0.00090,4620079,86.68500,5329733
5531,samirsss,48,0.00090,4620127,86.68590,5329733
5532,Shawyeok,48,0.00090,4620175,86.68680,5329733
5533,sunyuan3,48,0.00090,4620223,86.68770,5329733
5534,surki,48,0.00090,4620271,86.68860,5329733
5535,tdmalone,48,0.00090,4620319,86.68950,5329733
5536,thomas-mangin,48,0.00090,4620367,86.69040,5329733
5537,tioxy,48,0.00090,4620415,86.69130,5329733
5538,tixxdz,48,0.00090,4620463,86.69220,5329733
5539,tomwans,48,0.00090,4620511,86.69310,5329733
5540,tonyfahrion,48,0.00090,4620559,86.69401,5329733
5541,toredash,48,0.00090,4620607,86.69491,5329733
5542,vikstrous,48,0.00090,4620655,86.69581,5329733
5543,vinayagg,48,0.00090,4620703,86.69671,5329733
5544,Vivian7755,48,0.00090,4620751,86.69761,5329733
5545,You-NeverKnow,48,0.00090,4620799,86.69851,5329733
5546,youyongsong,48,0.00090,4620847,86.69941,5329733
5547,yowenter,48,0.00090,4620895,86.70031,5329733
5548,yu2003w,48,0.00090,4620943,86.70121,5329733
5549,zyh-hust,48,0.00090,4620991,86.70211,5329733
5550,aaronjwood,47,0.00088,4621038,86.70299,5329733
5551,achasveachas,47,0.00088,4621085,86.70387,5329733
5552,adieu,47,0.00088,4621132,86.70476,5329733
5553,adunham-stripe,47,0.00088,4621179,86.70564,5329733
5554,alegacy,47,0.00088,4621226,86.70652,5329733
5555,alexsomesan,47,0.00088,4621273,86.70740,5329733
5556,andreimc,47,0.00088,4621320,86.70828,5329733
5557,anhowe,47,0.00088,4621367,86.70917,5329733
5558,apatil,47,0.00088,4621414,86.71005,5329733
5559,axsaucedo,47,0.00088,4621461,86.71093,5329733
5560,bcho,47,0.00088,4621508,86.71181,5329733
5561,blalor,47,0.00088,4621555,86.71269,5329733
5562,breedx-nr,47,0.00088,4621602,86.71357,5329733
5563,cchengleo,47,0.00088,4621649,86.71446,5329733
5564,cesartl,47,0.00088,4621696,86.71534,5329733
5565,chaseterry,47,0.00088,4621743,86.71622,5329733
5566,Davidchinacloud,47,0.00088,4621790,86.71710,5329733
5567,dene14,47,0.00088,4621837,86.71798,5329733
5568,Dhiraj240,47,0.00088,4621884,86.71887,5329733
5569,dillaman,47,0.00088,4621931,86.71975,5329733
5570,drpebcak,47,0.00088,4621978,86.72063,5329733
5571,edwardecook,47,0.00088,4622025,86.72151,5329733
5572,ekitson,47,0.00088,4622072,86.72239,5329733
5573,emmanuel,47,0.00088,4622119,86.72327,5329733
5574,enocom,47,0.00088,4622166,86.72416,5329733
5575,gertipoppel,47,0.00088,4622213,86.72504,5329733
5576,gkumar7,47,0.00088,4622260,86.72592,5329733
5577,itajaja,47,0.00088,4622307,86.72680,5329733
5578,jakirpatel,47,0.00088,4622354,86.72768,5329733
5579,janepelladinesh,47,0.00088,4622401,86.72857,5329733
5580,jbguerraz,47,0.00088,4622448,86.72945,5329733
5581,jcoeltjen,47,0.00088,4622495,86.73033,5329733
5582,joncwong,47,0.00088,4622542,86.73121,5329733
5583,kaihendry,47,0.00088,4622589,86.73209,5329733
5584,krabhishek8260,47,0.00088,4622636,86.73298,5329733
5585,kshelton,47,0.00088,4622683,86.73386,5329733
5586,kvokka,47,0.00088,4622730,86.73474,5329733
5587,LalatenduMohanty,47,0.00088,4622777,86.73562,5329733
5588,LeeYubo,47,0.00088,4622824,86.73650,5329733
5589,lgayatri,47,0.00088,4622871,86.73738,5329733
5590,liyongxin,47,0.00088,4622918,86.73827,5329733
5591,lkaybob,47,0.00088,4622965,86.73915,5329733
5592,marema31,47,0.00088,4623012,86.74003,5329733
5593,mattn,47,0.00088,4623059,86.74091,5329733
5594,mfischer-zd,47,0.00088,4623106,86.74179,5329733
5595,MihaiAnei,47,0.00088,4623153,86.74268,5329733
5596,mikn,47,0.00088,4623200,86.74356,5329733
5597,mweissbacher,47,0.00088,4623247,86.74444,5329733
5598,nagarjung,47,0.00088,4623294,86.74532,5329733
5599,NicolaiSchmid,47,0.00088,4623341,86.74620,5329733
5600,nunix,47,0.00088,4623388,86.74708,5329733
5601,owenhaynes,47,0.00088,4623435,86.74797,5329733
5602,pakrym,47,0.00088,4623482,86.74885,5329733
5603,petergardfjall,47,0.00088,4623529,86.74973,5329733
5604,petermetz,47,0.00088,4623576,86.75061,5329733
5605,PierrickI3,47,0.00088,4623623,86.75149,5329733
5606,prabhu43,47,0.00088,4623670,86.75238,5329733
5607,qudongfang,47,0.00088,4623717,86.75326,5329733
5608,rakesh-k,47,0.00088,4623764,86.75414,5329733
5609,s2504s,47,0.00088,4623811,86.75502,5329733
5610,senior7515,47,0.00088,4623858,86.75590,5329733
5611,Shini31,47,0.00088,4623905,86.75679,5329733
5612,Sispheor,47,0.00088,4623952,86.75767,5329733
5613,ssubramanian123,47,0.00088,4623999,86.75855,5329733
5614,tangle329,47,0.00088,4624046,86.75943,5329733
5615,thuandt,47,0.00088,4624093,86.76031,5329733
5616,tomarv2,47,0.00088,4624140,86.76119,5329733
5617,tomerf,47,0.00088,4624187,86.76208,5329733
5618,toyama0919,47,0.00088,4624234,86.76296,5329733
5619,tuannvm,47,0.00088,4624281,86.76384,5329733
5620,VladMasarik,47,0.00088,4624328,86.76472,5329733
5621,wangxf1987,47,0.00088,4624375,86.76560,5329733
5622,wulonghui,47,0.00088,4624422,86.76649,5329733
5623,Zanadar,47,0.00088,4624469,86.76737,5329733
5624,9len,46,0.00086,4624515,86.76823,5329733
5625,abourget,46,0.00086,4624561,86.76909,5329733
5626,alfredodeza,46,0.00086,4624607,86.76996,5329733
5627,Alien2150,46,0.00086,4624653,86.77082,5329733
5628,Amit-PivotalLabs,46,0.00086,4624699,86.77168,5329733
5629,AndrewJSchofield,46,0.00086,4624745,86.77255,5329733
5630,anggao,46,0.00086,4624791,86.77341,5329733
5631,avaidyanatha,46,0.00086,4624837,86.77427,5329733
5632,axdotl,46,0.00086,4624883,86.77513,5329733
5633,azhou-nicira,46,0.00086,4624929,86.77600,5329733
5634,benlangfeld,46,0.00086,4624975,86.77686,5329733
5635,bpehling,46,0.00086,4625021,86.77772,5329733
5636,brandon-bethke-neudesic,46,0.00086,4625067,86.77859,5329733
5637,carnott-snap,46,0.00086,4625113,86.77945,5329733
5638,cescoferraro,46,0.00086,4625159,86.78031,5329733
5639,Chenditang,46,0.00086,4625205,86.78118,5329733
5640,christhomas,46,0.00086,4625251,86.78204,5329733
5641,colinhoglund,46,0.00086,4625297,86.78290,5329733
5642,connorlindsey,46,0.00086,4625343,86.78377,5329733
5643,cristiklein,46,0.00086,4625389,86.78463,5329733
5644,cvila84,46,0.00086,4625435,86.78549,5329733
5645,danielSbastos,46,0.00086,4625481,86.78635,5329733
5646,dongwenjuan,46,0.00086,4625527,86.78722,5329733
5647,eagletmt,46,0.00086,4625573,86.78808,5329733
5648,eknudtson,46,0.00086,4625619,86.78894,5329733
5649,elecnix,46,0.00086,4625665,86.78981,5329733
5650,eminn,46,0.00086,4625711,86.79067,5329733
5651,epilatow,46,0.00086,4625757,86.79153,5329733
5652,ercl,46,0.00086,4625803,86.79240,5329733
5653,erebe,46,0.00086,4625849,86.79326,5329733
5654,eyeofthefrog,46,0.00086,4625895,86.79412,5329733
5655,fmejia97,46,0.00086,4625941,86.79499,5329733
5656,four43,46,0.00086,4625987,86.79585,5329733
5657,gaigepr,46,0.00086,4626033,86.79671,5329733
5658,gesellix,46,0.00086,4626079,86.79758,5329733
5659,GFilipek,46,0.00086,4626125,86.79844,5329733
5660,giovanism,46,0.00086,4626171,86.79930,5329733
5661,Gsantomaggio,46,0.00086,4626217,86.80016,5329733
5662,houz42,46,0.00086,4626263,86.80103,5329733
5663,hSATAC,46,0.00086,4626309,86.80189,5329733
5664,icanhazbroccoli,46,0.00086,4626355,86.80275,5329733
5665,imjoey,46,0.00086,4626401,86.80362,5329733
5666,intelfx,46,0.00086,4626447,86.80448,5329733
5667,ipedrazas,46,0.00086,4626493,86.80534,5329733
5668,JasonvanBrackel,46,0.00086,4626539,86.80621,5329733
5669,javajon,46,0.00086,4626585,86.80707,5329733
5670,jmcarp,46,0.00086,4626631,86.80793,5329733
5671,jose5918,46,0.00086,4626677,86.80880,5329733
5672,jwenz723,46,0.00086,4626723,86.80966,5329733
5673,kav,46,0.00086,4626769,86.81052,5329733
5674,kongslund,46,0.00086,4626815,86.81138,5329733
5675,Lawouach,46,0.00086,4626861,86.81225,5329733
5676,lionelvillard,46,0.00086,4626907,86.81311,5329733
5677,lucifercr07,46,0.00086,4626953,86.81397,5329733
5678,mcayland,46,0.00086,4626999,86.81484,5329733
5679,megastef,46,0.00086,4627045,86.81570,5329733
5680,metmajer,46,0.00086,4627091,86.81656,5329733
5681,meyskens,46,0.00086,4627137,86.81743,5329733
5682,mkoderer,46,0.00086,4627183,86.81829,5329733
5683,mrcrgl,46,0.00086,4627229,86.81915,5329733
5684,natemurthy,46,0.00086,4627275,86.82002,5329733
5685,networkop,46,0.00086,4627321,86.82088,5329733
5686,nhooyr,46,0.00086,4627367,86.82174,5329733
5687,nvartolomei,46,0.00086,4627413,86.82260,5329733
5688,octo,46,0.00086,4627459,86.82347,5329733
5689,oza,46,0.00086,4627505,86.82433,5329733
5690,pfisterer,46,0.00086,4627551,86.82519,5329733
5691,pgburt,46,0.00086,4627597,86.82606,5329733
5692,phillipgibson,46,0.00086,4627643,86.82692,5329733
5693,phumberdroz,46,0.00086,4627689,86.82778,5329733
5694,pratikjagrut,46,0.00086,4627735,86.82865,5329733
5695,rajalokan,46,0.00086,4627781,86.82951,5329733
5696,reetasingh,46,0.00086,4627827,86.83037,5329733
5697,robinbraemer,46,0.00086,4627873,86.83124,5329733
5698,rogchap,46,0.00086,4627919,86.83210,5329733
5699,sachinmukherjee,46,0.00086,4627965,86.83296,5329733
5700,sagor999,46,0.00086,4628011,86.83382,5329733
5701,sesispla,46,0.00086,4628057,86.83469,5329733
5702,shreyassrivatsan,46,0.00086,4628103,86.83555,5329733
5703,SimenB,46,0.00086,4628149,86.83641,5329733
5704,skarthiksrinivas,46,0.00086,4628195,86.83728,5329733
5705,skitt,46,0.00086,4628241,86.83814,5329733
5706,stamak,46,0.00086,4628287,86.83900,5329733
5707,StevenReitsma,46,0.00086,4628333,86.83987,5329733
5708,sumo-drosiek,46,0.00086,4628379,86.84073,5329733
5709,tammert,46,0.00086,4628425,86.84159,5329733
5710,tangwz,46,0.00086,4628471,86.84246,5329733
5711,tomoe,46,0.00086,4628517,86.84332,5329733
5712,VioletRainbows,46,0.00086,4628563,86.84418,5329733
5713,vmg,46,0.00086,4628609,86.84504,5329733
5714,vonsago,46,0.00086,4628655,86.84591,5329733
5715,vyta,46,0.00086,4628701,86.84677,5329733
5716,WandyLau,46,0.00086,4628747,86.84763,5329733
5717,woohhan,46,0.00086,4628793,86.84850,5329733
5718,xocasdashdash,46,0.00086,4628839,86.84936,5329733
5719,YakirShriker,46,0.00086,4628885,86.85022,5329733
5720,yiannistri,46,0.00086,4628931,86.85109,5329733
5721,yikeke,46,0.00086,4628977,86.85195,5329733
5722,yogeek,46,0.00086,4629023,86.85281,5329733
5723,0x4b,45,0.00084,4629068,86.85366,5329733
5724,afsilvasantos,45,0.00084,4629113,86.85450,5329733
5725,agaoglu,45,0.00084,4629158,86.85535,5329733
5726,alevitter,45,0.00084,4629203,86.85619,5329733
5727,andrewjjenkins,45,0.00084,4629248,86.85703,5329733
5728,anirudhmurali,45,0.00084,4629293,86.85788,5329733
5729,antonosmond,45,0.00084,4629338,86.85872,5329733
5730,antoooks,45,0.00084,4629383,86.85957,5329733
5731,ashrayjain,45,0.00084,4629428,86.86041,5329733
5732,belyalov,45,0.00084,4629473,86.86126,5329733
5733,bootc,45,0.00084,4629518,86.86210,5329733
5734,bowen5,45,0.00084,4629563,86.86294,5329733
5735,bwaz,45,0.00084,4629608,86.86379,5329733
5736,bz2,45,0.00084,4629653,86.86463,5329733
5737,ceeaspb,45,0.00084,4629698,86.86548,5329733
5738,cepages,45,0.00084,4629743,86.86632,5329733
5739,chrisglass,45,0.00084,4629788,86.86717,5329733
5740,cronik,45,0.00084,4629833,86.86801,5329733
5741,dani8art,45,0.00084,4629878,86.86885,5329733
5742,dannysauer,45,0.00084,4629923,86.86970,5329733
5743,davidmichaelkarr,45,0.00084,4629968,86.87054,5329733
5744,decayofmind,45,0.00084,4630013,86.87139,5329733
5745,dklyle,45,0.00084,4630058,86.87223,5329733
5746,dleske,45,0.00084,4630103,86.87308,5329733
5747,edvald,45,0.00084,4630148,86.87392,5329733
5748,egrimley-arm,45,0.00084,4630193,86.87476,5329733
5749,endrec,45,0.00084,4630238,86.87561,5329733
5750,erstaples,45,0.00084,4630283,86.87645,5329733
5751,ewr,45,0.00084,4630328,86.87730,5329733
5752,flybd5,45,0.00084,4630373,86.87814,5329733
5753,geoand,45,0.00084,4630418,86.87899,5329733
5754,guanglinlv,45,0.00084,4630463,86.87983,5329733
5755,hightoxicity,45,0.00084,4630508,86.88067,5329733
5756,hsyed,45,0.00084,4630553,86.88152,5329733
5757,JazminGonzalez-Rivero,45,0.00084,4630598,86.88236,5329733
5758,jjasghar,45,0.00084,4630643,86.88321,5329733
5759,jmagnusson,45,0.00084,4630688,86.88405,5329733
5760,jodh-intel,45,0.00084,4630733,86.88490,5329733
5761,john-a-joyce,45,0.00084,4630778,86.88574,5329733
5762,johnwilkes,45,0.00084,4630823,86.88659,5329733
5763,jrperritt,45,0.00084,4630868,86.88743,5329733
5764,jsok,45,0.00084,4630913,86.88827,5329733
5765,jxuan,45,0.00084,4630958,86.88912,5329733
5766,katheris,45,0.00084,4631003,86.88996,5329733
5767,kozmagabor,45,0.00084,4631048,86.89081,5329733
5768,leyao-daily,45,0.00084,4631093,86.89165,5329733
5769,lvjiangzhao,45,0.00084,4631138,86.89250,5329733
5770,merqurio,45,0.00084,4631183,86.89334,5329733
5771,mritd,45,0.00084,4631228,86.89418,5329733
5772,MrMEEE,45,0.00084,4631273,86.89503,5329733
5773,MrTrustor,45,0.00084,4631318,86.89587,5329733
5774,naisanza,45,0.00084,4631363,86.89672,5329733
5775,nghialv,45,0.00084,4631408,86.89756,5329733
5776,nlopezgi,45,0.00084,4631453,86.89841,5329733
5777,oliverisaac,45,0.00084,4631498,86.89925,5329733
5778,paolomainardi,45,0.00084,4631543,86.90009,5329733
5779,PatrickHeneise,45,0.00084,4631588,86.90094,5329733
5780,PeterZaitsev,45,0.00084,4631633,86.90178,5329733
5781,polvi,45,0.00084,4631678,86.90263,5329733
5782,pre,45,0.00084,4631723,86.90347,5329733
5783,pritianka,45,0.00084,4631768,86.90432,5329733
5784,quinox,45,0.00084,4631813,86.90516,5329733
5785,razic,45,0.00084,4631858,86.90600,5329733
5786,richardalberto,45,0.00084,4631903,86.90685,5329733
5787,ShaileshSurya,45,0.00084,4631948,86.90769,5329733
5788,sidrakesh93,45,0.00084,4631993,86.90854,5329733
5789,sorenmat,45,0.00084,4632038,86.90938,5329733
5790,tabbysable,45,0.00084,4632083,86.91023,5329733
5791,tarcinil,45,0.00084,4632128,86.91107,5329733
5792,tylerje,45,0.00084,4632173,86.91191,5329733
5793,vparames86,45,0.00084,4632218,86.91276,5329733
5794,YiannisGkoufas,45,0.00084,4632263,86.91360,5329733
5795,zembutsu,45,0.00084,4632308,86.91445,5329733
5796,zen,45,0.00084,4632353,86.91529,5329733
5797,zufardhiyaulhaq,45,0.00084,4632398,86.91614,5329733
5798,aakarshg,44,0.00083,4632442,86.91696,5329733
5799,ahsandar,44,0.00083,4632486,86.91779,5329733
5800,alexeyzimarev,44,0.00083,4632530,86.91861,5329733
5801,amdonov,44,0.00083,4632574,86.91944,5329733
5802,amitkris,44,0.00083,4632618,86.92026,5329733
5803,AndreaGiardini,44,0.00083,4632662,86.92109,5329733
5804,AnishShah,44,0.00083,4632706,86.92192,5329733
5805,arno01,44,0.00083,4632750,86.92274,5329733
5806,bcrochet,44,0.00083,4632794,86.92357,5329733
5807,bengland2,44,0.00083,4632838,86.92439,5329733
5808,bfallik,44,0.00083,4632882,86.92522,5329733
5809,bluebreezecf,44,0.00083,4632926,86.92604,5329733
5810,borgerli,44,0.00083,4632970,86.92687,5329733
5811,bramp,44,0.00083,4633014,86.92769,5329733
5812,cesaralbloz,44,0.00083,4633058,86.92852,5329733
5813,charlievieth,44,0.00083,4633102,86.92935,5329733
5814,ChrsMark,44,0.00083,4633146,86.93017,5329733
5815,cliedeman,44,0.00083,4633190,86.93100,5329733
5816,davkal,44,0.00083,4633234,86.93182,5329733
5817,dberuben,44,0.00083,4633278,86.93265,5329733
5818,dcarney,44,0.00083,4633322,86.93347,5329733
5819,eduardobaitello,44,0.00083,4633366,86.93430,5329733
5820,elyscape,44,0.00083,4633410,86.93512,5329733
5821,emaincourt,44,0.00083,4633454,86.93595,5329733
5822,ericuldall,44,0.00083,4633498,86.93678,5329733
5823,ethercflow,44,0.00083,4633542,86.93760,5329733
5824,GMartinez-Sisti,44,0.00083,4633586,86.93843,5329733
5825,halter73,44,0.00083,4633630,86.93925,5329733
5826,harsh-98,44,0.00083,4633674,86.94008,5329733
5827,henrynash,44,0.00083,4633718,86.94090,5329733
5828,hklai,44,0.00083,4633762,86.94173,5329733
5829,jasonrichardsmith,44,0.00083,4633806,86.94255,5329733
5830,jcalvert,44,0.00083,4633850,86.94338,5329733
5831,jfchevrette,44,0.00083,4633894,86.94421,5329733
5832,johnraz,44,0.00083,4633938,86.94503,5329733
5833,jolestar,44,0.00083,4633982,86.94586,5329733
5834,justechn,44,0.00083,4634026,86.94668,5329733
5835,kmadnani,44,0.00083,4634070,86.94751,5329733
5836,lamxTyler,44,0.00083,4634114,86.94833,5329733
5837,lostick,44,0.00083,4634158,86.94916,5329733
5838,luca3m,44,0.00083,4634202,86.94998,5329733
5839,lujinda,44,0.00083,4634246,86.95081,5329733
5840,martinmosegaard,44,0.00083,4634290,86.95164,5329733
5841,mattayes,44,0.00083,4634334,86.95246,5329733
5842,mattpag,44,0.00083,4634378,86.95329,5329733
5843,mausch,44,0.00083,4634422,86.95411,5329733
5844,mccare,44,0.00083,4634466,86.95494,5329733
5845,micheleorsi,44,0.00083,4634510,86.95576,5329733
5846,moxious,44,0.00083,4634554,86.95659,5329733
5847,mrballcb,44,0.00083,4634598,86.95741,5329733
5848,mxiamxia,44,0.00083,4634642,86.95824,5329733
5849,natalysheinin,44,0.00083,4634686,86.95907,5329733
5850,nehaberry,44,0.00083,4634730,86.95989,5329733
5851,oba11,44,0.00083,4634774,86.96072,5329733
5852,oddlittlebird,44,0.00083,4634818,86.96154,5329733
5853,oded-dd,44,0.00083,4634862,86.96237,5329733
5854,ozevren,44,0.00083,4634906,86.96319,5329733
5855,pablokbs,44,0.00083,4634950,86.96402,5329733
5856,pentago,44,0.00083,4634994,86.96484,5329733
5857,pjfanning,44,0.00083,4635038,86.96567,5329733
5858,r4f4,44,0.00083,4635082,86.96650,5329733
5859,rcernich,44,0.00083,4635126,86.96732,5329733
5860,richardstartin,44,0.00083,4635170,86.96815,5329733
5861,seriousben,44,0.00083,4635214,86.96897,5329733
5862,sh0rez,44,0.00083,4635258,86.96980,5329733
5863,shyaamsn,44,0.00083,4635302,86.97062,5329733
5864,sraillard,44,0.00083,4635346,86.97145,5329733
5865,starpit,44,0.00083,4635390,86.97227,5329733
5866,sta-szek,44,0.00083,4635434,86.97310,5329733
5867,stevenpall,44,0.00083,4635478,86.97393,5329733
5868,sudhi-vm,44,0.00083,4635522,86.97475,5329733
5869,taherv,44,0.00083,4635566,86.97558,5329733
5870,tcf909,44,0.00083,4635610,86.97640,5329733
5871,TGPSKI,44,0.00083,4635654,86.97723,5329733
5872,timurista,44,0.00083,4635698,86.97805,5329733
5873,volume-ji,44,0.00083,4635742,86.97888,5329733
5874,wicharypawel,44,0.00083,4635786,86.97970,5329733
5875,xq2248,44,0.00083,4635830,86.98053,5329733
5876,Yikun,44,0.00083,4635874,86.98136,5329733
5877,zerthimon,44,0.00083,4635918,86.98218,5329733
5878,absolute8511,43,0.00081,4635961,86.98299,5329733
5879,aditya-konarde,43,0.00081,4636004,86.98379,5329733
5880,aelbarkani,43,0.00081,4636047,86.98460,5329733
5881,alebabai,43,0.00081,4636090,86.98541,5329733
5882,alkalinecoffee,43,0.00081,4636133,86.98621,5329733
5883,anthonyho007,43,0.00081,4636176,86.98702,5329733
5884,arunkjn,43,0.00081,4636219,86.98783,5329733
5885,Avatat,43,0.00081,4636262,86.98864,5329733
5886,AVRahul,43,0.00081,4636305,86.98944,5329733
5887,baer,43,0.00081,4636348,86.99025,5329733
5888,chaspy,43,0.00081,4636391,86.99106,5329733
5889,chengyli,43,0.00081,4636434,86.99186,5329733
5890,chrisdunelm,43,0.00081,4636477,86.99267,5329733
5891,circa10a,43,0.00081,4636520,86.99348,5329733
5892,claytononeill,43,0.00081,4636563,86.99428,5329733
5893,connor4312,43,0.00081,4636606,86.99509,5329733
5894,Deepthidharwar,43,0.00081,4636649,86.99590,5329733
5895,devstein,43,0.00081,4636692,86.99670,5329733
5896,drywheat,43,0.00081,4636735,86.99751,5329733
5897,eghobo,43,0.00081,4636778,86.99832,5329733
5898,eiais,43,0.00081,4636821,86.99912,5329733
5899,elafarge,43,0.00081,4636864,86.99993,5329733
5900,embik,43,0.00081,4636907,87.00074,5329733
5901,erimatnor,43,0.00081,4636950,87.00154,5329733
5902,eugen-nw,43,0.00081,4636993,87.00235,5329733
5903,FaKod,43,0.00081,4637036,87.00316,5329733
5904,fredleger,43,0.00081,4637079,87.00396,5329733
5905,Galexrt,43,0.00081,4637122,87.00477,5329733
5906,garo,43,0.00081,4637165,87.00558,5329733
5907,greut,43,0.00081,4637208,87.00638,5329733
5908,groakley,43,0.00081,4637251,87.00719,5329733
5909,hansbogert,43,0.00081,4637294,87.00800,5329733
5910,hasso,43,0.00081,4637337,87.00881,5329733
5911,hustcat,43,0.00081,4637380,87.00961,5329733
5912,huynhmb359,43,0.00081,4637423,87.01042,5329733
5913,immuzz,43,0.00081,4637466,87.01123,5329733
5914,iverberk,43,0.00081,4637509,87.01203,5329733
5915,jgleonard,43,0.00081,4637552,87.01284,5329733
5916,jmastr,43,0.00081,4637595,87.01365,5329733
5917,jmertic,43,0.00081,4637638,87.01445,5329733
5918,jnaulty,43,0.00081,4637681,87.01526,5329733
5919,joao-luna-98,43,0.00081,4637724,87.01607,5329733
5920,JohnStrunk,43,0.00081,4637767,87.01687,5329733
5921,JoshVanL,43,0.00081,4637810,87.01768,5329733
5922,k,43,0.00081,4637853,87.01849,5329733
5923,kaivalya97,43,0.00081,4637896,87.01929,5329733
5924,keith4743,43,0.00081,4637939,87.02010,5329733
5925,kenmaglio,43,0.00081,4637982,87.02091,5329733
5926,kesor,43,0.00081,4638025,87.02171,5329733
5927,kmanghat,43,0.00081,4638068,87.02252,5329733
5928,lafh,43,0.00081,4638111,87.02333,5329733
5929,laghoule,43,0.00081,4638154,87.02413,5329733
5930,ledroide,43,0.00081,4638197,87.02494,5329733
5931,louiznk,43,0.00081,4638240,87.02575,5329733
5932,luisyonaldo,43,0.00081,4638283,87.02655,5329733
5933,marload,43,0.00081,4638326,87.02736,5329733
5934,matthild,43,0.00081,4638369,87.02817,5329733
5935,mdianjun,43,0.00081,4638412,87.02897,5329733
5936,MichaelJCole,43,0.00081,4638455,87.02978,5329733
5937,michael-px,43,0.00081,4638498,87.03059,5329733
5938,miramar-labs,43,0.00081,4638541,87.03140,5329733
5939,mjlshen,43,0.00081,4638584,87.03220,5329733
5940,monadic,43,0.00081,4638627,87.03301,5329733
5941,nelvadas,43,0.00081,4638670,87.03382,5329733
5942,nielsole,43,0.00081,4638713,87.03462,5329733
5943,nipuntalukdar,43,0.00081,4638756,87.03543,5329733
5944,nirnanaaa,43,0.00081,4638799,87.03624,5329733
5945,nmaupu,43,0.00081,4638842,87.03704,5329733
5946,pbitty,43,0.00081,4638885,87.03785,5329733
5947,pH14,43,0.00081,4638928,87.03866,5329733
5948,prashima,43,0.00081,4638971,87.03946,5329733
5949,prydie,43,0.00081,4639014,87.04027,5329733
5950,ptux,43,0.00081,4639057,87.04108,5329733
5951,raboof,43,0.00081,4639100,87.04188,5329733
5952,rafaeljesus,43,0.00081,4639143,87.04269,5329733
5953,rochaporto,43,0.00081,4639186,87.04350,5329733
5954,runningwild,43,0.00081,4639229,87.04430,5329733
5955,simt2,43,0.00081,4639272,87.04511,5329733
5956,sputnik13,43,0.00081,4639315,87.04592,5329733
5957,SurferJeffAtGoogle,43,0.00081,4639358,87.04672,5329733
5958,SychevIgor,43,0.00081,4639401,87.04753,5329733
5959,tgriesser,43,0.00081,4639444,87.04834,5329733
5960,tony612,43,0.00081,4639487,87.04914,5329733
5961,tsenart,43,0.00081,4639530,87.04995,5329733
5962,tssavita,43,0.00081,4639573,87.05076,5329733
5963,tweks,43,0.00081,4639616,87.05157,5329733
5964,vjsamuel,43,0.00081,4639659,87.05237,5329733
5965,vsamidurai,43,0.00081,4639702,87.05318,5329733
5966,whiskeysierra,43,0.00081,4639745,87.05399,5329733
5967,wxb0521,43,0.00081,4639788,87.05479,5329733
5968,xiaoluhong,43,0.00081,4639831,87.05560,5329733
5969,zendern,43,0.00081,4639874,87.05641,5329733
5970,absoludity,42,0.00079,4639916,87.05719,5329733
5971,adityacs,42,0.00079,4639958,87.05798,5329733
5972,agilgur5,42,0.00079,4640000,87.05877,5329733
5973,alkar,42,0.00079,4640042,87.05956,5329733
5974,alvinlin123,42,0.00079,4640084,87.06035,5329733
5975,anjmao,42,0.00079,4640126,87.06113,5329733
5976,anshulvermapatel,42,0.00079,4640168,87.06192,5329733
5977,beberlei,42,0.00079,4640210,87.06271,5329733
5978,bhcleek,42,0.00079,4640252,87.06350,5329733
5979,brightzheng100,42,0.00079,4640294,87.06429,5329733
5980,c4milo,42,0.00079,4640336,87.06507,5329733
5981,canhnt,42,0.00079,4640378,87.06586,5329733
5982,cedricve,42,0.00079,4640420,87.06665,5329733
5983,chhetripradeep,42,0.00079,4640462,87.06744,5329733
5984,Chili-Man,42,0.00079,4640504,87.06823,5329733
5985,chrismoos,42,0.00079,4640546,87.06901,5329733
5986,code-sleuth,42,0.00079,4640588,87.06980,5329733
5987,dansimone,42,0.00079,4640630,87.07059,5329733
5988,dereulenspiegel,42,0.00079,4640672,87.07138,5329733
5989,DevasiaThomas,42,0.00079,4640714,87.07217,5329733
5990,dnascimento,42,0.00079,4640756,87.07295,5329733
5991,dpetersen,42,0.00079,4640798,87.07374,5329733
5992,eastlondoner,42,0.00079,4640840,87.07453,5329733
5993,erihanse,42,0.00079,4640882,87.07532,5329733
5994,EronWright,42,0.00079,4640924,87.07611,5329733
5995,etsangsplk,42,0.00079,4640966,87.07689,5329733
5996,evanj,42,0.00079,4641008,87.07768,5329733
5997,florianeichin,42,0.00079,4641050,87.07847,5329733
5998,FxKu,42,0.00079,4641092,87.07926,5329733
5999,gaahrdner,42,0.00079,4641134,87.08005,5329733
6000,gorda,42,0.00079,4641176,87.08084,5329733
6001,gtseres,42,0.00079,4641218,87.08162,5329733
6002,heidecke,42,0.00079,4641260,87.08241,5329733
6003,huxiaoliang,42,0.00079,4641302,87.08320,5329733
6004,iamAzeem,42,0.00079,4641344,87.08399,5329733
6005,iameli,42,0.00079,4641386,87.08478,5329733
6006,iantalarico,42,0.00079,4641428,87.08556,5329733
6007,Invictus17,42,0.00079,4641470,87.08635,5329733
6008,jcrowthe,42,0.00079,4641512,87.08714,5329733
6009,jgsqware,42,0.00079,4641554,87.08793,5329733
6010,jstangroome,42,0.00079,4641596,87.08872,5329733
6011,justinwalz,42,0.00079,4641638,87.08950,5329733
6012,kaplanelad,42,0.00079,4641680,87.09029,5329733
6013,komish,42,0.00079,4641722,87.09108,5329733
6014,lanej,42,0.00079,4641764,87.09187,5329733
6015,llamerada-jp,42,0.00079,4641806,87.09266,5329733
6016,luluzhao,42,0.00079,4641848,87.09344,5329733
6017,maklemenz,42,0.00079,4641890,87.09423,5329733
6018,marcosnils,42,0.00079,4641932,87.09502,5329733
6019,markatou,42,0.00079,4641974,87.09581,5329733
6020,mashayev,42,0.00079,4642016,87.09660,5329733
6021,matejhasul,42,0.00079,4642058,87.09738,5329733
6022,MatMaul,42,0.00079,4642100,87.09817,5329733
6023,MikeJeffrey,42,0.00079,4642142,87.09896,5329733
6024,mogren,42,0.00079,4642184,87.09975,5329733
6025,nicholascapo,42,0.00079,4642226,87.10054,5329733
6026,nixgadget,42,0.00079,4642268,87.10132,5329733
6027,ocofaigh,42,0.00079,4642310,87.10211,5329733
6028,ohsewon,42,0.00079,4642352,87.10290,5329733
6029,paguos,42,0.00079,4642394,87.10369,5329733
6030,paralika,42,0.00079,4642436,87.10448,5329733
6031,petervo,42,0.00079,4642478,87.10526,5329733
6032,pharaujo,42,0.00079,4642520,87.10605,5329733
6033,pingles,42,0.00079,4642562,87.10684,5329733
6034,planetf1,42,0.00079,4642604,87.10763,5329733
6035,RamanPndy,42,0.00079,4642646,87.10842,5329733
6036,richardkiene,42,0.00079,4642688,87.10920,5329733
6037,ricoberger,42,0.00079,4642730,87.10999,5329733
6038,RyanMcG,42,0.00079,4642772,87.11078,5329733
6039,rzr,42,0.00079,4642814,87.11157,5329733
6040,sandeeppsunny,42,0.00079,4642856,87.11236,5329733
6041,schancel,42,0.00079,4642898,87.11314,5329733
6042,sgammon,42,0.00079,4642940,87.11393,5329733
6043,sjbrunst,42,0.00079,4642982,87.11472,5329733
6044,smalldirector,42,0.00079,4643024,87.11551,5329733
6045,somcsel,42,0.00079,4643066,87.11630,5329733
6046,sstabellini,42,0.00079,4643108,87.11708,5329733
6047,stefano-pogliani,42,0.00079,4643150,87.11787,5329733
6048,styk-tv,42,0.00079,4643192,87.11866,5329733
6049,thcdrt,42,0.00079,4643234,87.11945,5329733
6050,timbunce,42,0.00079,4643276,87.12024,5329733
6051,TomasTomecek,42,0.00079,4643318,87.12102,5329733
6052,tomsanbear,42,0.00079,4643360,87.12181,5329733
6053,vasrem,42,0.00079,4643402,87.12260,5329733
6054,vongohren,42,0.00079,4643444,87.12339,5329733
6055,vponomaryov,42,0.00079,4643486,87.12418,5329733
6056,walkafwalka,42,0.00079,4643528,87.12496,5329733
6057,wangycc,42,0.00079,4643570,87.12575,5329733
6058,wasylkowski-a,42,0.00079,4643612,87.12654,5329733
6059,wding109,42,0.00079,4643654,87.12733,5329733
6060,willstudy,42,0.00079,4643696,87.12812,5329733
6061,wingyplus,42,0.00079,4643738,87.12890,5329733
6062,xmulligan,42,0.00079,4643780,87.12969,5329733
6063,yahavb,42,0.00079,4643822,87.13048,5329733
6064,yangzhouhan,42,0.00079,4643864,87.13127,5329733
6065,zacblazic,42,0.00079,4643906,87.13206,5329733
6066,zieg8301,42,0.00079,4643948,87.13285,5329733
6067,27Bslash6,41,0.00077,4643989,87.13361,5329733
6068,aga20,41,0.00077,4644030,87.13438,5329733
6069,ahmed-mez,41,0.00077,4644071,87.13515,5329733
6070,akvanhar,41,0.00077,4644112,87.13592,5329733
6071,andersjanmyr,41,0.00077,4644153,87.13669,5329733
6072,andylibrian,41,0.00077,4644194,87.13746,5329733
6073,anton-johansson,41,0.00077,4644235,87.13823,5329733
6074,atef23,41,0.00077,4644276,87.13900,5329733
6075,boynux,41,0.00077,4644317,87.13977,5329733
6076,cadeniyi,41,0.00077,4644358,87.14054,5329733
6077,catchups,41,0.00077,4644399,87.14131,5329733
6078,ChenLingPeng,41,0.00077,4644440,87.14208,5329733
6079,chyeh,41,0.00077,4644481,87.14285,5329733
6080,cormachogan,41,0.00077,4644522,87.14361,5329733
6081,coryrc,41,0.00077,4644563,87.14438,5329733
6082,cponomaryov,41,0.00077,4644604,87.14515,5329733
6083,ddongchen,41,0.00077,4644645,87.14592,5329733
6084,dduportal,41,0.00077,4644686,87.14669,5329733
6085,divyenduz,41,0.00077,4644727,87.14746,5329733
6086,Docteur-RS,41,0.00077,4644768,87.14823,5329733
6087,dpratt,41,0.00077,4644809,87.14900,5329733
6088,dylanahsmith,41,0.00077,4644850,87.14977,5329733
6089,edwinpjacques,41,0.00077,4644891,87.15054,5329733
6090,endzyme,41,0.00077,4644932,87.15131,5329733
6091,eosrei,41,0.00077,4644973,87.15208,5329733
6092,ErikWittern,41,0.00077,4645014,87.15285,5329733
6093,ernoaapa,41,0.00077,4645055,87.15362,5329733
6094,ezraroi,41,0.00077,4645096,87.15438,5329733
6095,feelobot,41,0.00077,4645137,87.15515,5329733
6096,Foxboron,41,0.00077,4645178,87.15592,5329733
6097,freeformzSFDC,41,0.00077,4645219,87.15669,5329733
6098,gbaufake,41,0.00077,4645260,87.15746,5329733
6099,goddenrich,41,0.00077,4645301,87.15823,5329733
6100,halkeye,41,0.00077,4645342,87.15900,5329733
6101,hanjiayao,41,0.00077,4645383,87.15977,5329733
6102,harishspqr,41,0.00077,4645424,87.16054,5329733
6103,harshshekhar15,41,0.00077,4645465,87.16131,5329733
6104,headcr4sh,41,0.00077,4645506,87.16208,5329733
6105,irlevesque,41,0.00077,4645547,87.16285,5329733
6106,jcrossley3,41,0.00077,4645588,87.16362,5329733
6107,jforman,41,0.00077,4645629,87.16439,5329733
6108,jmcfarlane,41,0.00077,4645670,87.16515,5329733
6109,jomeier,41,0.00077,4645711,87.16592,5329733
6110,jonjohnsonjr,41,0.00077,4645752,87.16669,5329733
6111,joscollin,41,0.00077,4645793,87.16746,5329733
6112,jvaidya,41,0.00077,4645834,87.16823,5329733
6113,KeisukeYamashita,41,0.00077,4645875,87.16900,5329733
6114,khyew,41,0.00077,4645916,87.16977,5329733
6115,koep,41,0.00077,4645957,87.17054,5329733
6116,krzykwas,41,0.00077,4645998,87.17131,5329733
6117,kshlm,41,0.00077,4646039,87.17208,5329733
6118,kujenga,41,0.00077,4646080,87.17285,5329733
6119,kylos101,41,0.00077,4646121,87.17362,5329733
6120,Kyrremann,41,0.00077,4646162,87.17439,5329733
6121,lkpdn,41,0.00077,4646203,87.17515,5329733
6122,locmai,41,0.00077,4646244,87.17592,5329733
6123,ltupin,41,0.00077,4646285,87.17669,5329733
6124,Markbnj,41,0.00077,4646326,87.17746,5329733
6125,matlockx,41,0.00077,4646367,87.17823,5329733
6126,Maxpain177,41,0.00077,4646408,87.17900,5329733
6127,merlintang,41,0.00077,4646449,87.17977,5329733
6128,michaelstaib,41,0.00077,4646490,87.18054,5329733
6129,mnussbaum,41,0.00077,4646531,87.18131,5329733
6130,MSSedusch,41,0.00077,4646572,87.18208,5329733
6131,nenad,41,0.00077,4646613,87.18285,5329733
6132,nicknovitski,41,0.00077,4646654,87.18362,5329733
6133,Noah-Huppert,41,0.00077,4646695,87.18439,5329733
6134,ohmystack,41,0.00077,4646736,87.18516,5329733
6135,patrocinio,41,0.00077,4646777,87.18592,5329733
6136,PaulCharlton,41,0.00077,4646818,87.18669,5329733
6137,PaulMichaelArmstrong,41,0.00077,4646859,87.18746,5329733
6138,Paxa,41,0.00077,4646900,87.18823,5329733
6139,peterhuene,41,0.00077,4646941,87.18900,5329733
6140,phspagiari,41,0.00077,4646982,87.18977,5329733
6141,pipo02mix,41,0.00077,4647023,87.19054,5329733
6142,pkieltyka,41,0.00077,4647064,87.19131,5329733
6143,rachelmyers,41,0.00077,4647105,87.19208,5329733
6144,rjaini,41,0.00077,4647146,87.19285,5329733
6145,rlguarino,41,0.00077,4647187,87.19362,5329733
6146,rmacian,41,0.00077,4647228,87.19439,5329733
6147,RohanBhirangi,41,0.00077,4647269,87.19516,5329733
6148,rverma-jm,41,0.00077,4647310,87.19593,5329733
6149,scothis,41,0.00077,4647351,87.19669,5329733
6150,sfudeus,41,0.00077,4647392,87.19746,5329733
6151,sharon-vendrov,41,0.00077,4647433,87.19823,5329733
6152,srinivashegde86,41,0.00077,4647474,87.19900,5329733
6153,sterchelen,41,0.00077,4647515,87.19977,5329733
6154,stibi,41,0.00077,4647556,87.20054,5329733
6155,TAOXUY,41,0.00077,4647597,87.20131,5329733
6156,tequilarista,41,0.00077,4647638,87.20208,5329733
6157,tetianakravchenko,41,0.00077,4647679,87.20285,5329733
6158,theonlydoo,41,0.00077,4647720,87.20362,5329733
6159,tommyulfsparre,41,0.00077,4647761,87.20439,5329733
6160,Uvedale,41,0.00077,4647802,87.20516,5329733
6161,valeriano-manassero,41,0.00077,4647843,87.20593,5329733
6162,veqryn,41,0.00077,4647884,87.20669,5329733
6163,vrnmthr,41,0.00077,4647925,87.20746,5329733
6164,Weichen81,41,0.00077,4647966,87.20823,5329733
6165,WillPlatnick,41,0.00077,4648007,87.20900,5329733
6166,wjiangjay,41,0.00077,4648048,87.20977,5329733
6167,xzy256,41,0.00077,4648089,87.21054,5329733
6168,yob,41,0.00077,4648130,87.21131,5329733
6169,yuyangbj,41,0.00077,4648171,87.21208,5329733
6170,zackwine,41,0.00077,4648212,87.21285,5329733
6171,zhaoxpZTE,41,0.00077,4648253,87.21362,5329733
6172,aburdenthehand,40,0.00075,4648293,87.21437,5329733
6173,adrienjt,40,0.00075,4648333,87.21512,5329733
6174,akoserwal,40,0.00075,4648373,87.21587,5329733
6175,annp1987,40,0.00075,4648413,87.21662,5329733
6176,antoinedeschenes,40,0.00075,4648453,87.21737,5329733
6177,ArchangelSDY,40,0.00075,4648493,87.21812,5329733
6178,askhalil,40,0.00075,4648533,87.21887,5329733
6179,asottile,40,0.00075,4648573,87.21962,5329733
6180,brianshannan,40,0.00075,4648613,87.22037,5329733
6181,calvix,40,0.00075,4648653,87.22112,5329733
6182,cjyar,40,0.00075,4648693,87.22187,5329733
6183,conwaychriscosmo,40,0.00075,4648733,87.22262,5329733
6184,CristianHenzel,40,0.00075,4648773,87.22337,5329733
6185,cstockton,40,0.00075,4648813,87.22413,5329733
6186,CunjunWang,40,0.00075,4648853,87.22488,5329733
6187,danbeaulieu,40,0.00075,4648893,87.22563,5329733
6188,DaveAurionix,40,0.00075,4648933,87.22638,5329733
6189,denniswebb,40,0.00075,4648973,87.22713,5329733
6190,devlounge,40,0.00075,4649013,87.22788,5329733
6191,dgzlopes,40,0.00075,4649053,87.22863,5329733
6192,dinukadesilva,40,0.00075,4649093,87.22938,5329733
6193,djosborne,40,0.00075,4649133,87.23013,5329733
6194,dminkovsky,40,0.00075,4649173,87.23088,5329733
6195,dongqi1990,40,0.00075,4649213,87.23163,5329733
6196,eapache,40,0.00075,4649253,87.23238,5329733
6197,ElfoLiNk,40,0.00075,4649293,87.23313,5329733
6198,enozcan,40,0.00075,4649333,87.23388,5329733
6199,eranreshef,40,0.00075,4649373,87.23463,5329733
6200,fabio-rigato,40,0.00075,4649413,87.23538,5329733
6201,fllaca,40,0.00075,4649453,87.23613,5329733
6202,fooka03,40,0.00075,4649493,87.23688,5329733
6203,fstab,40,0.00075,4649533,87.23763,5329733
6204,galindro,40,0.00075,4649573,87.23839,5329733
6205,ghatwala,40,0.00075,4649613,87.23914,5329733
6206,gitlawr,40,0.00075,4649653,87.23989,5329733
6207,glensc,40,0.00075,4649693,87.24064,5329733
6208,grugnog,40,0.00075,4649733,87.24139,5329733
6209,hacktastic,40,0.00075,4649773,87.24214,5329733
6210,hannesm,40,0.00075,4649813,87.24289,5329733
6211,HarryStericker,40,0.00075,4649853,87.24364,5329733
6212,hsluoyz,40,0.00075,4649893,87.24439,5329733
6213,HusterWan,40,0.00075,4649933,87.24514,5329733
6214,idcrook,40,0.00075,4649973,87.24589,5329733
6215,ilovesoup,40,0.00075,4650013,87.24664,5329733
6216,irfansharif,40,0.00075,4650053,87.24739,5329733
6217,jahentao,40,0.00075,4650093,87.24814,5329733
6218,jamesgeorge007,40,0.00075,4650133,87.24889,5329733
6219,jan--f,40,0.00075,4650173,87.24964,5329733
6220,jian-he,40,0.00075,4650213,87.25039,5329733
6221,joeldavis84,40,0.00075,4650253,87.25114,5329733
6222,Jokero,40,0.00075,4650293,87.25189,5329733
6223,k2huang,40,0.00075,4650333,87.25264,5329733
6224,Kaffa-MY,40,0.00075,4650373,87.25340,5329733
6225,KatrinaHoffert,40,0.00075,4650413,87.25415,5329733
6226,katzchang,40,0.00075,4650453,87.25490,5329733
6227,klatys,40,0.00075,4650493,87.25565,5329733
6228,lachlancooper,40,0.00075,4650533,87.25640,5329733
6229,lazyniv,40,0.00075,4650573,87.25715,5329733
6230,lead4good,40,0.00075,4650613,87.25790,5329733
6231,leominov,40,0.00075,4650653,87.25865,5329733
6232,leoxlin,40,0.00075,4650693,87.25940,5329733
6233,matthaias,40,0.00075,4650733,87.26015,5329733
6234,mayankkapoor,40,0.00075,4650773,87.26090,5329733
6235,mcfedr,40,0.00075,4650813,87.26165,5329733
6236,mem,40,0.00075,4650853,87.26240,5329733
6237,mholt,40,0.00075,4650893,87.26315,5329733
6238,michaelorr,40,0.00075,4650933,87.26390,5329733
6239,moriyoshi,40,0.00075,4650973,87.26465,5329733
6240,Nayana-ibm,40,0.00075,4651013,87.26540,5329733
6241,ofpiyush,40,0.00075,4651053,87.26615,5329733
6242,oscarlofwenhamn,40,0.00075,4651093,87.26690,5329733
6243,pdettori,40,0.00075,4651133,87.26765,5329733
6244,pgnaleen,40,0.00075,4651173,87.26841,5329733
6245,powerman,40,0.00075,4651213,87.26916,5329733
6246,Prabhakar-17,40,0.00075,4651253,87.26991,5329733
6247,rdsubhas,40,0.00075,4651293,87.27066,5329733
6248,reachlin,40,0.00075,4651333,87.27141,5329733
6249,richerlariviere,40,0.00075,4651373,87.27216,5329733
6250,SamWhited,40,0.00075,4651413,87.27291,5329733
6251,Shrugs,40,0.00075,4651453,87.27366,5329733
6252,shsjshentao,40,0.00075,4651493,87.27441,5329733
6253,skonto,40,0.00075,4651533,87.27516,5329733
6254,slok,40,0.00075,4651573,87.27591,5329733
6255,stevenjm,40,0.00075,4651613,87.27666,5329733
6256,stgleb,40,0.00075,4651653,87.27741,5329733
6257,tklovett,40,0.00075,4651693,87.27816,5329733
6258,tleyden,40,0.00075,4651733,87.27891,5329733
6259,tomcruise81,40,0.00075,4651773,87.27966,5329733
6260,Tom-Fawcett,40,0.00075,4651813,87.28041,5329733
6261,tonycgil,40,0.00075,4651853,87.28116,5329733
6262,ttauveron,40,0.00075,4651893,87.28191,5329733
6263,tv42,40,0.00075,4651933,87.28267,5329733
6264,valichek,40,0.00075,4651973,87.28342,5329733
6265,valyala,40,0.00075,4652013,87.28417,5329733
6266,viveksinghggits,40,0.00075,4652053,87.28492,5329733
6267,w0mbat,40,0.00075,4652093,87.28567,5329733
6268,war-turtle,40,0.00075,4652133,87.28642,5329733
6269,zehicle,40,0.00075,4652173,87.28717,5329733
6270,zestyroxy,40,0.00075,4652213,87.28792,5329733
6271,zzq889,40,0.00075,4652253,87.28867,5329733
6272,achilles42,39,0.00073,4652292,87.28940,5329733
6273,aclowkey,39,0.00073,4652331,87.29013,5329733
6274,afalko,39,0.00073,4652370,87.29086,5329733
6275,alanmeadows,39,0.00073,4652409,87.29160,5329733
6276,alexanderbuhler,39,0.00073,4652448,87.29233,5329733
6277,amouat,39,0.00073,4652487,87.29306,5329733
6278,apm-opentt,39,0.00073,4652526,87.29379,5329733
6279,awalterschulze,39,0.00073,4652565,87.29452,5329733
6280,azimman,39,0.00073,4652604,87.29525,5329733
6281,bdbauer,39,0.00073,4652643,87.29599,5329733
6282,bdellegrazie,39,0.00073,4652682,87.29672,5329733
6283,bdwyertech,39,0.00073,4652721,87.29745,5329733
6284,BenBeattieHood,39,0.00073,4652760,87.29818,5329733
6285,binarybana,39,0.00073,4652799,87.29891,5329733
6286,bjlee72,39,0.00073,4652838,87.29965,5329733
6287,bjoernhaeuser,39,0.00073,4652877,87.30038,5329733
6288,blacktear23,39,0.00073,4652916,87.30111,5329733
6289,BobbyJohansen,39,0.00073,4652955,87.30184,5329733
6290,bvis,39,0.00073,4652994,87.30257,5329733
6291,bygui86,39,0.00073,4653033,87.30330,5329733
6292,cheesiong-lee,39,0.00073,4653072,87.30404,5329733
6293,Cherishty,39,0.00073,4653111,87.30477,5329733
6294,chlung,39,0.00073,4653150,87.30550,5329733
6295,chrisghill,39,0.00073,4653189,87.30623,5329733
6296,clandry94,39,0.00073,4653228,87.30696,5329733
6297,damongant,39,0.00073,4653267,87.30769,5329733
6298,digeler,39,0.00073,4653306,87.30843,5329733
6299,dignajar,39,0.00073,4653345,87.30916,5329733
6300,elukey,39,0.00073,4653384,87.30989,5329733
6301,FrediWeber,39,0.00073,4653423,87.31062,5329733
6302,ghasemloo,39,0.00073,4653462,87.31135,5329733
6303,gottwald,39,0.00073,4653501,87.31208,5329733
6304,gouthampacha,39,0.00073,4653540,87.31282,5329733
6305,gwvo,39,0.00073,4653579,87.31355,5329733
6306,HackToday,39,0.00073,4653618,87.31428,5329733
6307,heyleke,39,0.00073,4653657,87.31501,5329733
6308,houshengbo,39,0.00073,4653696,87.31574,5329733
6309,igorcanadi,39,0.00073,4653735,87.31648,5329733
6310,ikruglov,39,0.00073,4653774,87.31721,5329733
6311,iMoses,39,0.00073,4653813,87.31794,5329733
6312,itzg,39,0.00073,4653852,87.31867,5329733
6313,ivelichkovich,39,0.00073,4653891,87.31940,5329733
6314,jakub-d,39,0.00073,4653930,87.32013,5329733
6315,jangrewe,39,0.00073,4653969,87.32087,5329733
6316,jasonkeene,39,0.00073,4654008,87.32160,5329733
6317,javiercr,39,0.00073,4654047,87.32233,5329733
6318,jharshman,39,0.00073,4654086,87.32306,5329733
6319,jonasrmichel,39,0.00073,4654125,87.32379,5329733
6320,judkowitz,39,0.00073,4654164,87.32452,5329733
6321,JuJu227,39,0.00073,4654203,87.32526,5329733
6322,jvrplmlmn,39,0.00073,4654242,87.32599,5329733
6323,kangarlou,39,0.00073,4654281,87.32672,5329733
6324,keaxu-exp,39,0.00073,4654320,87.32745,5329733
6325,kim0,39,0.00073,4654359,87.32818,5329733
6326,lawrencejones,39,0.00073,4654398,87.32891,5329733
6327,Lihua93,39,0.00073,4654437,87.32965,5329733
6328,luigi-riefolo,39,0.00073,4654476,87.33038,5329733
6329,madddi,39,0.00073,4654515,87.33111,5329733
6330,manishbansal8843,39,0.00073,4654554,87.33184,5329733
6331,MarcelMue,39,0.00073,4654593,87.33257,5329733
6332,meenie,39,0.00073,4654632,87.33331,5329733
6333,mgrachev,39,0.00073,4654671,87.33404,5329733
6334,MichielDeMey,39,0.00073,4654710,87.33477,5329733
6335,mirahmed753,39,0.00073,4654749,87.33550,5329733
6336,mirandawork,39,0.00073,4654788,87.33623,5329733
6337,mpalmer,39,0.00073,4654827,87.33696,5329733
6338,mpetrov,39,0.00073,4654866,87.33770,5329733
6339,mweibel,39,0.00073,4654905,87.33843,5329733
6340,mzupan,39,0.00073,4654944,87.33916,5329733
6341,neilhwatson,39,0.00073,4654983,87.33989,5329733
6342,nikolay,39,0.00073,4655022,87.34062,5329733
6343,norshtein,39,0.00073,4655061,87.34135,5329733
6344,offzale,39,0.00073,4655100,87.34209,5329733
6345,przemeklal,39,0.00073,4655139,87.34282,5329733
6346,qrevel,39,0.00073,4655178,87.34355,5329733
6347,rhs,39,0.00073,4655217,87.34428,5329733
6348,rlees85,39,0.00073,4655256,87.34501,5329733
6349,rsoika,39,0.00073,4655295,87.34575,5329733
6350,ruimarinho,39,0.00073,4655334,87.34648,5329733
6351,samc24,39,0.00073,4655373,87.34721,5329733
6352,sander-su,39,0.00073,4655412,87.34794,5329733
6353,saravanakumar-periyasamy,39,0.00073,4655451,87.34867,5329733
6354,ScottBrenner,39,0.00073,4655490,87.34940,5329733
6355,sergiohinojosa,39,0.00073,4655529,87.35014,5329733
6356,shawnzhu,39,0.00073,4655568,87.35087,5329733
6357,silentred,39,0.00073,4655607,87.35160,5329733
6358,skzinc,39,0.00073,4655646,87.35233,5329733
6359,smiklosovic,39,0.00073,4655685,87.35306,5329733
6360,snarlysodboxer,39,0.00073,4655724,87.35379,5329733
6361,spradeepv,39,0.00073,4655763,87.35453,5329733
6362,ssup2,39,0.00073,4655802,87.35526,5329733
6363,taylorsilva,39,0.00073,4655841,87.35599,5329733
6364,TekTimmy,39,0.00073,4655880,87.35672,5329733
6365,tengyifei,39,0.00073,4655919,87.35745,5329733
6366,theothermike,39,0.00073,4655958,87.35818,5329733
6367,thucatebay,39,0.00073,4655997,87.35892,5329733
6368,tux-00,39,0.00073,4656036,87.35965,5329733
6369,Vad1mo,39,0.00073,4656075,87.36038,5329733
6370,vsxen,39,0.00073,4656114,87.36111,5329733
6371,xiezongzhe,39,0.00073,4656153,87.36184,5329733
6372,yaxinlx,39,0.00073,4656192,87.36258,5329733
6373,yepninja,39,0.00073,4656231,87.36331,5329733
6374,YorikSar,39,0.00073,4656270,87.36404,5329733
6375,YueHonghui,39,0.00073,4656309,87.36477,5329733
6376,zhungxd,39,0.00073,4656348,87.36550,5329733
6377,adrcunha,38,0.00071,4656386,87.36622,5329733
6378,agadelshin,38,0.00071,4656424,87.36693,5329733
6379,alazarev,38,0.00071,4656462,87.36764,5329733
6380,AlexZeitler,38,0.00071,4656500,87.36835,5329733
6381,AlphaWong,38,0.00071,4656538,87.36907,5329733
6382,anotherrachel,38,0.00071,4656576,87.36978,5329733
6383,AnthonyWC,38,0.00071,4656614,87.37049,5329733
6384,anurse,38,0.00071,4656652,87.37121,5329733
6385,ara-ayvazyan,38,0.00071,4656690,87.37192,5329733
6386,atosatto,38,0.00071,4656728,87.37263,5329733
6387,blackwith,38,0.00071,4656766,87.37334,5329733
6388,Boutheina-Dab,38,0.00071,4656804,87.37406,5329733
6389,branttaylor,38,0.00071,4656842,87.37477,5329733
6390,carmark,38,0.00071,4656880,87.37548,5329733
6391,cawolf,38,0.00071,4656918,87.37620,5329733
6392,cbonte,38,0.00071,4656956,87.37691,5329733
6393,ckleban,38,0.00071,4656994,87.37762,5329733
6394,csantanapr,38,0.00071,4657032,87.37834,5329733
6395,daniel-goldstein,38,0.00071,4657070,87.37905,5329733
6396,davidarcher,38,0.00071,4657108,87.37976,5329733
6397,davidB,38,0.00071,4657146,87.38047,5329733
6398,DavidKorczynski,38,0.00071,4657184,87.38119,5329733
6399,dbazhal,38,0.00071,4657222,87.38190,5329733
6400,dezmodue,38,0.00071,4657260,87.38261,5329733
6401,divdavem,38,0.00071,4657298,87.38333,5329733
6402,dmlb2000,38,0.00071,4657336,87.38404,5329733
6403,dwradcliffe,38,0.00071,4657374,87.38475,5329733
6404,fffonion,38,0.00071,4657412,87.38547,5329733
6405,gertvdijk,38,0.00071,4657450,87.38618,5329733
6406,gonzalop,38,0.00071,4657488,87.38689,5329733
6407,hlascelles,38,0.00071,4657526,87.38760,5329733
6408,hpejustin,38,0.00071,4657564,87.38832,5329733
6409,ibazhitov,38,0.00071,4657602,87.38903,5329733
6410,idelvall,38,0.00071,4657640,87.38974,5329733
6411,it2911,38,0.00071,4657678,87.39046,5329733
6412,jamhed,38,0.00071,4657716,87.39117,5329733
6413,jaseemabid,38,0.00071,4657754,87.39188,5329733
6414,jeffb4,38,0.00071,4657792,87.39260,5329733
6415,jessebye,38,0.00071,4657830,87.39331,5329733
6416,jeyglk,38,0.00071,4657868,87.39402,5329733
6417,jgoclawski,38,0.00071,4657906,87.39473,5329733
6418,JinsYin,38,0.00071,4657944,87.39545,5329733
6419,JonPulsifer,38,0.00071,4657982,87.39616,5329733
6420,jsloyer,38,0.00071,4658020,87.39687,5329733
6421,kb000,38,0.00071,4658058,87.39759,5329733
6422,kevensen,38,0.00071,4658096,87.39830,5329733
6423,kfr2,38,0.00071,4658134,87.39901,5329733
6424,KierranM,38,0.00071,4658172,87.39973,5329733
6425,koorgoo,38,0.00071,4658210,87.40044,5329733
6426,koulq,38,0.00071,4658248,87.40115,5329733
6427,kulong0105,38,0.00071,4658286,87.40186,5329733
6428,kvedurmu,38,0.00071,4658324,87.40258,5329733
6429,lambertjosh,38,0.00071,4658362,87.40329,5329733
6430,Lukenickerson,38,0.00071,4658400,87.40400,5329733
6431,lvthillo,38,0.00071,4658438,87.40472,5329733
6432,MahaGamal,38,0.00071,4658476,87.40543,5329733
6433,mariomarin,38,0.00071,4658514,87.40614,5329733
6434,martina-if,38,0.00071,4658552,87.40686,5329733
6435,mathieu-benoit,38,0.00071,4658590,87.40757,5329733
6436,mbrancato,38,0.00071,4658628,87.40828,5329733
6437,melmaliacone,38,0.00071,4658666,87.40899,5329733
6438,Miftahunajat,38,0.00071,4658704,87.40971,5329733
6439,mohamedsgap,38,0.00071,4658742,87.41042,5329733
6440,mwhittington21,38,0.00071,4658780,87.41113,5329733
6441,nuclearpinguin,38,0.00071,4658818,87.41185,5329733
6442,ocervell,38,0.00071,4658856,87.41256,5329733
6443,olegch,38,0.00071,4658894,87.41327,5329733
6444,OleksandrBerezianskyi,38,0.00071,4658932,87.41398,5329733
6445,phiphi282,38,0.00071,4658970,87.41470,5329733
6446,pyaillet,38,0.00071,4659008,87.41541,5329733
6447,rahulwa,38,0.00071,4659046,87.41612,5329733
6448,ramitsurana,38,0.00071,4659084,87.41684,5329733
6449,replay,38,0.00071,4659122,87.41755,5329733
6450,reverson,38,0.00071,4659160,87.41826,5329733
6451,rktidwell,38,0.00071,4659198,87.41898,5329733
6452,roclark,38,0.00071,4659236,87.41969,5329733
6453,rohit01,38,0.00071,4659274,87.42040,5329733
6454,rossedman,38,0.00071,4659312,87.42111,5329733
6455,rralcala,38,0.00071,4659350,87.42183,5329733
6456,Rucknar,38,0.00071,4659388,87.42254,5329733
6457,scw00,38,0.00071,4659426,87.42325,5329733
6458,segator,38,0.00071,4659464,87.42397,5329733
6459,serbrech,38,0.00071,4659502,87.42468,5329733
6460,shaardie,38,0.00071,4659540,87.42539,5329733
6461,sks,38,0.00071,4659578,87.42611,5329733
6462,tapih,38,0.00071,4659616,87.42682,5329733
6463,tchughesiv,38,0.00071,4659654,87.42753,5329733
6464,tdeheurles,38,0.00071,4659692,87.42824,5329733
6465,Tombar,38,0.00071,4659730,87.42896,5329733
6466,TristonianJones,38,0.00071,4659768,87.42967,5329733
6467,ty666,38,0.00071,4659806,87.43038,5329733
6468,venkatsc,38,0.00071,4659844,87.43110,5329733
6469,w-leads,38,0.00071,4659882,87.43181,5329733
6470,wsong,38,0.00071,4659920,87.43252,5329733
6471,yiyangy,38,0.00071,4659958,87.43324,5329733
6472,zeliard,38,0.00071,4659996,87.43395,5329733
6473,ZhengZhenyu,38,0.00071,4660034,87.43466,5329733
6474,a7i,37,0.00069,4660071,87.43536,5329733
6475,aaliddell,37,0.00069,4660108,87.43605,5329733
6476,accepting,37,0.00069,4660145,87.43674,5329733
6477,agarg2008,37,0.00069,4660182,87.43744,5329733
6478,ahmedwaleedmalik,37,0.00069,4660219,87.43813,5329733
6479,amylily1011,37,0.00069,4660256,87.43883,5329733
6480,andrestc,37,0.00069,4660293,87.43952,5329733
6481,AndrienkoAleksandr,37,0.00069,4660330,87.44022,5329733
6482,aphyr,37,0.00069,4660367,87.44091,5329733
6483,Ashughorla,37,0.00069,4660404,87.44160,5329733
6484,benwatcisco,37,0.00069,4660441,87.44230,5329733
6485,bhperry,37,0.00069,4660478,87.44299,5329733
6486,bnutt,37,0.00069,4660515,87.44369,5329733
6487,brectanus-sigsci,37,0.00069,4660552,87.44438,5329733
6488,brooksgarrett,37,0.00069,4660589,87.44507,5329733
6489,brunowego,37,0.00069,4660626,87.44577,5329733
6490,bviolier,37,0.00069,4660663,87.44646,5329733
6491,cuisongliu,37,0.00069,4660700,87.44716,5329733
6492,cuppett,37,0.00069,4660737,87.44785,5329733
6493,danez,37,0.00069,4660774,87.44855,5329733
6494,danielmotaleite,37,0.00069,4660811,87.44924,5329733
6495,dbarranco,37,0.00069,4660848,87.44993,5329733
6496,dineshba,37,0.00069,4660885,87.45063,5329733
6497,dm3ch,37,0.00069,4660922,87.45132,5329733
6498,doublerr,37,0.00069,4660959,87.45202,5329733
6499,dragon9783,37,0.00069,4660996,87.45271,5329733
6500,es-chow,37,0.00069,4661033,87.45341,5329733
6501,fho,37,0.00069,4661070,87.45410,5329733
6502,gabrtv,37,0.00069,4661107,87.45479,5329733
6503,GertiPoppel,37,0.00069,4661144,87.45549,5329733
6504,GreenKnight15,37,0.00069,4661181,87.45618,5329733
6505,guilhem,37,0.00069,4661218,87.45688,5329733
6506,jalberto,37,0.00069,4661255,87.45757,5329733
6507,jangdm,37,0.00069,4661292,87.45826,5329733
6508,jbfavre,37,0.00069,4661329,87.45896,5329733
6509,JCMais,37,0.00069,4661366,87.45965,5329733
6510,jdotjdot,37,0.00069,4661403,87.46035,5329733
6511,jekohk,37,0.00069,4661440,87.46104,5329733
6512,jmesnil,37,0.00069,4661477,87.46174,5329733
6513,joelittlejohn,37,0.00069,4661514,87.46243,5329733
6514,jonaseck2,37,0.00069,4661551,87.46312,5329733
6515,jorgemoralespou,37,0.00069,4661588,87.46382,5329733
6516,joshk0,37,0.00069,4661625,87.46451,5329733
6517,jpdstan,37,0.00069,4661662,87.46521,5329733
6518,juris,37,0.00069,4661699,87.46590,5329733
6519,jwendell,37,0.00069,4661736,87.46660,5329733
6520,kaiyuzheng,37,0.00069,4661773,87.46729,5329733
6521,kaybinwong,37,0.00069,4661810,87.46798,5329733
6522,kellybirr,37,0.00069,4661847,87.46868,5329733
6523,kenfdev,37,0.00069,4661884,87.46937,5329733
6524,koooge,37,0.00069,4661921,87.47007,5329733
6525,kschumy,37,0.00069,4661958,87.47076,5329733
6526,ksingh7,37,0.00069,4661995,87.47145,5329733
6527,lacexd,37,0.00069,4662032,87.47215,5329733
6528,linkvt,37,0.00069,4662069,87.47284,5329733
6529,LKaemmerling,37,0.00069,4662106,87.47354,5329733
6530,mansi-a,37,0.00069,4662143,87.47423,5329733
6531,marcushyungseoklee,37,0.00069,4662180,87.47493,5329733
6532,marratj,37,0.00069,4662217,87.47562,5329733
6533,mitsutaka,37,0.00069,4662254,87.47631,5329733
6534,monstermunchkin,37,0.00069,4662291,87.47701,5329733
6535,mseewooth,37,0.00069,4662328,87.47770,5329733
6536,mstrzele,37,0.00069,4662365,87.47840,5329733
6537,muhlba91,37,0.00069,4662402,87.47909,5329733
6538,mvazquezc,37,0.00069,4662439,87.47979,5329733
6539,nailgun,37,0.00069,4662476,87.48048,5329733
6540,nakkht,37,0.00069,4662513,87.48117,5329733
6541,natekartchner,37,0.00069,4662550,87.48187,5329733
6542,neiljerram,37,0.00069,4662587,87.48256,5329733
6543,oleg-nenashev,37,0.00069,4662624,87.48326,5329733
6544,pratulw,37,0.00069,4662661,87.48395,5329733
6545,ramanNarasimhan77,37,0.00069,4662698,87.48465,5329733
6546,rdtr,37,0.00069,4662735,87.48534,5329733
6547,rhvgoyal,37,0.00069,4662772,87.48603,5329733
6548,rperelma,37,0.00069,4662809,87.48673,5329733
6549,ryanhartje,37,0.00069,4662846,87.48742,5329733
6550,salv-orlando,37,0.00069,4662883,87.48812,5329733
6551,sebgl,37,0.00069,4662920,87.48881,5329733
6552,Sevii,37,0.00069,4662957,87.48950,5329733
6553,shreyas-s-rao,37,0.00069,4662994,87.49020,5329733
6554,SimonAlling,37,0.00069,4663031,87.49089,5329733
6555,sjkaris,37,0.00069,4663068,87.49159,5329733
6556,slim-bean,37,0.00069,4663105,87.49228,5329733
6557,smoke,37,0.00069,4663142,87.49298,5329733
6558,soolaugust,37,0.00069,4663179,87.49367,5329733
6559,srflaxu40,37,0.00069,4663216,87.49436,5329733
6560,Steffen911,37,0.00069,4663253,87.49506,5329733
6561,stmcginnis,37,0.00069,4663290,87.49575,5329733
6562,strainovic,37,0.00069,4663327,87.49645,5329733
6563,TakaoShimizu,37,0.00069,4663364,87.49714,5329733
6564,tamsky,37,0.00069,4663401,87.49784,5329733
6565,tcnksm,37,0.00069,4663438,87.49853,5329733
6566,tedpennings,37,0.00069,4663475,87.49922,5329733
6567,tigerlinux,37,0.00069,4663512,87.49992,5329733
6568,tristanburgess,37,0.00069,4663549,87.50061,5329733
6569,varshar16,37,0.00069,4663586,87.50131,5329733
6570,vitaly-m,37,0.00069,4663623,87.50200,5329733
6571,vyshane,37,0.00069,4663660,87.50269,5329733
6572,will-beta,37,0.00069,4663697,87.50339,5329733
6573,willmore,37,0.00069,4663734,87.50408,5329733
6574,WoohyungHan,37,0.00069,4663771,87.50478,5329733
6575,wyardley,37,0.00069,4663808,87.50547,5329733
6576,xrstf,37,0.00069,4663845,87.50617,5329733
6577,yanns,37,0.00069,4663882,87.50686,5329733
6578,ysy2020,37,0.00069,4663919,87.50755,5329733
6579,zonzamas,37,0.00069,4663956,87.50825,5329733
6580,aaronmcohen,36,0.00068,4663992,87.50892,5329733
6581,alecthomas,36,0.00068,4664028,87.50960,5329733
6582,alonl,36,0.00068,4664064,87.51027,5329733
6583,ambis,36,0.00068,4664100,87.51095,5329733
6584,AnesBenmerzoug,36,0.00068,4664136,87.51163,5329733
6585,AnitaNayak,36,0.00068,4664172,87.51230,5329733
6586,aogier,36,0.00068,4664208,87.51298,5329733
6587,argusua,36,0.00068,4664244,87.51365,5329733
6588,arthurkiller,36,0.00068,4664280,87.51433,5329733
6589,ask0n,36,0.00068,4664316,87.51500,5329733
6590,ateleshev,36,0.00068,4664352,87.51568,5329733
6591,bcg62,36,0.00068,4664388,87.51635,5329733
6592,BertHartm,36,0.00068,4664424,87.51703,5329733
6593,bobhenkel,36,0.00068,4664460,87.51770,5329733
6594,brdude,36,0.00068,4664496,87.51838,5329733
6595,BruceZu,36,0.00068,4664532,87.51906,5329733
6596,carlwgeorge,36,0.00068,4664568,87.51973,5329733
6597,CatTail,36,0.00068,4664604,87.52041,5329733
6598,cceckman,36,0.00068,4664640,87.52108,5329733
6599,chekolyn,36,0.00068,4664676,87.52176,5329733
6600,ChengTiesheng,36,0.00068,4664712,87.52243,5329733
6601,ckcd,36,0.00068,4664748,87.52311,5329733
6602,cleac,36,0.00068,4664784,87.52378,5329733
6603,clenimar,36,0.00068,4664820,87.52446,5329733
6604,CodeJuan,36,0.00068,4664856,87.52513,5329733
6605,codyaray,36,0.00068,4664892,87.52581,5329733
6606,cpaika,36,0.00068,4664928,87.52649,5329733
6607,cwoolum,36,0.00068,4664964,87.52716,5329733
6608,czahedi,36,0.00068,4665000,87.52784,5329733
6609,daniel-garcia,36,0.00068,4665036,87.52851,5329733
6610,darrenhaken,36,0.00068,4665072,87.52919,5329733
6611,dmizelle,36,0.00068,4665108,87.52986,5329733
6612,duan-yue,36,0.00068,4665144,87.53054,5329733
6613,dwmkerr,36,0.00068,4665180,87.53121,5329733
6614,ebbeelsborg,36,0.00068,4665216,87.53189,5329733
6615,eclipseo,36,0.00068,4665252,87.53256,5329733
6616,ephur,36,0.00068,4665288,87.53324,5329733
6617,epowell101,36,0.00068,4665324,87.53392,5329733
6618,Eriner,36,0.00068,4665360,87.53459,5329733
6619,fen4o,36,0.00068,4665396,87.53527,5329733
6620,f-ld,36,0.00068,4665432,87.53594,5329733
6621,Flowkap,36,0.00068,4665468,87.53662,5329733
6622,georgethebeatle,36,0.00068,4665504,87.53729,5329733
6623,gg7,36,0.00068,4665540,87.53797,5329733
6624,gitlabbin,36,0.00068,4665576,87.53864,5329733
6625,gkudra-msft,36,0.00068,4665612,87.53932,5329733
6626,glasser,36,0.00068,4665648,87.53999,5329733
6627,glefloch,36,0.00068,4665684,87.54067,5329733
6628,gnarea,36,0.00068,4665720,87.54135,5329733
6629,gocd-ci-user,36,0.00068,4665756,87.54202,5329733
6630,hsmade,36,0.00068,4665792,87.54270,5329733
6631,hugebdu,36,0.00068,4665828,87.54337,5329733
6632,iamabhishek-dubey,36,0.00068,4665864,87.54405,5329733
6633,itamarh,36,0.00068,4665900,87.54472,5329733
6634,ivan-shaporov,36,0.00068,4665936,87.54540,5329733
6635,iwankgb,36,0.00068,4665972,87.54607,5329733
6636,Jake-Prickett,36,0.00068,4666008,87.54675,5329733
6637,jefferai,36,0.00068,4666044,87.54742,5329733
6638,jimmy-zh,36,0.00068,4666080,87.54810,5329733
6639,jiria,36,0.00068,4666116,87.54878,5329733
6640,jmymy,36,0.00068,4666152,87.54945,5329733
6641,JNProtzman,36,0.00068,4666188,87.55013,5329733
6642,jonaz,36,0.00068,4666224,87.55080,5329733
6643,jonstacks,36,0.00068,4666260,87.55148,5329733
6644,jordanwilson230,36,0.00068,4666296,87.55215,5329733
6645,juliaferraioli,36,0.00068,4666332,87.55283,5329733
6646,july2993,36,0.00068,4666368,87.55350,5329733
6647,kavyako,36,0.00068,4666404,87.55418,5329733
6648,kozikow,36,0.00068,4666440,87.55485,5329733
6649,lalyos,36,0.00068,4666476,87.55553,5329733
6650,LetsUseGerrit,36,0.00068,4666512,87.55621,5329733
6651,lohmag,36,0.00068,4666548,87.55688,5329733
6652,lukasheinrich,36,0.00068,4666584,87.55756,5329733
6653,Marusyk,36,0.00068,4666620,87.55823,5329733
6654,mateuszmatejczyk,36,0.00068,4666656,87.55891,5329733
6655,mattouille,36,0.00068,4666692,87.55958,5329733
6656,mattrco,36,0.00068,4666728,87.56026,5329733
6657,mccormd,36,0.00068,4666764,87.56093,5329733
6658,mcdan,36,0.00068,4666800,87.56161,5329733
6659,midN,36,0.00068,4666836,87.56229,5329733
6660,mihau,36,0.00068,4666872,87.56296,5329733
6661,MitchellDumovic,36,0.00068,4666908,87.56364,5329733
6662,mmacfadden,36,0.00068,4666944,87.56431,5329733
6663,mreichardt95,36,0.00068,4666980,87.56499,5329733
6664,mzyfree,36,0.00068,4667016,87.56566,5329733
6665,naiduarvind,36,0.00068,4667052,87.56634,5329733
6666,natebwangsut,36,0.00068,4667088,87.56701,5329733
6667,nevermyuk,36,0.00068,4667124,87.56769,5329733
6668,NickLarsenNZ,36,0.00068,4667160,87.56836,5329733
6669,nmnellis,36,0.00068,4667196,87.56904,5329733
6670,nrvnrvn,36,0.00068,4667232,87.56972,5329733
6671,numbsafari,36,0.00068,4667268,87.57039,5329733
6672,oriyarde,36,0.00068,4667304,87.57107,5329733
6673,pepov,36,0.00068,4667340,87.57174,5329733
6674,prannayk,36,0.00068,4667376,87.57242,5329733
6675,pswenson,36,0.00068,4667412,87.57309,5329733
6676,PxyUp,36,0.00068,4667448,87.57377,5329733
6677,qeqar,36,0.00068,4667484,87.57444,5329733
6678,rahulkrishnanfs,36,0.00068,4667520,87.57512,5329733
6679,rctl,36,0.00068,4667556,87.57579,5329733
6680,renatoviana12,36,0.00068,4667592,87.57647,5329733
6681,rmorrise,36,0.00068,4667628,87.57715,5329733
6682,runlevel5,36,0.00068,4667664,87.57782,5329733
6683,Rushit,36,0.00068,4667700,87.57850,5329733
6684,rushtehrani,36,0.00068,4667736,87.57917,5329733
6685,samstarling,36,0.00068,4667772,87.57985,5329733
6686,SanikaGawhane,36,0.00068,4667808,87.58052,5329733
6687,schomatis,36,0.00068,4667844,87.58120,5329733
6688,sdboyer,36,0.00068,4667880,87.58187,5329733
6689,seeruk,36,0.00068,4667916,87.58255,5329733
6690,sermilrod,36,0.00068,4667952,87.58322,5329733
6691,spark4,36,0.00068,4667988,87.58390,5329733
6692,sroze,36,0.00068,4668024,87.58458,5329733
6693,Tabrizian,36,0.00068,4668060,87.58525,5329733
6694,tadas-subonis,36,0.00068,4668096,87.58593,5329733
6695,tanalam2411,36,0.00068,4668132,87.58660,5329733
6696,tianhuil,36,0.00068,4668168,87.58728,5329733
6697,tiukhtinvladimir,36,0.00068,4668204,87.58795,5329733
6698,tklever,36,0.00068,4668240,87.58863,5329733
6699,tobilarscheid,36,0.00068,4668276,87.58930,5329733
6700,trawler,36,0.00068,4668312,87.58998,5329733
6701,tristanz,36,0.00068,4668348,87.59065,5329733
6702,vam-google,36,0.00068,4668384,87.59133,5329733
6703,vasicvuk,36,0.00068,4668420,87.59201,5329733
6704,victortoso,36,0.00068,4668456,87.59268,5329733
6705,vpetersson,36,0.00068,4668492,87.59336,5329733
6706,wtip,36,0.00068,4668528,87.59403,5329733
6707,wxdao,36,0.00068,4668564,87.59471,5329733
6708,xh4n3,36,0.00068,4668600,87.59538,5329733
6709,yolocs,36,0.00068,4668636,87.59606,5329733
6710,aaronbbrown,35,0.00066,4668671,87.59671,5329733
6711,acdha,35,0.00066,4668706,87.59737,5329733
6712,achille-roussel,35,0.00066,4668741,87.59803,5329733
6713,amitkumarj441,35,0.00066,4668776,87.59868,5329733
6714,antoninbas,35,0.00066,4668811,87.59934,5329733
6715,arun11299,35,0.00066,4668846,87.60000,5329733
6716,arunmk,35,0.00066,4668881,87.60065,5329733
6717,astropuffin,35,0.00066,4668916,87.60131,5329733
6718,bbrowning,35,0.00066,4668951,87.60197,5329733
6719,bysph,35,0.00066,4668986,87.60262,5329733
6720,cap10morgan,35,0.00066,4669021,87.60328,5329733
6721,chris-rock,35,0.00066,4669056,87.60394,5329733
6722,cjhpaul,35,0.00066,4669091,87.60459,5329733
6723,crobinso,35,0.00066,4669126,87.60525,5329733
6724,cstrahan,35,0.00066,4669161,87.60591,5329733
6725,DanRoscigno,35,0.00066,4669196,87.60656,5329733
6726,darkstarmv,35,0.00066,4669231,87.60722,5329733
6727,DavidPhillipOster,35,0.00066,4669266,87.60788,5329733
6728,dcantah,35,0.00066,4669301,87.60853,5329733
6729,ddewaele,35,0.00066,4669336,87.60919,5329733
6730,dnilasor,35,0.00066,4669371,87.60985,5329733
6731,dojadop,35,0.00066,4669406,87.61051,5329733
6732,drsounds,35,0.00066,4669441,87.61116,5329733
6733,dstroot,35,0.00066,4669476,87.61182,5329733
6734,dveeden,35,0.00066,4669511,87.61248,5329733
6735,DylanGraham,35,0.00066,4669546,87.61313,5329733
6736,EdanSneh,35,0.00066,4669581,87.61379,5329733
6737,flimzy,35,0.00066,4669616,87.61445,5329733
6738,flypenguin,35,0.00066,4669651,87.61510,5329733
6739,georghinkel,35,0.00066,4669686,87.61576,5329733
6740,gmflau,35,0.00066,4669721,87.61642,5329733
6741,haad,35,0.00066,4669756,87.61707,5329733
6742,hoelzro,35,0.00066,4669791,87.61773,5329733
6743,ikonst,35,0.00066,4669826,87.61839,5329733
6744,imsky,35,0.00066,4669861,87.61904,5329733
6745,jacobvosmaer,35,0.00066,4669896,87.61970,5329733
6746,jaime-talkdesk,35,0.00066,4669931,87.62036,5329733
6747,jaspervdj-luminal,35,0.00066,4669966,87.62101,5329733
6748,jiameixie,35,0.00066,4670001,87.62167,5329733
6749,jimbobby5,35,0.00066,4670036,87.62233,5329733
6750,joelegasse,35,0.00066,4670071,87.62298,5329733
6751,johnkost,35,0.00066,4670106,87.62364,5329733
6752,jonfriesen,35,0.00066,4670141,87.62430,5329733
6753,jonnenauha,35,0.00066,4670176,87.62495,5329733
6754,JonnyIncognito,35,0.00066,4670211,87.62561,5329733
6755,JosephSalisbury,35,0.00066,4670246,87.62627,5329733
6756,JuneZhao,35,0.00066,4670281,87.62692,5329733
6757,karlhungus,35,0.00066,4670316,87.62758,5329733
6758,kemcake,35,0.00066,4670351,87.62824,5329733
6759,kerneljack,35,0.00066,4670386,87.62889,5329733
6760,kevincox,35,0.00066,4670421,87.62955,5329733
6761,kevinkim9264,35,0.00066,4670456,87.63021,5329733
6762,koen92,35,0.00066,4670491,87.63086,5329733
6763,Koroeskohr,35,0.00066,4670526,87.63152,5329733
6764,kwSeo,35,0.00066,4670561,87.63218,5329733
6765,LaVLaS,35,0.00066,4670596,87.63283,5329733
6766,liyanyanli,35,0.00066,4670631,87.63349,5329733
6767,lorenzvth7,35,0.00066,4670666,87.63415,5329733
6768,madhuri-rai07,35,0.00066,4670701,87.63480,5329733
6769,marchmallow,35,0.00066,4670736,87.63546,5329733
6770,marioava,35,0.00066,4670771,87.63612,5329733
6771,marrrvin,35,0.00066,4670806,87.63677,5329733
6772,matttproud,35,0.00066,4670841,87.63743,5329733
6773,maxkondr,35,0.00066,4670876,87.63809,5329733
6774,mehtadeepen,35,0.00066,4670911,87.63874,5329733
6775,meteorcloudy,35,0.00066,4670946,87.63940,5329733
6776,methane,35,0.00066,4670981,87.64006,5329733
6777,Mikulas,35,0.00066,4671016,87.64071,5329733
6778,misterwilliam,35,0.00066,4671051,87.64137,5329733
6779,mr-salty,35,0.00066,4671086,87.64203,5329733
6780,naveen-nahata,35,0.00066,4671121,87.64268,5329733
6781,normanmaurer,35,0.00066,4671156,87.64334,5329733
6782,obedmr,35,0.00066,4671191,87.64400,5329733
6783,ojmhetar,35,0.00066,4671226,87.64465,5329733
6784,omeid,35,0.00066,4671261,87.64531,5329733
6785,pete911,35,0.00066,4671296,87.64597,5329733
6786,pisymbol,35,0.00066,4671331,87.64662,5329733
6787,ppcololo,35,0.00066,4671366,87.64728,5329733
6788,pst,35,0.00066,4671401,87.64794,5329733
6789,pulpbill,35,0.00066,4671436,87.64859,5329733
6790,raeesbhatti,35,0.00066,4671471,87.64925,5329733
6791,Ramyak,35,0.00066,4671506,87.64991,5329733
6792,rdubya16,35,0.00066,4671541,87.65056,5329733
6793,realmbgl,35,0.00066,4671576,87.65122,5329733
6794,remmeier,35,0.00066,4671611,87.65188,5329733
6795,rowleyaj,35,0.00066,4671646,87.65253,5329733
6796,safanaj,35,0.00066,4671681,87.65319,5329733
6797,shamalco,35,0.00066,4671716,87.65385,5329733
6798,shivnagarajan,35,0.00066,4671751,87.65450,5329733
6799,sichvoge,35,0.00066,4671786,87.65516,5329733
6800,spacexnice,35,0.00066,4671821,87.65582,5329733
6801,splisson,35,0.00066,4671856,87.65647,5329733
6802,switchboardOp,35,0.00066,4671891,87.65713,5329733
6803,talset,35,0.00066,4671926,87.65779,5329733
6804,tareqalayan,35,0.00066,4671961,87.65844,5329733
6805,tback,35,0.00066,4671996,87.65910,5329733
6806,teochenglim,35,0.00066,4672031,87.65976,5329733
6807,tfiduccia,35,0.00066,4672066,87.66041,5329733
6808,tomkukral,35,0.00066,4672101,87.66107,5329733
6809,twelho,35,0.00066,4672136,87.66173,5329733
6810,VenkatRamaraju,35,0.00066,4672171,87.66238,5329733
6811,ViniciusDeAndrade,35,0.00066,4672206,87.66304,5329733
6812,wenerme,35,0.00066,4672241,87.66370,5329733
6813,williamsandrew,35,0.00066,4672276,87.66435,5329733
6814,wrwg,35,0.00066,4672311,87.66501,5329733
6815,xauthulei,35,0.00066,4672346,87.66567,5329733
6816,xidiandb,35,0.00066,4672381,87.66632,5329733
6817,xyzzyz,35,0.00066,4672416,87.66698,5329733
6818,yangl900,35,0.00066,4672451,87.66764,5329733
6819,ysawa0,35,0.00066,4672486,87.66829,5329733
6820,YunSangJun,35,0.00066,4672521,87.66895,5329733
6821,yuzeming,35,0.00066,4672556,87.66961,5329733
6822,21stio,34,0.00064,4672590,87.67025,5329733
6823,adibrastegarnia,34,0.00064,4672624,87.67088,5329733
6824,agl,34,0.00064,4672658,87.67152,5329733
6825,Aloxaf,34,0.00064,4672692,87.67216,5329733
6826,amrmahdi,34,0.00064,4672726,87.67280,5329733
6827,andjelx,34,0.00064,4672760,87.67344,5329733
6828,aneurinprice,34,0.00064,4672794,87.67407,5329733
6829,anothertobi,34,0.00064,4672828,87.67471,5329733
6830,armab,34,0.00064,4672862,87.67535,5329733
6831,at15,34,0.00064,4672896,87.67599,5329733
6832,bartoszmajsak,34,0.00064,4672930,87.67662,5329733
6833,bdashrad,34,0.00064,4672964,87.67726,5329733
6834,Bekt,34,0.00064,4672998,87.67790,5329733
6835,boranx,34,0.00064,4673032,87.67854,5329733
6836,brianwarner,34,0.00064,4673066,87.67918,5329733
6837,brosander,34,0.00064,4673100,87.67981,5329733
6838,buehler,34,0.00064,4673134,87.68045,5329733
6839,CalvinHartwell,34,0.00064,4673168,87.68109,5329733
6840,cap1984,34,0.00064,4673202,87.68173,5329733
6841,charlieegan3,34,0.00064,4673236,87.68237,5329733
6842,chenyangxueHDU,34,0.00064,4673270,87.68300,5329733
6843,chira001,34,0.00064,4673304,87.68364,5329733
6844,chowmean,34,0.00064,4673338,87.68428,5329733
6845,ConradIrwin,34,0.00064,4673372,87.68492,5329733
6846,deepaklukose,34,0.00064,4673406,87.68556,5329733
6847,dejanb,34,0.00064,4673440,87.68619,5329733
6848,dengyi1996,34,0.00064,4673474,87.68683,5329733
6849,derkoe,34,0.00064,4673508,87.68747,5329733
6850,devknoll,34,0.00064,4673542,87.68811,5329733
6851,dkunitsk,34,0.00064,4673576,87.68875,5329733
6852,docktermj,34,0.00064,4673610,87.68938,5329733
6853,drakedevel,34,0.00064,4673644,87.69002,5329733
6854,drastawi,34,0.00064,4673678,87.69066,5329733
6855,Elexy,34,0.00064,4673712,87.69130,5329733
6856,epa095,34,0.00064,4673746,87.69194,5329733
6857,ErikLundJensen,34,0.00064,4673780,87.69257,5329733
6858,erjadi,34,0.00064,4673814,87.69321,5329733
6859,etotheipi,34,0.00064,4673848,87.69385,5329733
6860,foolusion,34,0.00064,4673882,87.69449,5329733
6861,francois-travais,34,0.00064,4673916,87.69512,5329733
6862,frederiko,34,0.00064,4673950,87.69576,5329733
6863,greggbjensen,34,0.00064,4673984,87.69640,5329733
6864,guirish,34,0.00064,4674018,87.69704,5329733
6865,hongkunyoo,34,0.00064,4674052,87.69768,5329733
6866,hunnain,34,0.00064,4674086,87.69831,5329733
6867,ilyasotkov,34,0.00064,4674120,87.69895,5329733
6868,iMelnik,34,0.00064,4674154,87.69959,5329733
6869,inf-rno,34,0.00064,4674188,87.70023,5329733
6870,jaipradeesh,34,0.00064,4674222,87.70087,5329733
6871,jawi,34,0.00064,4674256,87.70150,5329733
6872,JayH5,34,0.00064,4674290,87.70214,5329733
6873,Jean-Baptiste-Lasselle,34,0.00064,4674324,87.70278,5329733
6874,jheiss,34,0.00064,4674358,87.70342,5329733
6875,JiachengXu,34,0.00064,4674392,87.70406,5329733
6876,jinchihe,34,0.00064,4674426,87.70469,5329733
6877,JnMik,34,0.00064,4674460,87.70533,5329733
6878,joan38,34,0.00064,4674494,87.70597,5329733
6879,JoaoBraveCoding,34,0.00064,4674528,87.70661,5329733
6880,johansmitsnl,34,0.00064,4674562,87.70725,5329733
6881,jonasfj,34,0.00064,4674596,87.70788,5329733
6882,josecv,34,0.00064,4674630,87.70852,5329733
6883,joshskains,34,0.00064,4674664,87.70916,5329733
6884,jseldess,34,0.00064,4674698,87.70980,5329733
6885,jsleeio,34,0.00064,4674732,87.71044,5329733
6886,jvitor83,34,0.00064,4674766,87.71107,5329733
6887,j-vizcaino,34,0.00064,4674800,87.71171,5329733
6888,konfiot,34,0.00064,4674834,87.71235,5329733
6889,kylegoch,34,0.00064,4674868,87.71299,5329733
6890,LaurentGoderre,34,0.00064,4674902,87.71362,5329733
6891,lf1029698952,34,0.00064,4674936,87.71426,5329733
6892,marcadella,34,0.00064,4674970,87.71490,5329733
6893,MattiasGees,34,0.00064,4675004,87.71554,5329733
6894,mattma,34,0.00064,4675038,87.71618,5329733
6895,mdgreenwald,34,0.00064,4675072,87.71681,5329733
6896,merkata,34,0.00064,4675106,87.71745,5329733
6897,mfilotto,34,0.00064,4675140,87.71809,5329733
6898,mJace,34,0.00064,4675174,87.71873,5329733
6899,mkorolyov,34,0.00064,4675208,87.71937,5329733
6900,mohatb,34,0.00064,4675242,87.72000,5329733
6901,mparry,34,0.00064,4675276,87.72064,5329733
6902,mrtndwrd,34,0.00064,4675310,87.72128,5329733
6903,musabmasood,34,0.00064,4675344,87.72192,5329733
6904,NBardelot,34,0.00064,4675378,87.72256,5329733
6905,neerfri,34,0.00064,4675412,87.72319,5329733
6906,nickvth,34,0.00064,4675446,87.72383,5329733
6907,nicorikken,34,0.00064,4675480,87.72447,5329733
6908,nirsky,34,0.00064,4675514,87.72511,5329733
6909,nitisuryawanshi,34,0.00064,4675548,87.72575,5329733
6910,novas0x2a,34,0.00064,4675582,87.72638,5329733
6911,nysthee,34,0.00064,4675616,87.72702,5329733
6912,o-farooq,34,0.00064,4675650,87.72766,5329733
6913,olivierboucher,34,0.00064,4675684,87.72830,5329733
6914,paroxp,34,0.00064,4675718,87.72894,5329733
6915,perrin4869,34,0.00064,4675752,87.72957,5329733
6916,pmallory,34,0.00064,4675786,87.73021,5329733
6917,popozy,34,0.00064,4675820,87.73085,5329733
6918,proteneer,34,0.00064,4675854,87.73149,5329733
6919,ramr,34,0.00064,4675888,87.73212,5329733
6920,raoofmd,34,0.00064,4675922,87.73276,5329733
6921,ribbybibby,34,0.00064,4675956,87.73340,5329733
6922,rocktavious,34,0.00064,4675990,87.73404,5329733
6923,rohansingh,34,0.00064,4676024,87.73468,5329733
6924,roksolana-d,34,0.00064,4676058,87.73531,5329733
6925,runzhliu,34,0.00064,4676092,87.73595,5329733
6926,rustycl0ck,34,0.00064,4676126,87.73659,5329733
6927,rvkubiak,34,0.00064,4676160,87.73723,5329733
6928,ryokotmng,34,0.00064,4676194,87.73787,5329733
6929,saiya,34,0.00064,4676228,87.73850,5329733
6930,schu,34,0.00064,4676262,87.73914,5329733
6931,scoheb,34,0.00064,4676296,87.73978,5329733
6932,SeananXu,34,0.00064,4676330,87.74042,5329733
6933,seemethere,34,0.00064,4676364,87.74106,5329733
6934,skyrocknroll,34,0.00064,4676398,87.74169,5329733
6935,smparkes,34,0.00064,4676432,87.74233,5329733
6936,spagno,34,0.00064,4676466,87.74297,5329733
6937,swestcott,34,0.00064,4676500,87.74361,5329733
6938,tbaums,34,0.00064,4676534,87.74425,5329733
6939,TheDavidKruse,34,0.00064,4676568,87.74488,5329733
6940,Thib17,34,0.00064,4676602,87.74552,5329733
6941,TisonKun,34,0.00064,4676636,87.74616,5329733
6942,toanju,34,0.00064,4676670,87.74680,5329733
6943,tomislater,34,0.00064,4676704,87.74744,5329733
6944,tony-kerz,34,0.00064,4676738,87.74807,5329733
6945,ToruMakabe,34,0.00064,4676772,87.74871,5329733
6946,Trane9991,34,0.00064,4676806,87.74935,5329733
6947,TrishaChetani,34,0.00064,4676840,87.74999,5329733
6948,unixfox,34,0.00064,4676874,87.75062,5329733
6949,vboginskey,34,0.00064,4676908,87.75126,5329733
6950,Venkat19967,34,0.00064,4676942,87.75190,5329733
6951,vicenteherrera,34,0.00064,4676976,87.75254,5329733
6952,VinodAnandan,34,0.00064,4677010,87.75318,5329733
6953,vitalyisaev2,34,0.00064,4677044,87.75381,5329733
6954,WoLpH,34,0.00064,4677078,87.75445,5329733
6955,XavierDuthil,34,0.00064,4677112,87.75509,5329733
6956,xerial,34,0.00064,4677146,87.75573,5329733
6957,xrow,34,0.00064,4677180,87.75637,5329733
6958,yichengliu58,34,0.00064,4677214,87.75700,5329733
6959,yolo3301,34,0.00064,4677248,87.75764,5329733
6960,zhexuany,34,0.00064,4677282,87.75828,5329733
6961,06kellyjac,33,0.00062,4677315,87.75890,5329733
6962,aardappel,33,0.00062,4677348,87.75952,5329733
6963,abhinavnagaraj,33,0.00062,4677381,87.76014,5329733
6964,abraithwaite,33,0.00062,4677414,87.76076,5329733
6965,adracus,33,0.00062,4677447,87.76138,5329733
6966,adrianlop,33,0.00062,4677480,87.76199,5329733
6967,airstand,33,0.00062,4677513,87.76261,5329733
6968,aistein,33,0.00062,4677546,87.76323,5329733
6969,alekc,33,0.00062,4677579,87.76385,5329733
6970,aliakhtar,33,0.00062,4677612,87.76447,5329733
6971,anandkumarpatel,33,0.00062,4677645,87.76509,5329733
6972,andersosthus,33,0.00062,4677678,87.76571,5329733
6973,andrenarchy,33,0.00062,4677711,87.76633,5329733
6974,andyjeffries,33,0.00062,4677744,87.76695,5329733
6975,apeeyush,33,0.00062,4677777,87.76757,5329733
6976,arief-hidayat,33,0.00062,4677810,87.76819,5329733
6977,arjunsingri,33,0.00062,4677843,87.76881,5329733
6978,ashokponkumar,33,0.00062,4677876,87.76942,5329733
6979,aweis89,33,0.00062,4677909,87.77004,5329733
6980,bartelsb,33,0.00062,4677942,87.77066,5329733
6981,bcreane,33,0.00062,4677975,87.77128,5329733
6982,bergemalm,33,0.00062,4678008,87.77190,5329733
6983,beriberikix,33,0.00062,4678041,87.77252,5329733
6984,bobbyjunzhang,33,0.00062,4678074,87.77314,5329733
6985,boxboatmatt,33,0.00062,4678107,87.77376,5329733
6986,bquartier,33,0.00062,4678140,87.77438,5329733
6987,briandealwis,33,0.00062,4678173,87.77500,5329733
6988,brokenjacobs,33,0.00062,4678206,87.77562,5329733
6989,BuddhiWathsala,33,0.00062,4678239,87.77624,5329733
6990,carlossg,33,0.00062,4678272,87.77685,5329733
6991,chiluk,33,0.00062,4678305,87.77747,5329733
6992,christus02,33,0.00062,4678338,87.77809,5329733
6993,cpoole,33,0.00062,4678371,87.77871,5329733
6994,craigwillis85,33,0.00062,4678404,87.77933,5329733
6995,crisidev,33,0.00062,4678437,87.77995,5329733
6996,cristian04,33,0.00062,4678470,87.78057,5329733
6997,danisla,33,0.00062,4678503,87.78119,5329733
6998,darwhs,33,0.00062,4678536,87.78181,5329733
6999,davidwalter0,33,0.00062,4678569,87.78243,5329733
7000,deustis,33,0.00062,4678602,87.78305,5329733
7001,diegocn,33,0.00062,4678635,87.78367,5329733
7002,dustinspecker,33,0.00062,4678668,87.78428,5329733
7003,eamonnmcmanus,33,0.00062,4678701,87.78490,5329733
7004,EricMountain,33,0.00062,4678734,87.78552,5329733
7006,fbiville,33,0.00062,4678800,87.78676,5329733
7007,fonsecas72,33,0.00062,4678833,87.78738,5329733
7008,gclawes,33,0.00062,4678866,87.78800,5329733
7009,giaquinti,33,0.00062,4678899,87.78862,5329733
7010,greenstatic,33,0.00062,4678932,87.78924,5329733
7011,Grillz,33,0.00062,4678965,87.78986,5329733
7012,guenhter,33,0.00062,4678998,87.79048,5329733
7013,Gurpartap,33,0.00062,4679031,87.79110,5329733
7014,gvkarthik93,33,0.00062,4679064,87.79171,5329733
7015,hamza3202,33,0.00062,4679097,87.79233,5329733
7016,harpratap,33,0.00062,4679130,87.79295,5329733
7017,hkshaw1990,33,0.00062,4679163,87.79357,5329733
7018,iawia002,33,0.00062,4679196,87.79419,5329733
7019,imduffy15,33,0.00062,4679229,87.79481,5329733
7020,iorlas,33,0.00062,4679262,87.79543,5329733
7021,it-praktyk,33,0.00062,4679295,87.79605,5329733
7022,JacobValdemar,33,0.00062,4679328,87.79667,5329733
7023,jcsirot,33,0.00062,4679361,87.79729,5329733
7024,jeffalder,33,0.00062,4679394,87.79791,5329733
7025,jlucktay,33,0.00062,4679427,87.79853,5329733
7026,jonastl,33,0.00062,4679460,87.79914,5329733
7027,jpetazzo,33,0.00062,4679493,87.79976,5329733
7028,jremond,33,0.00062,4679526,87.80038,5329733
7029,jsha,33,0.00062,4679559,87.80100,5329733
7030,kaazoo,33,0.00062,4679592,87.80162,5329733
7031,kevints,33,0.00062,4679625,87.80224,5329733
7032,KindDragon,33,0.00062,4679658,87.80286,5329733
7033,krisdock,33,0.00062,4679691,87.80348,5329733
7034,kumarom,33,0.00062,4679724,87.80410,5329733
7035,kumarrprashant2005,33,0.00062,4679757,87.80472,5329733
7036,kwaazaar,33,0.00062,4679790,87.80534,5329733
7037,kylegato,33,0.00062,4679823,87.80596,5329733
7038,kzwang,33,0.00062,4679856,87.80657,5329733
7039,lag-linaro,33,0.00062,4679889,87.80719,5329733
7040,lareeth,33,0.00062,4679922,87.80781,5329733
7041,larsks,33,0.00062,4679955,87.80843,5329733
7042,lawrencedudley,33,0.00062,4679988,87.80905,5329733
7043,LenutaToderean,33,0.00062,4680021,87.80967,5329733
7044,lingsamuel,33,0.00062,4680054,87.81029,5329733
7045,LinuxGit,33,0.00062,4680087,87.81091,5329733
7046,liyuan198251,33,0.00062,4680120,87.81153,5329733
7047,lucky-sideburn,33,0.00062,4680153,87.81215,5329733
7048,lvicentesanchez,33,0.00062,4680186,87.81277,5329733
7049,lxs137,33,0.00062,4680219,87.81339,5329733
7050,markhpc,33,0.00062,4680252,87.81400,5329733
7051,MaxDiOrio,33,0.00062,4680285,87.81462,5329733
7052,mbrukman,33,0.00062,4680318,87.81524,5329733
7053,mbyczkowski,33,0.00062,4680351,87.81586,5329733
7054,michaelbausor,33,0.00062,4680384,87.81648,5329733
7055,m-no-2017,33,0.00062,4680417,87.81710,5329733
7056,MohamedElqdusy,33,0.00062,4680450,87.81772,5329733
7057,moleksyuk,33,0.00062,4680483,87.81834,5329733
7058,mrrandrade,33,0.00062,4680516,87.81896,5329733
7059,murphybytes,33,0.00062,4680549,87.81958,5329733
7060,nikox94,33,0.00062,4680582,87.82020,5329733
7061,nottix,33,0.00062,4680615,87.82082,5329733
7062,nstogner,33,0.00062,4680648,87.82143,5329733
7063,nutchalum,33,0.00062,4680681,87.82205,5329733
7064,oboukili,33,0.00062,4680714,87.82267,5329733
7065,OrwillT,33,0.00062,4680747,87.82329,5329733
7066,ossareh,33,0.00062,4680780,87.82391,5329733
7067,PeterLamar,33,0.00062,4680813,87.82453,5329733
7068,phemmer,33,0.00062,4680846,87.82515,5329733
7069,philipbjorge,33,0.00062,4680879,87.82577,5329733
7070,piyush-nimbalkar,33,0.00062,4680912,87.82639,5329733
7071,pwillie,33,0.00062,4680945,87.82701,5329733
7072,r0b2g1t,33,0.00062,4680978,87.82763,5329733
7073,rbo13,33,0.00062,4681011,87.82825,5329733
7074,RemingtonReackhof,33,0.00062,4681044,87.82886,5329733
7075,renan,33,0.00062,4681077,87.82948,5329733
7076,rtripat,33,0.00062,4681110,87.83010,5329733
7077,RyanHartje,33,0.00062,4681143,87.83072,5329733
7078,sammerry,33,0.00062,4681176,87.83134,5329733
7079,sandeep3119,33,0.00062,4681209,87.83196,5329733
7080,sandflee,33,0.00062,4681242,87.83258,5329733
7081,SatishRanjan,33,0.00062,4681275,87.83320,5329733
7082,SayakMukhopadhyay,33,0.00062,4681308,87.83382,5329733
7083,schmichael,33,0.00062,4681341,87.83444,5329733
7084,senk,33,0.00062,4681374,87.83506,5329733
7085,silverhandy,33,0.00062,4681407,87.83568,5329733
7086,Simon3,33,0.00062,4681440,87.83629,5329733
7087,snwfdhmp,33,0.00062,4681473,87.83691,5329733
7088,stackedsax,33,0.00062,4681506,87.83753,5329733
7089,stiller-leser,33,0.00062,4681539,87.83815,5329733
7090,The-Loeki,33,0.00062,4681572,87.83877,5329733
7091,tomsucho,33,0.00062,4681605,87.83939,5329733
7092,tsjsdbd,33,0.00062,4681638,87.84001,5329733
7093,tslater,33,0.00062,4681671,87.84063,5329733
7094,tvalasek,33,0.00062,4681704,87.84125,5329733
7095,tyrken,33,0.00062,4681737,87.84187,5329733
7096,Verolop,33,0.00062,4681770,87.84249,5329733
7097,victorboissiere,33,0.00062,4681803,87.84311,5329733
7098,VR6Pete,33,0.00062,4681836,87.84373,5329733
7099,vrutkovs,33,0.00062,4681869,87.84434,5329733
7100,while1eq1,33,0.00062,4681902,87.84496,5329733
7101,wirehead,33,0.00062,4681935,87.84558,5329733
7102,wizard580,33,0.00062,4681968,87.84620,5329733
7103,WoodProgrammer,33,0.00062,4682001,87.84682,5329733
7104,wookasz,33,0.00062,4682034,87.84744,5329733
7105,xiaoshuang-lu,33,0.00062,4682067,87.84806,5329733
7106,XuHuaiyu,33,0.00062,4682100,87.84868,5329733
7107,yakitorii,33,0.00062,4682133,87.84930,5329733
7108,ZhuPeng,33,0.00062,4682166,87.84992,5329733
7109,aanandr,32,0.00060,4682198,87.85052,5329733
7110,adrianreber,32,0.00060,4682230,87.85112,5329733
7111,ahanabi,32,0.00060,4682262,87.85172,5329733
7112,ahsan-storm,32,0.00060,4682294,87.85232,5329733
7113,alvarobacelar,32,0.00060,4682326,87.85292,5329733
7114,alvgarvilla,32,0.00060,4682358,87.85352,5329733
7115,aminebizid,32,0.00060,4682390,87.85412,5329733
7116,andrew-waters,32,0.00060,4682422,87.85472,5329733
7117,andromedarabbit,32,0.00060,4682454,87.85532,5329733
7118,andyliuliming,32,0.00060,4682486,87.85592,5329733
7119,Ashish-Bansal,32,0.00060,4682518,87.85652,5329733
7120,ashishbharthi,32,0.00060,4682550,87.85712,5329733
7121,Atul9,32,0.00060,4682582,87.85772,5329733
7122,barkbay,32,0.00060,4682614,87.85832,5329733
7123,barryib,32,0.00060,4682646,87.85892,5329733
7124,bdpiparva,32,0.00060,4682678,87.85952,5329733
7125,bfournie,32,0.00060,4682710,87.86012,5329733
7126,billpratt,32,0.00060,4682742,87.86072,5329733
7127,bond-,32,0.00060,4682774,87.86132,5329733
7128,bzumhagen,32,0.00060,4682806,87.86192,5329733
7129,calder,32,0.00060,4682838,87.86253,5329733
7130,cfontes,32,0.00060,4682870,87.86313,5329733
7131,championshuttler,32,0.00060,4682902,87.86373,5329733
7132,CoderAway28th,32,0.00060,4682934,87.86433,5329733
7133,CodingFabian,32,0.00060,4682966,87.86493,5329733
7134,codwu,32,0.00060,4682998,87.86553,5329733
7135,coolsvap,32,0.00060,4683030,87.86613,5329733
7136,crockpotveggies,32,0.00060,4683062,87.86673,5329733
7137,cromefire,32,0.00060,4683094,87.86733,5329733
7138,cschockaert,32,0.00060,4683126,87.86793,5329733
7139,cyb70289,32,0.00060,4683158,87.86853,5329733
7140,cytar,32,0.00060,4683190,87.86913,5329733
7141,danielwhatmuff,32,0.00060,4683222,87.86973,5329733
7142,darkk,32,0.00060,4683254,87.87033,5329733
7143,datuanmac,32,0.00060,4683286,87.87093,5329733
7144,dhoer,32,0.00060,4683318,87.87153,5329733
7145,dmonakhov,32,0.00060,4683350,87.87213,5329733
7146,dopuskh3,32,0.00060,4683382,87.87273,5329733
7147,druidsbane,32,0.00060,4683414,87.87333,5329733
7148,dshackith,32,0.00060,4683446,87.87393,5329733
7149,dtrejod,32,0.00060,4683478,87.87453,5329733
7150,Dysproz,32,0.00060,4683510,87.87513,5329733
7151,e-backmark-ericsson,32,0.00060,4683542,87.87573,5329733
7152,eddytruyen,32,0.00060,4683574,87.87633,5329733
7153,edsonmarquezani,32,0.00060,4683606,87.87693,5329733
7154,elafontaine,32,0.00060,4683638,87.87754,5329733
7155,ellenkorbes,32,0.00060,4683670,87.87814,5329733
7156,ellisv,32,0.00060,4683702,87.87874,5329733
7157,eugene-chow,32,0.00060,4683734,87.87934,5329733
7158,faheem-cliqz,32,0.00060,4683766,87.87994,5329733
7159,falcon78921,32,0.00060,4683798,87.88054,5329733
7160,fbarl,32,0.00060,4683830,87.88114,5329733
7161,fhwang,32,0.00060,4683862,87.88174,5329733
7162,fiorix,32,0.00060,4683894,87.88234,5329733
7163,funny-falcon,32,0.00060,4683926,87.88294,5329733
7164,ged15,32,0.00060,4683958,87.88354,5329733
7165,genioshelo,32,0.00060,4683990,87.88414,5329733
7166,glicht,32,0.00060,4684022,87.88474,5329733
7167,gobomb,32,0.00060,4684054,87.88534,5329733
7168,goostleek,32,0.00060,4684086,87.88594,5329733
7169,GoWind,32,0.00060,4684118,87.88654,5329733
7170,grantleehoffman,32,0.00060,4684150,87.88714,5329733
7171,guitmz,32,0.00060,4684182,87.88774,5329733
7172,huntharo,32,0.00060,4684214,87.88834,5329733
7173,IamPrvn,32,0.00060,4684246,87.88894,5329733
7174,icholy,32,0.00060,4684278,87.88954,5329733
7175,imranismail,32,0.00060,4684310,87.89014,5329733
7176,inexplicable,32,0.00060,4684342,87.89074,5329733
7177,isaaguilar,32,0.00060,4684374,87.89134,5329733
7178,jackysp,32,0.00060,4684406,87.89195,5329733
7179,jamesgoodhouse,32,0.00060,4684438,87.89255,5329733
7180,jantman,32,0.00060,4684470,87.89315,5329733
7181,jeffmhastings,32,0.00060,4684502,87.89375,5329733
7182,jeskosda,32,0.00060,4684534,87.89435,5329733
7183,jovizhangwei,32,0.00060,4684566,87.89495,5329733
7184,jschlichtholz,32,0.00060,4684598,87.89555,5329733
7185,jseely,32,0.00060,4684630,87.89615,5329733
7186,kdomanski,32,0.00060,4684662,87.89675,5329733
7187,kesavanvt,32,0.00060,4684694,87.89735,5329733
7188,kierenj,32,0.00060,4684726,87.89795,5329733
7189,kirs,32,0.00060,4684758,87.89855,5329733
7190,kriswuollett,32,0.00060,4684790,87.89915,5329733
7191,kubicgruenfeld,32,0.00060,4684822,87.89975,5329733
7192,lazzarello,32,0.00060,4684854,87.90035,5329733
7193,leodotcloud,32,0.00060,4684886,87.90095,5329733
7194,ljdelight,32,0.00060,4684918,87.90155,5329733
7195,marcosrmendezthd,32,0.00060,4684950,87.90215,5329733
7196,MartinWeindel,32,0.00060,4684982,87.90275,5329733
7197,mattsmithdatera,32,0.00060,4685014,87.90335,5329733
7198,maxbrunet,32,0.00060,4685046,87.90395,5329733
7199,MaysaMacedo,32,0.00060,4685078,87.90455,5329733
7200,mbogoevici,32,0.00060,4685110,87.90515,5329733
7201,MeghnaPrabhu,32,0.00060,4685142,87.90575,5329733
7202,mfrw,32,0.00060,4685174,87.90635,5329733
7203,mikeroyal,32,0.00060,4685206,87.90696,5329733
7204,miles-,32,0.00060,4685238,87.90756,5329733
7205,mmgaggle,32,0.00060,4685270,87.90816,5329733
7206,mmrozek,32,0.00060,4685302,87.90876,5329733
7207,mokua,32,0.00060,4685334,87.90936,5329733
7208,mrwulf,32,0.00060,4685366,87.90996,5329733
7209,mufti1,32,0.00060,4685398,87.91056,5329733
7210,nick4fake,32,0.00060,4685430,87.91116,5329733
7211,nicr9,32,0.00060,4685462,87.91176,5329733
7212,ninoabbate,32,0.00060,4685494,87.91236,5329733
7213,nqn,32,0.00060,4685526,87.91296,5329733
7214,paurullan,32,0.00060,4685558,87.91356,5329733
7215,perhapszzy,32,0.00060,4685590,87.91416,5329733
7216,pichouk,32,0.00060,4685622,87.91476,5329733
7217,poweroftrue,32,0.00060,4685654,87.91536,5329733
7218,prabhakar-pal,32,0.00060,4685686,87.91596,5329733
7219,pragashj,32,0.00060,4685718,87.91656,5329733
7220,prestonvanloon,32,0.00060,4685750,87.91716,5329733
7221,ProgramerGu,32,0.00060,4685782,87.91776,5329733
7222,qbl,32,0.00060,4685814,87.91836,5329733
7223,rccrdpccl,32,0.00060,4685846,87.91896,5329733
7224,rgarcia89,32,0.00060,4685878,87.91956,5329733
7225,rmohta,32,0.00060,4685910,87.92016,5329733
7226,rnetser,32,0.00060,4685942,87.92076,5329733
7227,robertsheehy-wf,32,0.00060,4685974,87.92136,5329733
7228,ryedin,32,0.00060,4686006,87.92197,5329733
7229,sabbour,32,0.00060,4686038,87.92257,5329733
7230,sakajunquality,32,0.00060,4686070,87.92317,5329733
7231,sethvargo,32,0.00060,4686102,87.92377,5329733
7232,sgarbour,32,0.00060,4686134,87.92437,5329733
7233,shanegibbs,32,0.00060,4686166,87.92497,5329733
7234,ShualLiu,32,0.00060,4686198,87.92557,5329733
7235,sils1297,32,0.00060,4686230,87.92617,5329733
7236,silverskyvicto,32,0.00060,4686262,87.92677,5329733
7237,skomma,32,0.00060,4686294,87.92737,5329733
7238,slang800,32,0.00060,4686326,87.92797,5329733
7239,smanpathak,32,0.00060,4686358,87.92857,5329733
7240,songleo,32,0.00060,4686390,87.92917,5329733
7241,ss22ever,32,0.00060,4686422,87.92977,5329733
7242,starizard,32,0.00060,4686454,87.93037,5329733
7243,stgarf,32,0.00060,4686486,87.93097,5329733
7244,tanuck,32,0.00060,4686518,87.93157,5329733
7245,Timer,32,0.00060,4686550,87.93217,5329733
7246,tomxor,32,0.00060,4686582,87.93277,5329733
7247,trobert2,32,0.00060,4686614,87.93337,5329733
7248,unak,32,0.00060,4686646,87.93397,5329733
7249,Urigo,32,0.00060,4686678,87.93457,5329733
7250,uromahn,32,0.00060,4686710,87.93517,5329733
7251,vaibhavsood,32,0.00060,4686742,87.93577,5329733
7252,vbannai,32,0.00060,4686774,87.93638,5329733
7253,vishal-biyani,32,0.00060,4686806,87.93698,5329733
7254,wienczny,32,0.00060,4686838,87.93758,5329733
7255,wxsms,32,0.00060,4686870,87.93818,5329733
7256,xiaogaozi,32,0.00060,4686902,87.93878,5329733
7257,xin-styra,32,0.00060,4686934,87.93938,5329733
7258,xtreme-conor-nosal,32,0.00060,4686966,87.93998,5329733
7259,yinshuxun,32,0.00060,4686998,87.94058,5329733
7260,zestrells,32,0.00060,4687030,87.94118,5329733
7261,ABHIYANSHU,31,0.00058,4687061,87.94176,5329733
7262,adawolfs,31,0.00058,4687092,87.94234,5329733
7263,adg,31,0.00058,4687123,87.94292,5329733
7264,agill17,31,0.00058,4687154,87.94350,5329733
7265,ajkumar01,31,0.00058,4687185,87.94409,5329733
7266,AlawnWong,31,0.00058,4687216,87.94467,5329733
7267,amitsehgal,31,0.00058,4687247,87.94525,5329733
7268,AndresPineros,31,0.00058,4687278,87.94583,5329733
7269,andrewwatson,31,0.00058,4687309,87.94641,5329733
7270,andriisoldatenko,31,0.00058,4687340,87.94699,5329733
7271,AndyXia23,31,0.00058,4687371,87.94758,5329733
7272,antonlindstrom,31,0.00058,4687402,87.94816,5329733
7273,arbourd,31,0.00058,4687433,87.94874,5329733
7274,arminc,31,0.00058,4687464,87.94932,5329733
7275,artem-panchenko,31,0.00058,4687495,87.94990,5329733
7276,ashic,31,0.00058,4687526,87.95048,5329733
7277,atrauzzi,31,0.00058,4687557,87.95107,5329733
7278,aviau,31,0.00058,4687588,87.95165,5329733
7279,bhargav-naik,31,0.00058,4687619,87.95223,5329733
7280,bkuschel,31,0.00058,4687650,87.95281,5329733
7281,BryanHunt,31,0.00058,4687681,87.95339,5329733
7282,bwagner5,31,0.00058,4687712,87.95397,5329733
7283,cdemers,31,0.00058,4687743,87.95456,5329733
7284,cfrantsen,31,0.00058,4687774,87.95514,5329733
7285,colachg,31,0.00058,4687805,87.95572,5329733
7286,DanielMSchmidt,31,0.00058,4687836,87.95630,5329733
7287,dbdd4us,31,0.00058,4687867,87.95688,5329733
7288,dgonzalez,31,0.00058,4687898,87.95746,5329733
7289,distol,31,0.00058,4687929,87.95805,5329733
7290,donaldliu,31,0.00058,4687960,87.95863,5329733
7291,dsexton,31,0.00058,4687991,87.95921,5329733
7292,dungdm93,31,0.00058,4688022,87.95979,5329733
7293,dvavili,31,0.00058,4688053,87.96037,5329733
7294,earthdiaosi,31,0.00058,4688084,87.96095,5329733
7295,Ecsy,31,0.00058,4688115,87.96154,5329733
7296,edjames,31,0.00058,4688146,87.96212,5329733
7297,emwalker,31,0.00058,4688177,87.96270,5329733
7298,ericandrewlewis,31,0.00058,4688208,87.96328,5329733
7299,eumel8,31,0.00058,4688239,87.96386,5329733
7300,ezeev,31,0.00058,4688270,87.96444,5329733
7301,finkr,31,0.00058,4688301,87.96503,5329733
7302,flavio,31,0.00058,4688332,87.96561,5329733
7303,floriantraber,31,0.00058,4688363,87.96619,5329733
7304,GBrawl,31,0.00058,4688394,87.96677,5329733
7305,giganteous,31,0.00058,4688425,87.96735,5329733
7306,haardikdharma10,31,0.00058,4688456,87.96793,5329733
7307,hanlins,31,0.00058,4688487,87.96852,5329733
7308,haon4,31,0.00058,4688518,87.96910,5329733
7309,harutyundermenjyan,31,0.00058,4688549,87.96968,5329733
7310,hbokh,31,0.00058,4688580,87.97026,5329733
7311,hercynium,31,0.00058,4688611,87.97084,5329733
7312,hibbert,31,0.00058,4688642,87.97142,5329733
7313,hmcgonig,31,0.00058,4688673,87.97201,5329733
7314,hvnsweeting,31,0.00058,4688704,87.97259,5329733
7315,hzamani,31,0.00058,4688735,87.97317,5329733
7316,igorbernstein2,31,0.00058,4688766,87.97375,5329733
7317,igorvpcleao,31,0.00058,4688797,87.97433,5329733
7318,il9ue,31,0.00058,4688828,87.97491,5329733
7319,intlabs,31,0.00058,4688859,87.97550,5329733
7320,irbull,31,0.00058,4688890,87.97608,5329733
7321,jamielennox,31,0.00058,4688921,87.97666,5329733
7322,jasimmons,31,0.00058,4688952,87.97724,5329733
7323,jayconrod,31,0.00058,4688983,87.97782,5329733
7324,jbussdieker,31,0.00058,4689014,87.97840,5329733
7325,jinuxstyle,31,0.00058,4689045,87.97899,5329733
7326,jlaswell,31,0.00058,4689076,87.97957,5329733
7327,johnbazan,31,0.00058,4689107,87.98015,5329733
7328,jomach,31,0.00058,4689138,87.98073,5329733
7329,josephgorse,31,0.00058,4689169,87.98131,5329733
7330,jsuchome,31,0.00058,4689200,87.98189,5329733
7331,Juanchimienti,31,0.00058,4689231,87.98247,5329733
7332,junkiebev,31,0.00058,4689262,87.98306,5329733
7333,kamilhristov,31,0.00058,4689293,87.98364,5329733
7334,keglevich3,31,0.00058,4689324,87.98422,5329733
7335,kooba,31,0.00058,4689355,87.98480,5329733
7336,kou,31,0.00058,4689386,87.98538,5329733
7337,kwasimensah,31,0.00058,4689417,87.98596,5329733
7338,kwmonroe,31,0.00058,4689448,87.98655,5329733
7339,kyoto,31,0.00058,4689479,87.98713,5329733
7340,leoblanc,31,0.00058,4689510,87.98771,5329733
7341,llby,31,0.00058,4689541,87.98829,5329733
7342,longwuyuan,31,0.00058,4689572,87.98887,5329733
7343,lookuptable,31,0.00058,4689603,87.98945,5329733
7344,mandelmonkey,31,0.00058,4689634,87.99004,5329733
7345,maplebed,31,0.00058,4689665,87.99062,5329733
7346,mathieuherbert,31,0.00058,4689696,87.99120,5329733
7347,mattiaperi,31,0.00058,4689727,87.99178,5329733
7348,mburke5678,31,0.00058,4689758,87.99236,5329733
7349,mewzherder,31,0.00058,4689789,87.99294,5329733
7350,mgadda,31,0.00058,4689820,87.99353,5329733
7351,mguegan,31,0.00058,4689851,87.99411,5329733
7352,moshebs,31,0.00058,4689882,87.99469,5329733
7353,mridulv,31,0.00058,4689913,87.99527,5329733
7354,mstump,31,0.00058,4689944,87.99585,5329733
7355,mvasilenko,31,0.00058,4689975,87.99643,5329733
7356,nicolasbelanger,31,0.00058,4690006,87.99702,5329733
7357,nikolay-pshenichny,31,0.00058,4690037,87.99760,5329733
7358,nodesocket,31,0.00058,4690068,87.99818,5329733
7359,oblazek,31,0.00058,4690099,87.99876,5329733
7360,pahofmann,31,0.00058,4690130,87.99934,5329733
7361,patricklucas,31,0.00058,4690161,87.99992,5329733
7362,patrikerdes,31,0.00058,4690192,88.00051,5329733
7363,pb82,31,0.00058,4690223,88.00109,5329733
7364,peterrosell,31,0.00058,4690254,88.00167,5329733
7365,pfuhrmann,31,0.00058,4690285,88.00225,5329733
7366,pidster,31,0.00058,4690316,88.00283,5329733
7367,pmontanari,31,0.00058,4690347,88.00341,5329733
7368,przemolb,31,0.00058,4690378,88.00400,5329733
7369,rabbitstack,31,0.00058,4690409,88.00458,5329733
7370,radtriste,31,0.00058,4690440,88.00516,5329733
7371,raesene,31,0.00058,4690471,88.00574,5329733
7372,raphw,31,0.00058,4690502,88.00632,5329733
7373,rareddy,31,0.00058,4690533,88.00690,5329733
7374,rasavant-ms,31,0.00058,4690564,88.00749,5329733
7375,rchakra3,31,0.00058,4690595,88.00807,5329733
7376,robbiet480,31,0.00058,4690626,88.00865,5329733
7377,ror6ax,31,0.00058,4690657,88.00923,5329733
7378,Rupeshiya,31,0.00058,4690688,88.00981,5329733
7379,ryarnyah,31,0.00058,4690719,88.01039,5329733
7380,saneera,31,0.00058,4690750,88.01098,5329733
7381,scheeles,31,0.00058,4690781,88.01156,5329733
7382,schmidt-sebastian,31,0.00058,4690812,88.01214,5329733
7383,sduskis,31,0.00058,4690843,88.01272,5329733
7384,shewless,31,0.00058,4690874,88.01330,5329733
7385,shinji62,31,0.00058,4690905,88.01388,5329733
7386,smarkm,31,0.00058,4690936,88.01447,5329733
7387,SongGithub,31,0.00058,4690967,88.01505,5329733
7388,splittingred,31,0.00058,4690998,88.01563,5329733
7389,stefanmb,31,0.00058,4691029,88.01621,5329733
7390,steinybot,31,0.00058,4691060,88.01679,5329733
7391,stepanstipl,31,0.00058,4691091,88.01737,5329733
7392,suigh,31,0.00058,4691122,88.01796,5329733
7393,sumeer,31,0.00058,4691153,88.01854,5329733
7394,syedriko,31,0.00058,4691184,88.01912,5329733
7395,Syn3rman,31,0.00058,4691215,88.01970,5329733
7396,syndbg,31,0.00058,4691246,88.02028,5329733
7397,takahasi,31,0.00058,4691277,88.02086,5329733
7398,talk2vino,31,0.00058,4691308,88.02144,5329733
7399,techdragon,31,0.00058,4691339,88.02203,5329733
7400,Tedezed,31,0.00058,4691370,88.02261,5329733
7401,tehnerd,31,0.00058,4691401,88.02319,5329733
7402,timbray,31,0.00058,4691432,88.02377,5329733
7403,timfpark,31,0.00058,4691463,88.02435,5329733
7404,tinkerware,31,0.00058,4691494,88.02493,5329733
7405,tinytub,31,0.00058,4691525,88.02552,5329733
7406,toabctl,31,0.00058,4691556,88.02610,5329733
7407,tomjohnburton,31,0.00058,4691587,88.02668,5329733
7408,totallyunknown,31,0.00058,4691618,88.02726,5329733
7409,trungnvfet,31,0.00058,4691649,88.02784,5329733
7410,twishasaraiya,31,0.00058,4691680,88.02842,5329733
7411,vanekjar,31,0.00058,4691711,88.02901,5329733
7412,venkat-443,31,0.00058,4691742,88.02959,5329733
7413,vincentmli,31,0.00058,4691773,88.03017,5329733
7414,weherdh,31,0.00058,4691804,88.03075,5329733
7415,wfhartford,31,0.00058,4691835,88.03133,5329733
7416,whs,31,0.00058,4691866,88.03191,5329733
7417,wjhuang2016,31,0.00058,4691897,88.03250,5329733
7418,wzhliang,31,0.00058,4691928,88.03308,5329733
7419,wzqnls,31,0.00058,4691959,88.03366,5329733
7420,xcoulon,31,0.00058,4691990,88.03424,5329733
7421,yasongxu,31,0.00058,4692021,88.03482,5329733
7422,Zempashi,31,0.00058,4692052,88.03540,5329733
7423,Zhuzhenghao,31,0.00058,4692083,88.03599,5329733
7424,zmt,31,0.00058,4692114,88.03657,5329733
7425,zonghaishang,31,0.00058,4692145,88.03715,5329733
7426,zw963,31,0.00058,4692176,88.03773,5329733
7427,abicky,30,0.00056,4692206,88.03829,5329733
7428,abserari,30,0.00056,4692236,88.03886,5329733
7429,albertomurillo,30,0.00056,4692266,88.03942,5329733
7430,alex859,30,0.00056,4692296,88.03998,5329733
7431,AlexLast,30,0.00056,4692326,88.04055,5329733
7432,AlexZzz,30,0.00056,4692356,88.04111,5329733
7433,allenhaozi,30,0.00056,4692386,88.04167,5329733
7434,amitkgupta,30,0.00056,4692416,88.04223,5329733
7435,Andrei-Pozolotin,30,0.00056,4692446,88.04280,5329733
7436,anshprat,30,0.00056,4692476,88.04336,5329733
7437,Aracki,30,0.00056,4692506,88.04392,5329733
7438,ArieLevs,30,0.00056,4692536,88.04449,5329733
7439,arnaudmz,30,0.00056,4692566,88.04505,5329733
7440,asac,30,0.00056,4692596,88.04561,5329733
7441,astorm,30,0.00056,4692626,88.04617,5329733
7442,bbourbie,30,0.00056,4692656,88.04674,5329733
7443,boxcee,30,0.00056,4692686,88.04730,5329733
7444,breath-co2,30,0.00056,4692716,88.04786,5329733
7445,brentpearson,30,0.00056,4692746,88.04843,5329733
7446,burdzwastaken,30,0.00056,4692776,88.04899,5329733
7447,byxorna,30,0.00056,4692806,88.04955,5329733
7448,caseylucas,30,0.00056,4692836,88.05011,5329733
7449,caulagi,30,0.00056,4692866,88.05068,5329733
7450,cdevienne,30,0.00056,4692896,88.05124,5329733
7451,cehoffman,30,0.00056,4692926,88.05180,5329733
7452,cgetzen,30,0.00056,4692956,88.05237,5329733
7453,chanezon,30,0.00056,4692986,88.05293,5329733
7454,Charles546,30,0.00056,4693016,88.05349,5329733
7455,CharlieC3,30,0.00056,4693046,88.05405,5329733
7456,chemicL,30,0.00056,4693076,88.05462,5329733
7457,chrisseto,30,0.00056,4693106,88.05518,5329733
7458,chupman,30,0.00056,4693136,88.05574,5329733
7459,CoRfr,30,0.00056,4693166,88.05631,5329733
7460,corny,30,0.00056,4693196,88.05687,5329733
7461,costela,30,0.00056,4693226,88.05743,5329733
7462,cpitstick-argo,30,0.00056,4693256,88.05799,5329733
7463,cpointner,30,0.00056,4693286,88.05856,5329733
7464,crazytan,30,0.00056,4693316,88.05912,5329733
7465,crombus,30,0.00056,4693346,88.05968,5329733
7466,dashford,30,0.00056,4693376,88.06025,5329733
7467,DavidLangworthy,30,0.00056,4693406,88.06081,5329733
7468,DavidZisky,30,0.00056,4693436,88.06137,5329733
7469,dbanda,30,0.00056,4693466,88.06193,5329733
7470,dcadevil,30,0.00056,4693496,88.06250,5329733
7471,deepaksood619,30,0.00056,4693526,88.06306,5329733
7472,deimosfr,30,0.00056,4693556,88.06362,5329733
7473,derberg,30,0.00056,4693586,88.06419,5329733
7474,deveshk0,30,0.00056,4693616,88.06475,5329733
7475,dichen16,30,0.00056,4693646,88.06531,5329733
7476,digger18,30,0.00056,4693676,88.06587,5329733
7477,dirkmueller,30,0.00056,4693706,88.06644,5329733
7478,droccom,30,0.00056,4693736,88.06700,5329733
7479,dsslater,30,0.00056,4693766,88.06756,5329733
7480,duchuanLX,30,0.00056,4693796,88.06813,5329733
7481,dusansusic,30,0.00056,4693826,88.06869,5329733
7482,dvdmuckle,30,0.00056,4693856,88.06925,5329733
7483,edwardstudy,30,0.00056,4693886,88.06982,5329733
7484,ekarlso,30,0.00056,4693916,88.07038,5329733
7485,elegos,30,0.00056,4693946,88.07094,5329733
7486,eyalev,30,0.00056,4693976,88.07150,5329733
7487,eytankidron,30,0.00056,4694006,88.07207,5329733
7488,felippe-mendonca,30,0.00056,4694036,88.07263,5329733
7489,Fodoj,30,0.00056,4694066,88.07319,5329733
7490,gaoning777,30,0.00056,4694096,88.07376,5329733
7491,gavrie,30,0.00056,4694126,88.07432,5329733
7492,geoah,30,0.00056,4694156,88.07488,5329733
7493,georgettica,30,0.00056,4694186,88.07544,5329733
7494,gkelly,30,0.00056,4694216,88.07601,5329733
7495,haf-afa,30,0.00056,4694246,88.07657,5329733
7496,helios741,30,0.00056,4694276,88.07713,5329733
7497,hnykda,30,0.00056,4694306,88.07770,5329733
7498,hprotzek,30,0.00056,4694336,88.07826,5329733
7499,hwinkel,30,0.00056,4694366,88.07882,5329733
7500,ijumps,30,0.00056,4694396,88.07938,5329733
7501,imesh,30,0.00056,4694426,88.07995,5329733
7502,jar349,30,0.00056,4694456,88.08051,5329733
7503,jlouis,30,0.00056,4694486,88.08107,5329733
7504,jmccarty3,30,0.00056,4694516,88.08164,5329733
7505,jmn,30,0.00056,4694546,88.08220,5329733
7506,jniederm,30,0.00056,4694576,88.08276,5329733
7507,jonmoter,30,0.00056,4694606,88.08332,5329733
7508,jsulinski,30,0.00056,4694636,88.08389,5329733
7509,junaid18183,30,0.00056,4694666,88.08445,5329733
7510,kadaan,30,0.00056,4694696,88.08501,5329733
7511,kamsz,30,0.00056,4694726,88.08558,5329733
7512,kaoet,30,0.00056,4694756,88.08614,5329733
7513,karthikbox,30,0.00056,4694786,88.08670,5329733
7514,kilianc,30,0.00056,4694816,88.08726,5329733
7515,knrc,30,0.00056,4694846,88.08783,5329733
7516,KnVerey,30,0.00056,4694876,88.08839,5329733
7517,Kuqd,30,0.00056,4694906,88.08895,5329733
7518,lberki,30,0.00056,4694936,88.08952,5329733
7519,leileiwan,30,0.00056,4694966,88.09008,5329733
7520,lerencao,30,0.00056,4694996,88.09064,5329733
7521,LionelCons,30,0.00056,4695026,88.09120,5329733
7522,lmxia,30,0.00056,4695056,88.09177,5329733
7523,LSmyrnaios,30,0.00056,4695086,88.09233,5329733
7524,lsowen,30,0.00056,4695116,88.09289,5329733
7525,luarx,30,0.00056,4695146,88.09346,5329733
7526,luis5tb,30,0.00056,4695176,88.09402,5329733
7527,manansaraf,30,0.00056,4695206,88.09458,5329733
7528,MartinKaburu,30,0.00056,4695236,88.09514,5329733
7529,martinlindhe,30,0.00056,4695266,88.09571,5329733
7530,marwan-at-work,30,0.00056,4695296,88.09627,5329733
7531,Masquerade0097,30,0.00056,4695326,88.09683,5329733
7532,mathetake,30,0.00056,4695356,88.09740,5329733
7533,meowfaceman,30,0.00056,4695386,88.09796,5329733
7534,mesutcelik,30,0.00056,4695416,88.09852,5329733
7535,mhumeSF,30,0.00056,4695446,88.09908,5329733
7536,MMartyn,30,0.00056,4695476,88.09965,5329733
7537,mmoya,30,0.00056,4695506,88.10021,5329733
7538,mnagy,30,0.00056,4695536,88.10077,5329733
7539,Mokto,30,0.00056,4695566,88.10134,5329733
7540,monaka,30,0.00056,4695596,88.10190,5329733
7541,mrezaei00,30,0.00056,4695626,88.10246,5329733
7542,nagexiucai,30,0.00056,4695656,88.10303,5329733
7543,nazar-pc,30,0.00056,4695686,88.10359,5329733
7544,nbutton23,30,0.00056,4695716,88.10415,5329733
7545,neverfox,30,0.00056,4695746,88.10471,5329733
7546,nhw76,30,0.00056,4695776,88.10528,5329733
7547,noah8713,30,0.00056,4695806,88.10584,5329733
7548,null93,30,0.00056,4695836,88.10640,5329733
7549,octete,30,0.00056,4695866,88.10697,5329733
7550,ofcourseican,30,0.00056,4695896,88.10753,5329733
7551,oleksiys,30,0.00056,4695926,88.10809,5329733
7552,ondrejmular,30,0.00056,4695956,88.10865,5329733
7553,pesho,30,0.00056,4695986,88.10922,5329733
7554,petervandenabeele,30,0.00056,4696016,88.10978,5329733
7555,pgporada,30,0.00056,4696046,88.11034,5329733
7556,phil9909,30,0.00056,4696076,88.11091,5329733
7557,pierDipi,30,0.00056,4696106,88.11147,5329733
7558,pierreyves-lebrun,30,0.00056,4696136,88.11203,5329733
7559,pradeeppandeyy,30,0.00056,4696166,88.11259,5329733
7560,pslijkhuis,30,0.00056,4696196,88.11316,5329733
7561,puckpuck,30,0.00056,4696226,88.11372,5329733
7562,rabadin,30,0.00056,4696256,88.11428,5329733
7563,RichardScothern,30,0.00056,4696286,88.11485,5329733
7564,ricktbaker,30,0.00056,4696316,88.11541,5329733
7565,roganartu,30,0.00056,4696346,88.11597,5329733
7566,ryanelian,30,0.00056,4696376,88.11653,5329733
7567,sammcj,30,0.00056,4696406,88.11710,5329733
7568,sanjana-bhat,30,0.00056,4696436,88.11766,5329733
7569,sannimichaelse,30,0.00056,4696466,88.11822,5329733
7570,Savemech,30,0.00056,4696496,88.11879,5329733
7571,SaveTheRbtz,30,0.00056,4696526,88.11935,5329733
7572,sellers,30,0.00056,4696556,88.11991,5329733
7573,ServerNinja,30,0.00056,4696586,88.12047,5329733
7574,sfitts,30,0.00056,4696616,88.12104,5329733
7575,shanesiebken,30,0.00056,4696646,88.12160,5329733
7576,sheng-liang,30,0.00056,4696676,88.12216,5329733
7577,shlao,30,0.00056,4696706,88.12273,5329733
7578,shmish111,30,0.00056,4696736,88.12329,5329733
7579,siddharthab,30,0.00056,4696766,88.12385,5329733
7580,slallema,30,0.00056,4696796,88.12441,5329733
7581,Sryther,30,0.00056,4696826,88.12498,5329733
7582,ssbarnea,30,0.00056,4696856,88.12554,5329733
7583,stevemcquaid,30,0.00056,4696886,88.12610,5329733
7584,stgricci,30,0.00056,4696916,88.12667,5329733
7585,sungwonh,30,0.00056,4696946,88.12723,5329733
7586,svenwltr,30,0.00056,4696976,88.12779,5329733
7587,tammersaleh,30,0.00056,4697006,88.12835,5329733
7588,Tapppi,30,0.00056,4697036,88.12892,5329733
7589,tlbdk,30,0.00056,4697066,88.12948,5329733
7590,tonobo,30,0.00056,4697096,88.13004,5329733
7591,TwinProduction,30,0.00056,4697126,88.13061,5329733
7592,w9n,30,0.00056,4697156,88.13117,5329733
7593,WarheadsSE,30,0.00056,4697186,88.13173,5329733
7594,wdhif,30,0.00056,4697216,88.13229,5329733
7595,woodruffw,30,0.00056,4697246,88.13286,5329733
7596,xiuqiaoli,30,0.00056,4697276,88.13342,5329733
7597,yland,30,0.00056,4697306,88.13398,5329733
7598,zhujian7,30,0.00056,4697336,88.13455,5329733
7599,zimme,30,0.00056,4697366,88.13511,5329733
7600,zmsp,30,0.00056,4697396,88.13567,5329733
7601,zpao,30,0.00056,4697426,88.13623,5329733
7602,0xAX,29,0.00054,4697455,88.13678,5329733
7603,AdheipSingh,29,0.00054,4697484,88.13732,5329733
7604,aeijdenberg,29,0.00054,4697513,88.13787,5329733
7605,AkashKrDutta,29,0.00054,4697542,88.13841,5329733
7606,aladjadj,29,0.00054,4697571,88.13896,5329733
7607,alastairs,29,0.00054,4697600,88.13950,5329733
7608,AlexeyKasatkin,29,0.00054,4697629,88.14004,5329733
7609,andsens,29,0.00054,4697658,88.14059,5329733
7610,anjia0532,29,0.00054,4697687,88.14113,5329733
7611,anta5010,29,0.00054,4697716,88.14168,5329733
7612,aparcar,29,0.00054,4697745,88.14222,5329733
7613,arekkas,29,0.00054,4697774,88.14276,5329733
7614,artbegolli,29,0.00054,4697803,88.14331,5329733
7615,BA1RY,29,0.00054,4697832,88.14385,5329733
7616,benclapp,29,0.00054,4697861,88.14440,5329733
7617,bencompton,29,0.00054,4697890,88.14494,5329733
7618,bksteiny,29,0.00054,4697919,88.14548,5329733
7619,bpicolo,29,0.00054,4697948,88.14603,5329733
7620,brantb,29,0.00054,4697977,88.14657,5329733
7621,callebjorkell,29,0.00054,4698006,88.14712,5329733
7622,castlemilk,29,0.00054,4698035,88.14766,5329733
7623,ccamacho,29,0.00054,4698064,88.14821,5329733
7624,cdancy,29,0.00054,4698093,88.14875,5329733
7625,chkal,29,0.00054,4698122,88.14929,5329733
7626,ClementGautier,29,0.00054,4698151,88.14984,5329733
7627,cometrojan,29,0.00054,4698180,88.15038,5329733
7628,concaf,29,0.00054,4698209,88.15093,5329733
7629,cornelius-keller,29,0.00054,4698238,88.15147,5329733
7630,cortopy,29,0.00054,4698267,88.15201,5329733
7631,Cottonglow,29,0.00054,4698296,88.15256,5329733
7632,danbondd,29,0.00054,4698325,88.15310,5329733
7633,danielepolencic,29,0.00054,4698354,88.15365,5329733
7634,danlanxiaohei,29,0.00054,4698383,88.15419,5329733
7635,davi5e,29,0.00054,4698412,88.15473,5329733
7636,de1m,29,0.00054,4698441,88.15528,5329733
7637,deepthawtz,29,0.00054,4698470,88.15582,5329733
7638,denibertovic,29,0.00054,4698499,88.15637,5329733
7639,DerrickMartinez,29,0.00054,4698528,88.15691,5329733
7640,Deshke,29,0.00054,4698557,88.15746,5329733
7641,dick-twocows,29,0.00054,4698586,88.15800,5329733
7642,DisDis,29,0.00054,4698615,88.15854,5329733
7643,dkozlov,29,0.00054,4698644,88.15909,5329733
7644,dmage,29,0.00054,4698673,88.15963,5329733
7645,dnauck,29,0.00054,4698702,88.16018,5329733
7646,draeron,29,0.00054,4698731,88.16072,5329733
7647,drbugfinder-work,29,0.00054,4698760,88.16126,5329733
7648,earlruby,29,0.00054,4698789,88.16181,5329733
7649,eh-am,29,0.00054,4698818,88.16235,5329733
7650,enis,29,0.00054,4698847,88.16290,5329733
7651,eromanova,29,0.00054,4698876,88.16344,5329733
7652,faiq,29,0.00054,4698905,88.16398,5329733
7653,flmmartins,29,0.00054,4698934,88.16453,5329733
7654,FlorianOtel,29,0.00054,4698963,88.16507,5329733
7655,gireeshp,29,0.00054,4698992,88.16562,5329733
7656,glennblock,29,0.00054,4699021,88.16616,5329733
7657,glikson,29,0.00054,4699050,88.16671,5329733
7658,gnz00,29,0.00054,4699079,88.16725,5329733
7659,goneall,29,0.00054,4699108,88.16779,5329733
7660,gsoria,29,0.00054,4699137,88.16834,5329733
7661,gtamas,29,0.00054,4699166,88.16888,5329733
7662,hasegaw,29,0.00054,4699195,88.16943,5329733
7663,hhoffstaette,29,0.00054,4699224,88.16997,5329733
7664,hidekuro,29,0.00054,4699253,88.17051,5329733
7665,hnwolf,29,0.00054,4699282,88.17106,5329733
7666,hongweiwang,29,0.00054,4699311,88.17160,5329733
7667,hrishin,29,0.00054,4699340,88.17215,5329733
7668,Hyzhou,29,0.00054,4699369,88.17269,5329733
7669,I-am-Dishon,29,0.00054,4699398,88.17323,5329733
7670,inc0,29,0.00054,4699427,88.17378,5329733
7671,ipleten,29,0.00054,4699456,88.17432,5329733
7672,ismacasti,29,0.00054,4699485,88.17487,5329733
7673,istikamet,29,0.00054,4699514,88.17541,5329733
7674,IvanBiv,29,0.00054,4699543,88.17596,5329733
7675,jamiehodge,29,0.00054,4699572,88.17650,5329733
7676,jan-schumacher,29,0.00054,4699601,88.17704,5329733
7677,JasonGiedymin,29,0.00054,4699630,88.17759,5329733
7678,jaybuff,29,0.00054,4699659,88.17813,5329733
7679,jeffchanjunwei,29,0.00054,4699688,88.17868,5329733
7680,jeffsaelens,29,0.00054,4699717,88.17922,5329733
7681,jessica-dl,29,0.00054,4699746,88.17976,5329733
7682,jgiles,29,0.00054,4699775,88.18031,5329733
7683,jgreat,29,0.00054,4699804,88.18085,5329733
7684,jinmeiib,29,0.00054,4699833,88.18140,5329733
7685,JocelynBerrendonner,29,0.00054,4699862,88.18194,5329733
7686,jonnylangefeld,29,0.00054,4699891,88.18248,5329733
7687,jon-whit,29,0.00054,4699920,88.18303,5329733
7688,JordiPolo,29,0.00054,4699949,88.18357,5329733
7689,jrthrawny,29,0.00054,4699978,88.18412,5329733
7690,jvanz,29,0.00054,4700007,88.18466,5329733
7691,kars7e,29,0.00054,4700036,88.18521,5329733
7692,kartoch,29,0.00054,4700065,88.18575,5329733
7693,kcrawley,29,0.00054,4700094,88.18629,5329733
7694,kh-chang,29,0.00054,4700123,88.18684,5329733
7695,koalalorenzo,29,0.00054,4700152,88.18738,5329733
7696,kplimack,29,0.00054,4700181,88.18793,5329733
7697,laijs,29,0.00054,4700210,88.18847,5329733
7698,leonwanghui,29,0.00054,4700239,88.18901,5329733
7699,mafzst,29,0.00054,4700268,88.18956,5329733
7700,mangelajo,29,0.00054,4700297,88.19010,5329733
7701,marcinwyszynski,29,0.00054,4700326,88.19065,5329733
7702,matteof-google,29,0.00054,4700355,88.19119,5329733
7703,matthope,29,0.00054,4700384,88.19173,5329733
7704,maurya-anuj,29,0.00054,4700413,88.19228,5329733
7705,mavimo,29,0.00054,4700442,88.19282,5329733
7706,mbanikazemi,29,0.00054,4700471,88.19337,5329733
7707,mforutan,29,0.00054,4700500,88.19391,5329733
7708,micheelengronne,29,0.00054,4700529,88.19446,5329733
7709,MiLk,29,0.00054,4700558,88.19500,5329733
7710,minjs,29,0.00054,4700587,88.19554,5329733
7711,mkabischev,29,0.00054,4700616,88.19609,5329733
7712,mrmm,29,0.00054,4700645,88.19663,5329733
7713,mrow4a,29,0.00054,4700674,88.19718,5329733
7714,ms32035,29,0.00054,4700703,88.19772,5329733
7715,mtanski,29,0.00054,4700732,88.19826,5329733
7716,mudverma,29,0.00054,4700761,88.19881,5329733
7717,muehlburger,29,0.00054,4700790,88.19935,5329733
7718,murarisumit,29,0.00054,4700819,88.19990,5329733
7719,musse,29,0.00054,4700848,88.20044,5329733
7720,nicklhy,29,0.00054,4700877,88.20098,5329733
7721,nicolapaoli,29,0.00054,4700906,88.20153,5329733
7722,Ntr0,29,0.00054,4700935,88.20207,5329733
7723,ofrobots,29,0.00054,4700964,88.20262,5329733
7724,ondrej-fabry,29,0.00054,4700993,88.20316,5329733
7725,OscarNeira,29,0.00054,4701022,88.20371,5329733
7726,prabhatdubey1,29,0.00054,4701051,88.20425,5329733
7727,qianlei90,29,0.00054,4701080,88.20479,5329733
7728,rafi-kamal,29,0.00054,4701109,88.20534,5329733
7729,raghavendra-talur,29,0.00054,4701138,88.20588,5329733
7730,rblaine95,29,0.00054,4701167,88.20643,5329733
7731,Reinkaos,29,0.00054,4701196,88.20697,5329733
7732,rhamilto,29,0.00054,4701225,88.20751,5329733
7733,RichardLindhout,29,0.00054,4701254,88.20806,5329733
7734,rocketspacer,29,0.00054,4701283,88.20860,5329733
7735,rprobotics,29,0.00054,4701312,88.20915,5329733
7736,rsliotta,29,0.00054,4701341,88.20969,5329733
7737,rushiagr,29,0.00054,4701370,88.21023,5329733
7738,RyanGordon,29,0.00054,4701399,88.21078,5329733
7739,salaxander,29,0.00054,4701428,88.21132,5329733
7740,saminzadeh,29,0.00054,4701457,88.21187,5329733
7741,sciffer,29,0.00054,4701486,88.21241,5329733
7742,Scukerman,29,0.00054,4701515,88.21296,5329733
7743,sheroy,29,0.00054,4701544,88.21350,5329733
7744,skypigltp,29,0.00054,4701573,88.21404,5329733
7745,smugcloud,29,0.00054,4701602,88.21459,5329733
7746,ssoerensen,29,0.00054,4701631,88.21513,5329733
7747,suniljames,29,0.00054,4701660,88.21568,5329733
7748,superhighfives,29,0.00054,4701689,88.21622,5329733
7749,superseb,29,0.00054,4701718,88.21676,5329733
7750,tdabasinskas,29,0.00054,4701747,88.21731,5329733
7751,tddorgtfo,29,0.00054,4701776,88.21785,5329733
7752,tfherbert,29,0.00054,4701805,88.21840,5329733
7753,thedodd,29,0.00054,4701834,88.21894,5329733
7754,the-gigi,29,0.00054,4701863,88.21948,5329733
7755,therahulbhati,29,0.00054,4701892,88.22003,5329733
7756,tiurikov,29,0.00054,4701921,88.22057,5329733
7757,trunet,29,0.00054,4701950,88.22112,5329733
7758,tsabirgaliev,29,0.00054,4701979,88.22166,5329733
7759,tvon,29,0.00054,4702008,88.22221,5329733
7760,vaikas,29,0.00054,4702037,88.22275,5329733
7761,vdboor,29,0.00054,4702066,88.22329,5329733
7762,vgramer,29,0.00054,4702095,88.22384,5329733
7763,wu-qiang,29,0.00054,4702124,88.22438,5329733
7764,xudifsd,29,0.00054,4702153,88.22493,5329733
7765,xuwei-k,29,0.00054,4702182,88.22547,5329733
7766,yamatoya,29,0.00054,4702211,88.22601,5329733
7767,yongwww,29,0.00054,4702240,88.22656,5329733
7768,yunjiaw26,29,0.00054,4702269,88.22710,5329733
7769,zaucy,29,0.00054,4702298,88.22765,5329733
7770,zh168654,29,0.00054,4702327,88.22819,5329733
7771,zloo,29,0.00054,4702356,88.22873,5329733
7772,21h,28,0.00053,4702384,88.22926,5329733
7773,a-bastrykina,28,0.00053,4702412,88.22979,5329733
7774,Abrishges,28,0.00053,4702440,88.23031,5329733
7775,acnodal-tc,28,0.00053,4702468,88.23084,5329733
7776,adrianlzt,28,0.00053,4702496,88.23136,5329733
7777,adusumillipraveen,28,0.00053,4702524,88.23189,5329733
7778,agup006,28,0.00053,4702552,88.23241,5329733
7779,alex,28,0.00053,4702580,88.23294,5329733
7780,alml,28,0.00053,4702608,88.23346,5329733
7781,alokrajiv,28,0.00053,4702636,88.23399,5329733
7782,AndersonQ,28,0.00053,4702664,88.23451,5329733
7783,Andor,28,0.00053,4702692,88.23504,5329733
7784,andrey01,28,0.00053,4702720,88.23556,5329733
7785,andyzheung,28,0.00053,4702748,88.23609,5329733
7786,apakulov,28,0.00053,4702776,88.23662,5329733
7787,arehmandev,28,0.00053,4702804,88.23714,5329733
7788,arshadkazmi42,28,0.00053,4702832,88.23767,5329733
7789,arturrez,28,0.00053,4702860,88.23819,5329733
7790,ashanaakh,28,0.00053,4702888,88.23872,5329733
7791,ashfall,28,0.00053,4702916,88.23924,5329733
7792,Ashraf-Hassan,28,0.00053,4702944,88.23977,5329733
7793,awwithro,28,0.00053,4702972,88.24029,5329733
7794,axsauze,28,0.00053,4703000,88.24082,5329733
7795,brabster,28,0.00053,4703028,88.24134,5329733
7796,bracki,28,0.00053,4703056,88.24187,5329733
7797,BrianKopp,28,0.00053,4703084,88.24239,5329733
7798,bureado,28,0.00053,4703112,88.24292,5329733
7799,calfonso,28,0.00053,4703140,88.24344,5329733
7800,CapOM,28,0.00053,4703168,88.24397,5329733
7801,charliestrawn,28,0.00053,4703196,88.24450,5329733
7802,chentex,28,0.00053,4703224,88.24502,5329733
7803,cheungpat,28,0.00053,4703252,88.24555,5329733
7804,ChristianKniep,28,0.00053,4703280,88.24607,5329733
7805,cmur2,28,0.00053,4703308,88.24660,5329733
7806,CodingSinger,28,0.00053,4703336,88.24712,5329733
7807,connor1989,28,0.00053,4703364,88.24765,5329733
7808,cordoval,28,0.00053,4703392,88.24817,5329733
7809,Croydon,28,0.00053,4703420,88.24870,5329733
7810,ctaggart,28,0.00053,4703448,88.24922,5329733
7811,cubranic,28,0.00053,4703476,88.24975,5329733
7812,cyrille-leclerc,28,0.00053,4703504,88.25027,5329733
7813,DarthVader2409,28,0.00053,4703532,88.25080,5329733
7814,deedubs,28,0.00053,4703560,88.25133,5329733
7815,delfer,28,0.00053,4703588,88.25185,5329733
7816,delwaterman,28,0.00053,4703616,88.25238,5329733
7817,derailed,28,0.00053,4703644,88.25290,5329733
7818,diegows,28,0.00053,4703672,88.25343,5329733
7819,dmitrytokarev,28,0.00053,4703700,88.25395,5329733
7820,dounan,28,0.00053,4703728,88.25448,5329733
7821,dzzg,28,0.00053,4703756,88.25500,5329733
7822,eightlimbed,28,0.00053,4703784,88.25553,5329733
7823,EnergyLiYN,28,0.00053,4703812,88.25605,5329733
7824,erikgb,28,0.00053,4703840,88.25658,5329733
7825,esecules,28,0.00053,4703868,88.25710,5329733
7826,fiftoine,28,0.00053,4703896,88.25763,5329733
7827,Fleshgrinder,28,0.00053,4703924,88.25815,5329733
7828,flofuchs,28,0.00053,4703952,88.25868,5329733
7829,frankjiao,28,0.00053,4703980,88.25921,5329733
7830,Frankkkkk,28,0.00053,4704008,88.25973,5329733
7831,fstehle,28,0.00053,4704036,88.26026,5329733
7832,furuholm,28,0.00053,4704064,88.26078,5329733
7833,GabrielNicolasAvellaneda,28,0.00053,4704092,88.26131,5329733
7834,gdoctor,28,0.00053,4704120,88.26183,5329733
7835,genome21,28,0.00053,4704148,88.26236,5329733
7836,gfuller1,28,0.00053,4704176,88.26288,5329733
7837,gmauleon,28,0.00053,4704204,88.26341,5329733
7838,grassiale,28,0.00053,4704232,88.26393,5329733
7839,GrigorievNick,28,0.00053,4704260,88.26446,5329733
7840,guizmaii,28,0.00053,4704288,88.26498,5329733
7841,haberman,28,0.00053,4704316,88.26551,5329733
7842,HaraldNordgren,28,0.00053,4704344,88.26604,5329733
7843,horkhe,28,0.00053,4704372,88.26656,5329733
7844,iamShantanu101,28,0.00053,4704400,88.26709,5329733
7845,iancoolidge,28,0.00053,4704428,88.26761,5329733
7846,iExalt,28,0.00053,4704456,88.26814,5329733
7847,ikatson,28,0.00053,4704484,88.26866,5329733
7848,ilijamt,28,0.00053,4704512,88.26919,5329733
7849,Industrial,28,0.00053,4704540,88.26971,5329733
7850,inge4pres,28,0.00053,4704568,88.27024,5329733
7851,irfanjs,28,0.00053,4704596,88.27076,5329733
7852,ismailyenigul,28,0.00053,4704624,88.27129,5329733
7853,jannickfahlbusch,28,0.00053,4704652,88.27181,5329733
7854,javapapo,28,0.00053,4704680,88.27234,5329733
7855,jcmartins,28,0.00053,4704708,88.27286,5329733
7856,jiangytcn,28,0.00053,4704736,88.27339,5329733
7857,jistr,28,0.00053,4704764,88.27392,5329733
7858,jmuia,28,0.00053,4704792,88.27444,5329733
7859,johannes-gehrs,28,0.00053,4704820,88.27497,5329733
7860,jonasdkhansen,28,0.00053,4704848,88.27549,5329733
7861,jonathanbeber,28,0.00053,4704876,88.27602,5329733
7862,joonlim,28,0.00053,4704904,88.27654,5329733
7863,joshprice,28,0.00053,4704932,88.27707,5329733
7864,jouve,28,0.00053,4704960,88.27759,5329733
7865,jsanda,28,0.00053,4704988,88.27812,5329733
7866,judavi,28,0.00053,4705016,88.27864,5329733
7867,justin-slowik,28,0.00053,4705044,88.27917,5329733
7868,kiyoshim55,28,0.00053,4705072,88.27969,5329733
7869,kormat,28,0.00053,4705100,88.28022,5329733
7870,KosukeOhmura,28,0.00053,4705128,88.28075,5329733
7871,krallistic,28,0.00053,4705156,88.28127,5329733
7872,laggyluke,28,0.00053,4705184,88.28180,5329733
7873,ldelossa,28,0.00053,4705212,88.28232,5329733
7874,lexxxel,28,0.00053,4705240,88.28285,5329733
7875,lghinet,28,0.00053,4705268,88.28337,5329733
7876,linuxbsdfreak,28,0.00053,4705296,88.28390,5329733
7877,llarsson,28,0.00053,4705324,88.28442,5329733
7878,mamikonyana,28,0.00053,4705352,88.28495,5329733
7879,mandrean,28,0.00053,4705380,88.28547,5329733
7880,martijnwalraven,28,0.00053,4705408,88.28600,5329733
7881,martin-helmich,28,0.00053,4705436,88.28652,5329733
7882,masseybradley,28,0.00053,4705464,88.28705,5329733
7883,masterzen,28,0.00053,4705492,88.28757,5329733
7884,mat-rumian,28,0.00053,4705520,88.28810,5329733
7885,mattbates,28,0.00053,4705548,88.28863,5329733
7886,maxenglander,28,0.00053,4705576,88.28915,5329733
7887,mboret,28,0.00053,4705604,88.28968,5329733
7888,mdaniel,28,0.00053,4705632,88.29020,5329733
7889,membphis,28,0.00053,4705660,88.29073,5329733
7890,mewais,28,0.00053,4705688,88.29125,5329733
7891,mgates,28,0.00053,4705716,88.29178,5329733
7892,michas2,28,0.00053,4705744,88.29230,5329733
7893,mikefaille,28,0.00053,4705772,88.29283,5329733
7894,mmikulicic,28,0.00053,4705800,88.29335,5329733
7895,moonming,28,0.00053,4705828,88.29388,5329733
7896,mpursley,28,0.00053,4705856,88.29440,5329733
7897,muff1nman,28,0.00053,4705884,88.29493,5329733
7898,muffix,28,0.00053,4705912,88.29545,5329733
7899,n4ss,28,0.00053,4705940,88.29598,5329733
7900,Nalum,28,0.00053,4705968,88.29651,5329733
7901,nancykyo,28,0.00053,4705996,88.29703,5329733
7902,ngauthier,28,0.00053,4706024,88.29756,5329733
7903,nmbro,28,0.00053,4706052,88.29808,5329733
7904,nmvega,28,0.00053,4706080,88.29861,5329733
7905,Nonymus,28,0.00053,4706108,88.29913,5329733
7906,oiooj,28,0.00053,4706136,88.29966,5329733
7907,orthros,28,0.00053,4706164,88.30018,5329733
7908,OwenTuz,28,0.00053,4706192,88.30071,5329733
7909,padajuan,28,0.00053,4706220,88.30123,5329733
7910,parikhyash,28,0.00053,4706248,88.30176,5329733
7911,paulnivin,28,0.00053,4706276,88.30228,5329733
7912,Pehesi97,28,0.00053,4706304,88.30281,5329733
7913,per-gron,28,0.00053,4706332,88.30334,5329733
7914,phagunbaya,28,0.00053,4706360,88.30386,5329733
7915,pkaramol,28,0.00053,4706388,88.30439,5329733
7916,poy,28,0.00053,4706416,88.30491,5329733
7917,ppietruch,28,0.00053,4706444,88.30544,5329733
7918,pramchan,28,0.00053,4706472,88.30596,5329733
7919,praveensastry,28,0.00053,4706500,88.30649,5329733
7920,pringlewood,28,0.00053,4706528,88.30701,5329733
7921,prostil,28,0.00053,4706556,88.30754,5329733
7922,pv93,28,0.00053,4706584,88.30806,5329733
7923,qlikcoe,28,0.00053,4706612,88.30859,5329733
7924,rajatvig,28,0.00053,4706640,88.30911,5329733
7925,rancerbeta,28,0.00053,4706668,88.30964,5329733
7926,rcarmo,28,0.00053,4706696,88.31016,5329733
7927,rinormaloku,28,0.00053,4706724,88.31069,5329733
7928,rmccorm4,28,0.00053,4706752,88.31122,5329733
7929,robinelfrink,28,0.00053,4706780,88.31174,5329733
7930,RomanKrasavtsev,28,0.00053,4706808,88.31227,5329733
7931,ruudk,28,0.00053,4706836,88.31279,5329733
7932,rvillablanca,28,0.00053,4706864,88.31332,5329733
7933,sagarbhavsar4328,28,0.00053,4706892,88.31384,5329733
7934,salrashid123,28,0.00053,4706920,88.31437,5329733
7935,scostache,28,0.00053,4706948,88.31489,5329733
7936,sczizzo,28,0.00053,4706976,88.31542,5329733
7937,slayerjain,28,0.00053,4707004,88.31594,5329733
7938,strugglingyouth,28,0.00053,4707032,88.31647,5329733
7939,syscll,28,0.00053,4707060,88.31699,5329733
7940,taaraora,28,0.00053,4707088,88.31752,5329733
7941,tarokkk,28,0.00053,4707116,88.31805,5329733
7942,tatobi,28,0.00053,4707144,88.31857,5329733
7943,ThorstenHans,28,0.00053,4707172,88.31910,5329733
7944,timuthy,28,0.00053,4707200,88.31962,5329733
7945,TomorJM,28,0.00053,4707228,88.32015,5329733
7946,vfarcic,28,0.00053,4707256,88.32067,5329733
7947,virtuald,28,0.00053,4707284,88.32120,5329733
7948,vjm,28,0.00053,4707312,88.32172,5329733
7949,vryzhenkin,28,0.00053,4707340,88.32225,5329733
7950,w4-sjcho,28,0.00053,4707368,88.32277,5329733
7951,wefine,28,0.00053,4707396,88.32330,5329733
7952,weibaohui,28,0.00053,4707424,88.32382,5329733
7953,weitzj,28,0.00053,4707452,88.32435,5329733
7954,WilliamDenniss,28,0.00053,4707480,88.32487,5329733
7955,wswcfan,28,0.00053,4707508,88.32540,5329733
7956,wwwil,28,0.00053,4707536,88.32593,5329733
7957,xieydd,28,0.00053,4707564,88.32645,5329733
7958,xinxingliu90,28,0.00053,4707592,88.32698,5329733
7959,xuorig,28,0.00053,4707620,88.32750,5329733
7960,yuvalk,28,0.00053,4707648,88.32803,5329733
7961,zopyx,28,0.00053,4707676,88.32855,5329733
7962,0x46616c6b,27,0.00051,4707703,88.32906,5329733
7963,2eron,27,0.00051,4707730,88.32957,5329733
7964,aaithal,27,0.00051,4707757,88.33007,5329733
7965,abelgana,27,0.00051,4707784,88.33058,5329733
7966,aegixx,27,0.00051,4707811,88.33109,5329733
7967,alexef,27,0.00051,4707838,88.33159,5329733
7968,alfirin,27,0.00051,4707865,88.33210,5329733
7969,alshopov,27,0.00051,4707892,88.33261,5329733
7970,anhldbk,27,0.00051,4707919,88.33311,5329733
7971,aocenas,27,0.00051,4707946,88.33362,5329733
7972,arthurk,27,0.00051,4707973,88.33412,5329733
7973,ashleydavies,27,0.00051,4708000,88.33463,5329733
7974,atothRedHat,27,0.00051,4708027,88.33514,5329733
7975,axozoid,27,0.00051,4708054,88.33564,5329733
7976,axsuul,27,0.00051,4708081,88.33615,5329733
7977,babilen5,27,0.00051,4708108,88.33666,5329733
7978,baluchicken,27,0.00051,4708135,88.33716,5329733
7979,bbigras,27,0.00051,4708162,88.33767,5329733
7980,bcmills,27,0.00051,4708189,88.33818,5329733
7981,benishak,27,0.00051,4708216,88.33868,5329733
7982,bibryam,27,0.00051,4708243,88.33919,5329733
7983,binjip978,27,0.00051,4708270,88.33970,5329733
7984,braderhart,27,0.00051,4708297,88.34020,5329733
7985,bricef,27,0.00051,4708324,88.34071,5329733
7986,CAFxX,27,0.00051,4708351,88.34122,5329733
7987,calinah,27,0.00051,4708378,88.34172,5329733
7988,calmkart,27,0.00051,4708405,88.34223,5329733
7989,captainkerk,27,0.00051,4708432,88.34274,5329733
7990,ccravens,27,0.00051,4708459,88.34324,5329733
7991,cflewis,27,0.00051,4708486,88.34375,5329733
7992,chao007,27,0.00051,4708513,88.34426,5329733
7993,cnphil,27,0.00051,4708540,88.34476,5329733
7994,crmarques,27,0.00051,4708567,88.34527,5329733
7995,cw9,27,0.00051,4708594,88.34578,5329733
7996,dayglojesus,27,0.00051,4708621,88.34628,5329733
7997,dbarbashov,27,0.00051,4708648,88.34679,5329733
7998,decker502,27,0.00051,4708675,88.34730,5329733
7999,DenisBiondic,27,0.00051,4708702,88.34780,5329733
8000,deromka,27,0.00051,4708729,88.34831,5329733
8001,diclophis,27,0.00051,4708756,88.34882,5329733
8002,dmp42,27,0.00051,4708783,88.34932,5329733
8003,dmueller2001,27,0.00051,4708810,88.34983,5329733
8004,dodizzle,27,0.00051,4708837,88.35034,5329733
8005,drao9,27,0.00051,4708864,88.35084,5329733
8006,d-shi,27,0.00051,4708891,88.35135,5329733
8007,DukeyToo,27,0.00051,4708918,88.35186,5329733
8008,dutor,27,0.00051,4708945,88.35236,5329733
8009,ecejjar,27,0.00051,4708972,88.35287,5329733
8010,Eeemil,27,0.00051,4708999,88.35338,5329733
8011,ekeih,27,0.00051,4709026,88.35388,5329733
8012,epiclen,27,0.00051,4709053,88.35439,5329733
8013,ericsyh,27,0.00051,4709080,88.35490,5329733
8014,fernandocarletti,27,0.00051,4709107,88.35540,5329733
8015,fluxrad,27,0.00051,4709134,88.35591,5329733
8016,fog1985,27,0.00051,4709161,88.35641,5329733
8017,FreeZhang61,27,0.00051,4709188,88.35692,5329733
8018,gangadhars,27,0.00051,4709215,88.35743,5329733
8019,gangseok514,27,0.00051,4709242,88.35793,5329733
8020,GaoRong,27,0.00051,4709269,88.35844,5329733
8021,gcasto,27,0.00051,4709296,88.35895,5329733
8022,genti-t,27,0.00051,4709323,88.35945,5329733
8023,georgecrawford,27,0.00051,4709350,88.35996,5329733
8024,GLStephen,27,0.00051,4709377,88.36047,5329733
8025,Gordiychuk,27,0.00051,4709404,88.36097,5329733
8026,gorilych,27,0.00051,4709431,88.36148,5329733
8027,Gottox,27,0.00051,4709458,88.36199,5329733
8028,guihecheng,27,0.00051,4709485,88.36249,5329733
8029,gvsmirnov,27,0.00051,4709512,88.36300,5329733
8030,HardikDR,27,0.00051,4709539,88.36351,5329733
8031,Hearen,27,0.00051,4709566,88.36401,5329733
8032,himanshug,27,0.00051,4709593,88.36452,5329733
8033,hreidar,27,0.00051,4709620,88.36503,5329733
8034,ianmiell,27,0.00051,4709647,88.36553,5329733
8035,imriss,27,0.00051,4709674,88.36604,5329733
8036,iocanel,27,0.00051,4709701,88.36655,5329733
8037,iponnam,27,0.00051,4709728,88.36705,5329733
8038,ivanopagano,27,0.00051,4709755,88.36756,5329733
8039,jamstar,27,0.00051,4709782,88.36807,5329733
8040,jarifibrahim,27,0.00051,4709809,88.36857,5329733
8041,jeckhart,27,0.00051,4709836,88.36908,5329733
8042,jeffweilee,27,0.00051,4709863,88.36959,5329733
8043,jessestuart,27,0.00051,4709890,88.37009,5329733
8044,jhbiggs,27,0.00051,4709917,88.37060,5329733
8045,jhutchings1,27,0.00051,4709944,88.37111,5329733
8046,jkev53,27,0.00051,4709971,88.37161,5329733
8047,jmound,27,0.00051,4709998,88.37212,5329733
8048,jnummelin,27,0.00051,4710025,88.37263,5329733
8049,johnko,27,0.00051,4710052,88.37313,5329733
8050,johnpekcan,27,0.00051,4710079,88.37364,5329733
8051,johnt337,27,0.00051,4710106,88.37415,5329733
8052,johnw188,27,0.00051,4710133,88.37465,5329733
8053,joker1007,27,0.00051,4710160,88.37516,5329733
8054,julienvey,27,0.00051,4710187,88.37567,5329733
8055,jwalton,27,0.00051,4710214,88.37617,5329733
8056,kehao95,27,0.00051,4710241,88.37668,5329733
8057,kelcecil,27,0.00051,4710268,88.37719,5329733
8058,kforsthoevel,27,0.00051,4710295,88.37769,5329733
8059,kirutthika,27,0.00051,4710322,88.37820,5329733
8060,knorby,27,0.00051,4710349,88.37870,5329733
8061,Kusanagi9999,27,0.00051,4710376,88.37921,5329733
8062,laurentlb,27,0.00051,4710403,88.37972,5329733
8063,legionus,27,0.00051,4710430,88.38022,5329733
8064,louis-murray,27,0.00051,4710457,88.38073,5329733
8065,ltamaster,27,0.00051,4710484,88.38124,5329733
8066,lucj,27,0.00051,4710511,88.38174,5329733
8067,Luke-Humphreys,27,0.00051,4710538,88.38225,5329733
8068,madhukar32,27,0.00051,4710565,88.38276,5329733
8069,magicalbanana,27,0.00051,4710592,88.38326,5329733
8070,martinssipenko,27,0.00051,4710619,88.38377,5329733
8071,matjazp,27,0.00051,4710646,88.38428,5329733
8072,mattbailey,27,0.00051,4710673,88.38478,5329733
8073,mikemowgli,27,0.00051,4710700,88.38529,5329733
8074,mikqi,27,0.00051,4710727,88.38580,5329733
8075,mithun,27,0.00051,4710754,88.38630,5329733
8076,m-kraus,27,0.00051,4710781,88.38681,5329733
8077,mlakewood,27,0.00051,4710808,88.38732,5329733
8078,mnktsts2,27,0.00051,4710835,88.38782,5329733
8079,moebius87,27,0.00051,4710862,88.38833,5329733
8080,mohsen0,27,0.00051,4710889,88.38884,5329733
8081,morganchristiansson,27,0.00051,4710916,88.38934,5329733
8082,morsok,27,0.00051,4710943,88.38985,5329733
8083,mpchadwick,27,0.00051,4710970,88.39036,5329733
8084,mr-karan,27,0.00051,4710997,88.39086,5329733
8085,mukeshmk,27,0.00051,4711024,88.39137,5329733
8086,mwlang,27,0.00051,4711051,88.39188,5329733
8087,nerusnayleinad,27,0.00051,4711078,88.39238,5329733
8088,nhamlh,27,0.00051,4711105,88.39289,5329733
8089,nickbp,27,0.00051,4711132,88.39340,5329733
8090,nikolasburk,27,0.00051,4711159,88.39390,5329733
8091,nmakhotkin,27,0.00051,4711186,88.39441,5329733
8092,odelucca,27,0.00051,4711213,88.39492,5329733
8093,oliverhausler,27,0.00051,4711240,88.39542,5329733
8094,opsnull,27,0.00051,4711267,88.39593,5329733
8095,orsenthil,27,0.00051,4711294,88.39644,5329733
8096,out-of-band,27,0.00051,4711321,88.39694,5329733
8097,oxyno-zeta,27,0.00051,4711348,88.39745,5329733
8098,pathcl,27,0.00051,4711375,88.39796,5329733
8099,pbecotte,27,0.00051,4711402,88.39846,5329733
8100,pborreli,27,0.00051,4711429,88.39897,5329733
8101,philipn,27,0.00051,4711456,88.39948,5329733
8102,phisco,27,0.00051,4711483,88.39998,5329733
8103,pmuir,27,0.00051,4711510,88.40049,5329733
8104,Poil,27,0.00051,4711537,88.40099,5329733
8105,pupapaik,27,0.00051,4711564,88.40150,5329733
8106,qinguoan,27,0.00051,4711591,88.40201,5329733
8107,raunak-agarwal-flipkart,27,0.00051,4711618,88.40251,5329733
8108,rbankston,27,0.00051,4711645,88.40302,5329733
8109,remram44,27,0.00051,4711672,88.40353,5329733
8110,ReneSaenz,27,0.00051,4711699,88.40403,5329733
8111,riaan53,27,0.00051,4711726,88.40454,5329733
8112,robermorales,27,0.00051,4711753,88.40505,5329733
8113,RubenBaez,27,0.00051,4711780,88.40555,5329733
8114,rusenask,27,0.00051,4711807,88.40606,5329733
8115,rusher81572,27,0.00051,4711834,88.40657,5329733
8116,sachinmsft,27,0.00051,4711861,88.40707,5329733
8117,sachinwalia2k8,27,0.00051,4711888,88.40758,5329733
8118,sadysnaat,27,0.00051,4711915,88.40809,5329733
8119,SamClinckspoor,27,0.00051,4711942,88.40859,5329733
8120,samkulkarni20,27,0.00051,4711969,88.40910,5329733
8121,sdkfzv,27,0.00051,4711996,88.40961,5329733
8122,sega-yarkin,27,0.00051,4712023,88.41011,5329733
8123,siscia,27,0.00051,4712050,88.41062,5329733
8124,skaven81,27,0.00051,4712077,88.41113,5329733
8125,skeeey,27,0.00051,4712104,88.41163,5329733
8126,skyao,27,0.00051,4712131,88.41214,5329733
8127,squee1945,27,0.00051,4712158,88.41265,5329733
8128,stephanlindauer,27,0.00051,4712185,88.41315,5329733
8129,SuhasAnand,27,0.00051,4712212,88.41366,5329733
8130,Sutto,27,0.00051,4712239,88.41417,5329733
8131,tcl00taco,27,0.00051,4712266,88.41467,5329733
8132,tejaswiniVadlamudi,27,0.00051,4712293,88.41518,5329733
8133,timwebster9,27,0.00051,4712320,88.41569,5329733
8134,tiny1990,27,0.00051,4712347,88.41619,5329733
8135,tobru,27,0.00051,4712374,88.41670,5329733
8136,toydarian,27,0.00051,4712401,88.41721,5329733
8137,tummychow,27,0.00051,4712428,88.41771,5329733
8138,ungureanuvladvictor,27,0.00051,4712455,88.41822,5329733
8139,veeramarni,27,0.00051,4712482,88.41873,5329733
8140,verdverm,27,0.00051,4712509,88.41923,5329733
8141,vibhujain,27,0.00051,4712536,88.41974,5329733
8142,vijaysinghrawat1,27,0.00051,4712563,88.42025,5329733
8143,weastel,27,0.00051,4712590,88.42075,5329733
8144,Will2817,27,0.00051,4712617,88.42126,5329733
8145,witlessbird,27,0.00051,4712644,88.42177,5329733
8146,wteiken,27,0.00051,4712671,88.42227,5329733
8147,xetys,27,0.00051,4712698,88.42278,5329733
8148,xiangfeiz,27,0.00051,4712725,88.42328,5329733
8149,XVincentX,27,0.00051,4712752,88.42379,5329733
8150,zerefwayne,27,0.00051,4712779,88.42430,5329733
8151,03cranec,26,0.00049,4712805,88.42479,5329733
8152,524119574,26,0.00049,4712831,88.42527,5329733
8153,Aaronontheweb,26,0.00049,4712857,88.42576,5329733
8154,adityaalifn,26,0.00049,4712883,88.42625,5329733
8155,adolphlwq,26,0.00049,4712909,88.42674,5329733
8156,adrianmoisey,26,0.00049,4712935,88.42723,5329733
8157,agaffney,26,0.00049,4712961,88.42771,5329733
8158,alexander-yu,26,0.00049,4712987,88.42820,5329733
8159,alexnederlof,26,0.00049,4713013,88.42869,5329733
8160,AlexRRR,26,0.00049,4713039,88.42918,5329733
8161,alex-slynko,26,0.00049,4713065,88.42966,5329733
8162,alph486,26,0.00049,4713091,88.43015,5329733
8163,andrewmclagan,26,0.00049,4713117,88.43064,5329733
8164,andrewmichaelsmith,26,0.00049,4713143,88.43113,5329733
8165,angegar,26,0.00049,4713169,88.43162,5329733
8166,apsega,26,0.00049,4713195,88.43210,5329733
8167,arianitu,26,0.00049,4713221,88.43259,5329733
8168,Ascendance,26,0.00049,4713247,88.43308,5329733
8169,AsherShoshan,26,0.00049,4713273,88.43357,5329733
8170,ax3l,26,0.00049,4713299,88.43405,5329733
8171,baasbank,26,0.00049,4713325,88.43454,5329733
8172,barry-schneider,26,0.00049,4713351,88.43503,5329733
8173,berndtj,26,0.00049,4713377,88.43552,5329733
8174,binoculars,26,0.00049,4713403,88.43601,5329733
8175,bonowang,26,0.00049,4713429,88.43649,5329733
8176,brandonkal,26,0.00049,4713455,88.43698,5329733
8177,bs-github,26,0.00049,4713481,88.43747,5329733
8178,byrnedo,26,0.00049,4713507,88.43796,5329733
8179,ChanderG,26,0.00049,4713533,88.43845,5329733
8180,chillaxd,26,0.00049,4713559,88.43893,5329733
8181,ChipWolf,26,0.00049,4713585,88.43942,5329733
8182,chrisrgithub,26,0.00049,4713611,88.43991,5329733
8183,CodeLingoBot,26,0.00049,4713637,88.44040,5329733
8184,colek42,26,0.00049,4713663,88.44088,5329733
8185,Comradin,26,0.00049,4713689,88.44137,5329733
8186,curlup,26,0.00049,4713715,88.44186,5329733
8187,DavadDi,26,0.00049,4713741,88.44235,5329733
8188,daverick,26,0.00049,4713767,88.44284,5329733
8189,davidchua,26,0.00049,4713793,88.44332,5329733
8190,ddymko,26,0.00049,4713819,88.44381,5329733
8191,debck,26,0.00049,4713845,88.44430,5329733
8192,denysvitali,26,0.00049,4713871,88.44479,5329733
8193,deryrahman,26,0.00049,4713897,88.44527,5329733
8194,dhanvi,26,0.00049,4713923,88.44576,5329733
8195,dotLou,26,0.00049,4713949,88.44625,5329733
8196,dubuc,26,0.00049,4713975,88.44674,5329733
8197,eahydra,26,0.00049,4714001,88.44723,5329733
8198,echoboomer,26,0.00049,4714027,88.44771,5329733
8199,ecojuntak,26,0.00049,4714053,88.44820,5329733
8200,eeSeeGee,26,0.00049,4714079,88.44869,5329733
8201,ejether,26,0.00049,4714105,88.44918,5329733
8202,emas80,26,0.00049,4714131,88.44967,5329733
8203,EmiiKhaos,26,0.00049,4714157,88.45015,5329733
8204,eugenechertikhin,26,0.00049,4714183,88.45064,5329733
8205,fatalc,26,0.00049,4714209,88.45113,5329733
8206,fawaz-moh,26,0.00049,4714235,88.45162,5329733
8207,frodopwns,26,0.00049,4714261,88.45210,5329733
8208,gabrielkay,26,0.00049,4714287,88.45259,5329733
8209,gadelkareem,26,0.00049,4714313,88.45308,5329733
8210,GlitterIsMe,26,0.00049,4714339,88.45357,5329733
8211,glutamatt,26,0.00049,4714365,88.45406,5329733
8212,gm7y8,26,0.00049,4714391,88.45454,5329733
8213,GrahamDumpleton,26,0.00049,4714417,88.45503,5329733
8214,grzesuav,26,0.00049,4714443,88.45552,5329733
8215,GuessWhoSamFoo,26,0.00049,4714469,88.45601,5329733
8216,gugahoi,26,0.00049,4714495,88.45649,5329733
8217,harobed,26,0.00049,4714521,88.45698,5329733
8218,HenryXie1,26,0.00049,4714547,88.45747,5329733
8219,hisener,26,0.00049,4714573,88.45796,5329733
8220,hornpolish,26,0.00049,4714599,88.45845,5329733
8221,hsaputra,26,0.00049,4714625,88.45893,5329733
8222,iggyzap,26,0.00049,4714651,88.45942,5329733
8223,imorti,26,0.00049,4714677,88.45991,5329733
8224,inetkiller,26,0.00049,4714703,88.46040,5329733
8225,iobestar,26,0.00049,4714729,88.46089,5329733
8226,ismith,26,0.00049,4714755,88.46137,5329733
8227,itamaro,26,0.00049,4714781,88.46186,5329733
8228,j0k3r,26,0.00049,4714807,88.46235,5329733
8229,jakemalachowski,26,0.00049,4714833,88.46284,5329733
8230,james65535,26,0.00049,4714859,88.46332,5329733
8231,JasonHaley,26,0.00049,4714885,88.46381,5329733
8232,jcscottiii,26,0.00049,4714911,88.46430,5329733
8233,jdurgin,26,0.00049,4714937,88.46479,5329733
8234,jishminor,26,0.00049,4714963,88.46528,5329733
8235,jlebon,26,0.00049,4714989,88.46576,5329733
8236,jonas,26,0.00049,4715015,88.46625,5329733
8237,julianoes,26,0.00049,4715041,88.46674,5329733
8238,junneyang,26,0.00049,4715067,88.46723,5329733
8239,KarolisL,26,0.00049,4715093,88.46771,5329733
8240,kbhandari,26,0.00049,4715119,88.46820,5329733
8241,KimMJ,26,0.00049,4715145,88.46869,5329733
8242,king-julien,26,0.00049,4715171,88.46918,5329733
8243,Kokan,26,0.00049,4715197,88.46967,5329733
8244,kron4eg,26,0.00049,4715223,88.47015,5329733
8245,k-wall,26,0.00049,4715249,88.47064,5329733
8246,lalithvaka,26,0.00049,4715275,88.47113,5329733
8247,LeoColomb,26,0.00049,4715301,88.47162,5329733
8248,lfrancke,26,0.00049,4715327,88.47211,5329733
8249,LittleWhiteYA,26,0.00049,4715353,88.47259,5329733
8250,luispabon,26,0.00049,4715379,88.47308,5329733
8251,lukmdo,26,0.00049,4715405,88.47357,5329733
8252,maguro,26,0.00049,4715431,88.47406,5329733
8253,maratoid,26,0.00049,4715457,88.47454,5329733
8254,mastersingh24,26,0.00049,4715483,88.47503,5329733
8255,matt-magaldi,26,0.00049,4715509,88.47552,5329733
8256,mcortinas,26,0.00049,4715535,88.47601,5329733
8257,melnik13,26,0.00049,4715561,88.47650,5329733
8258,michael-barker,26,0.00049,4715587,88.47698,5329733
8259,mickep76,26,0.00049,4715613,88.47747,5329733
8260,mohag,26,0.00049,4715639,88.47796,5329733
8261,morganwu277,26,0.00049,4715665,88.47845,5329733
8262,moxiegirl,26,0.00049,4715691,88.47894,5329733
8263,mskonovalov,26,0.00049,4715717,88.47942,5329733
8264,mujtaba-ahmed12,26,0.00049,4715743,88.47991,5329733
8265,NargiT,26,0.00049,4715769,88.48040,5329733
8266,ncopa,26,0.00049,4715795,88.48089,5329733
8267,nevola,26,0.00049,4715821,88.48137,5329733
8268,Nittarab,26,0.00049,4715847,88.48186,5329733
8269,nkhare,26,0.00049,4715873,88.48235,5329733
8270,normanjoyner,26,0.00049,4715899,88.48284,5329733
8271,nrshrivatsan,26,0.00049,4715925,88.48333,5329733
8272,nstawski,26,0.00049,4715951,88.48381,5329733
8273,oleh-ozimok,26,0.00049,4715977,88.48430,5329733
8274,ongardie,26,0.00049,4716003,88.48479,5329733
8275,otisg,26,0.00049,4716029,88.48528,5329733
8276,paambaati,26,0.00049,4716055,88.48576,5329733
8277,pandax381,26,0.00049,4716081,88.48625,5329733
8278,pegerto,26,0.00049,4716107,88.48674,5329733
8279,phillipahereza,26,0.00049,4716133,88.48723,5329733
8280,pkubowicz,26,0.00049,4716159,88.48772,5329733
8281,plaflamme,26,0.00049,4716185,88.48820,5329733
8282,polyrabbit,26,0.00049,4716211,88.48869,5329733
8283,pravarag,26,0.00049,4716237,88.48918,5329733
8284,queeno,26,0.00049,4716263,88.48967,5329733
8285,rajeshwer,26,0.00049,4716289,88.49016,5329733
8286,rcjames,26,0.00049,4716315,88.49064,5329733
8287,redondos,26,0.00049,4716341,88.49113,5329733
8288,ret2libc,26,0.00049,4716367,88.49162,5329733
8289,riccardomc,26,0.00049,4716393,88.49211,5329733
8290,rishabhkumar296,26,0.00049,4716419,88.49259,5329733
8291,roackb2,26,0.00049,4716445,88.49308,5329733
8292,robiwano,26,0.00049,4716471,88.49357,5329733
8293,RoelVanNyen,26,0.00049,4716497,88.49406,5329733
8294,romanek-adam,26,0.00049,4716523,88.49455,5329733
8295,ronakpandya7,26,0.00049,4716549,88.49503,5329733
8296,s0komma,26,0.00049,4716575,88.49552,5329733
8297,s3than,26,0.00049,4716601,88.49601,5329733
8298,sajal,26,0.00049,4716627,88.49650,5329733
8299,savitaashture,26,0.00049,4716653,88.49698,5329733
8300,SeanFeldman,26,0.00049,4716679,88.49747,5329733
8301,SenXuDC,26,0.00049,4716705,88.49796,5329733
8302,serhatcetinkaya,26,0.00049,4716731,88.49845,5329733
8303,SeriousMa,26,0.00049,4716757,88.49894,5329733
8304,sfynx,26,0.00049,4716783,88.49942,5329733
8305,shang-wang,26,0.00049,4716809,88.49991,5329733
8306,sh-miyoshi,26,0.00049,4716835,88.50040,5329733
8307,silentpete,26,0.00049,4716861,88.50089,5329733
8308,skolekonov,26,0.00049,4716887,88.50138,5329733
8309,sNathan13,26,0.00049,4716913,88.50186,5329733
8310,snehala27,26,0.00049,4716939,88.50235,5329733
8311,spinus,26,0.00049,4716965,88.50284,5329733
8312,sppwf,26,0.00049,4716991,88.50333,5329733
8313,stv0g,26,0.00049,4717017,88.50381,5329733
8314,suhailpatel,26,0.00049,4717043,88.50430,5329733
8315,survivant,26,0.00049,4717069,88.50479,5329733
8316,talonx,26,0.00049,4717095,88.50528,5329733
8317,tberghammer,26,0.00049,4717121,88.50577,5329733
8318,tcurdt,26,0.00049,4717147,88.50625,5329733
8319,TristanCacqueray,26,0.00049,4717173,88.50674,5329733
8320,twexler,26,0.00049,4717199,88.50723,5329733
8321,uipo78,26,0.00049,4717225,88.50772,5329733
8322,ukalifon,26,0.00049,4717251,88.50820,5329733
8323,umayr,26,0.00049,4717277,88.50869,5329733
8324,Uzuku,26,0.00049,4717303,88.50918,5329733
8325,voelzmo,26,0.00049,4717329,88.50967,5329733
8326,voron,26,0.00049,4717355,88.51016,5329733
8327,walteraa,26,0.00049,4717381,88.51064,5329733
8328,weargoggles,26,0.00049,4717407,88.51113,5329733
8329,whithajess,26,0.00049,4717433,88.51162,5329733
8330,willnewby,26,0.00049,4717459,88.51211,5329733
8331,wklken,26,0.00049,4717485,88.51260,5329733
8332,xiahaoshawn,26,0.00049,4717511,88.51308,5329733
8333,xnox,26,0.00049,4717537,88.51357,5329733
8334,yarinm,26,0.00049,4717563,88.51406,5329733
8335,yeahdongcn,26,0.00049,4717589,88.51455,5329733
8336,2color,25,0.00047,4717614,88.51502,5329733
8337,7AC,25,0.00047,4717639,88.51548,5329733
8338,ackintosh,25,0.00047,4717664,88.51595,5329733
8339,admssa,25,0.00047,4717689,88.51642,5329733
8340,agniveshadhikari,25,0.00047,4717714,88.51689,5329733
8341,aimuz,25,0.00047,4717739,88.51736,5329733
8342,akauppi,25,0.00047,4717764,88.51783,5329733
8343,akshayl,25,0.00047,4717789,88.51830,5329733
8344,AlexDiamanti,25,0.00047,4717814,88.51877,5329733
8345,alexhersh,25,0.00047,4717839,88.51924,5329733
8346,alexmaret,25,0.00047,4717864,88.51971,5329733
8347,alexw23,25,0.00047,4717889,88.52018,5329733
8348,alourie,25,0.00047,4717914,88.52064,5329733
8349,aned,25,0.00047,4717939,88.52111,5329733
8350,antoniomo,25,0.00047,4717964,88.52158,5329733
8351,antweiss,25,0.00047,4717989,88.52205,5329733
8352,a-palchikov,25,0.00047,4718014,88.52252,5329733
8353,artushin,25,0.00047,4718039,88.52299,5329733
8354,asachs01,25,0.00047,4718064,88.52346,5329733
8355,ashleykasim,25,0.00047,4718089,88.52393,5329733
8356,askervin,25,0.00047,4718114,88.52440,5329733
8357,asmith60,25,0.00047,4718139,88.52487,5329733
8358,atheiman,25,0.00047,4718164,88.52534,5329733
8359,awaragi,25,0.00047,4718189,88.52580,5329733
8360,azuretek,25,0.00047,4718214,88.52627,5329733
8361,bartlaarhoven,25,0.00047,4718239,88.52674,5329733
8362,BasPH,25,0.00047,4718264,88.52721,5329733
8363,better88,25,0.00047,4718289,88.52768,5329733
8364,BlackMix,25,0.00047,4718314,88.52815,5329733
8365,bosatsu,25,0.00047,4718339,88.52862,5329733
8366,briandorsey,25,0.00047,4718364,88.52909,5329733
8367,budde377,25,0.00047,4718389,88.52956,5329733
8368,bugosiphionah,25,0.00047,4718414,88.53003,5329733
8369,c4po,25,0.00047,4718439,88.53049,5329733
8370,cenkakin,25,0.00047,4718464,88.53096,5329733
8371,charles-d-burton,25,0.00047,4718489,88.53143,5329733
8372,Chr1st0ph,25,0.00047,4718514,88.53190,5329733
8373,cilindrox,25,0.00047,4718539,88.53237,5329733
8374,clarkbw,25,0.00047,4718564,88.53284,5329733
8375,cnadolny,25,0.00047,4718589,88.53331,5329733
8376,crmejia,25,0.00047,4718614,88.53378,5329733
8377,danesh-d,25,0.00047,4718639,88.53425,5329733
8378,dconnelly,25,0.00047,4718664,88.53472,5329733
8379,deathowl,25,0.00047,4718689,88.53519,5329733
8380,debgiles,25,0.00047,4718714,88.53565,5329733
8381,deepak1725,25,0.00047,4718739,88.53612,5329733
8382,deinspanjer,25,0.00047,4718764,88.53659,5329733
8383,desty,25,0.00047,4718789,88.53706,5329733
8384,djosephsen,25,0.00047,4718814,88.53753,5329733
8385,DonMartin76,25,0.00047,4718839,88.53800,5329733
8386,dougbtv,25,0.00047,4718864,88.53847,5329733
8387,dt,25,0.00047,4718889,88.53894,5329733
8388,ducksecops,25,0.00047,4718914,88.53941,5329733
8389,dvdthms,25,0.00047,4718939,88.53988,5329733
8390,dzmitry-lahoda,25,0.00047,4718964,88.54035,5329733
8391,ebriand,25,0.00047,4718989,88.54081,5329733
8392,edmorley,25,0.00047,4719014,88.54128,5329733
8393,egurnov,25,0.00047,4719039,88.54175,5329733
8394,emadrid,25,0.00047,4719064,88.54222,5329733
8395,emonty,25,0.00047,4719089,88.54269,5329733
8396,equinox1993,25,0.00047,4719114,88.54316,5329733
8397,EricMountain-1A,25,0.00047,4719139,88.54363,5329733
8398,erikstmartin,25,0.00047,4719164,88.54410,5329733
8399,etharendil,25,0.00047,4719189,88.54457,5329733
8400,EwanValentine,25,0.00047,4719214,88.54504,5329733
8401,faizshukri,25,0.00047,4719239,88.54550,5329733
8402,fengye87,25,0.00047,4719264,88.54597,5329733
8403,film42,25,0.00047,4719289,88.54644,5329733
8404,FingerLiu,25,0.00047,4719314,88.54691,5329733
8405,fraserdarwent,25,0.00047,4719339,88.54738,5329733
8406,fredjean,25,0.00047,4719364,88.54785,5329733
8407,freeseacher,25,0.00047,4719389,88.54832,5329733
8408,furkanmustafa,25,0.00047,4719414,88.54879,5329733
8409,gimlichael,25,0.00047,4719439,88.54926,5329733
8410,granzoto,25,0.00047,4719464,88.54973,5329733
8411,gregorygtseng,25,0.00047,4719489,88.55020,5329733
8412,griffithjames,25,0.00047,4719514,88.55066,5329733
8413,gsaslis,25,0.00047,4719539,88.55113,5329733
8414,guibirow,25,0.00047,4719564,88.55160,5329733
8415,guillaumebreton,25,0.00047,4719589,88.55207,5329733
8416,guslcho,25,0.00047,4719614,88.55254,5329733
8417,gxb5443,25,0.00047,4719639,88.55301,5329733
8418,hakamadare,25,0.00047,4719664,88.55348,5329733
8419,hanghliu,25,0.00047,4719689,88.55395,5329733
8420,heoneal,25,0.00047,4719714,88.55442,5329733
8421,hitman99,25,0.00047,4719739,88.55489,5329733
8422,hoeghh,25,0.00047,4719764,88.55536,5329733
8423,huanghuangzym,25,0.00047,4719789,88.55582,5329733
8424,hugoprudente,25,0.00047,4719814,88.55629,5329733
8425,huisebug,25,0.00047,4719839,88.55676,5329733
8426,ijin,25,0.00047,4719864,88.55723,5329733
8427,ismferd,25,0.00047,4719889,88.55770,5329733
8428,itsbenwu,25,0.00047,4719914,88.55817,5329733
8429,izgeri,25,0.00047,4719939,88.55864,5329733
8430,jabbrwcky,25,0.00047,4719964,88.55911,5329733
8431,JacieChao,25,0.00047,4719989,88.55958,5329733
8432,jakolehm,25,0.00047,4720014,88.56005,5329733
8433,Jarvis-Zhou,25,0.00047,4720039,88.56052,5329733
8434,jdfless,25,0.00047,4720064,88.56098,5329733
8435,jeffwubj,25,0.00047,4720089,88.56145,5329733
8436,jkachmar,25,0.00047,4720114,88.56192,5329733
8437,jklare,25,0.00047,4720139,88.56239,5329733
8438,jkleinlercher,25,0.00047,4720164,88.56286,5329733
8439,jnicholls,25,0.00047,4720189,88.56333,5329733
8440,jondavidi,25,0.00047,4720214,88.56380,5329733
8441,Joseph94m,25,0.00047,4720239,88.56427,5329733
8442,josephjacks,25,0.00047,4720264,88.56474,5329733
8443,JTarasovic,25,0.00047,4720289,88.56521,5329733
8444,JungleGenius,25,0.00047,4720314,88.56567,5329733
8445,jungopro,25,0.00047,4720339,88.56614,5329733
8446,JustinAzoff,25,0.00047,4720364,88.56661,5329733
8447,keeganwitt,25,0.00047,4720389,88.56708,5329733
8448,ken5scal,25,0.00047,4720414,88.56755,5329733
8449,kkohtaka,25,0.00047,4720439,88.56802,5329733
8450,KyoheiG3,25,0.00047,4720464,88.56849,5329733
8451,leeivan,25,0.00047,4720489,88.56896,5329733
8452,leifcr,25,0.00047,4720514,88.56943,5329733
8453,lightcode,25,0.00047,4720539,88.56990,5329733
8454,luojie233,25,0.00047,4720564,88.57037,5329733
8455,manolitto,25,0.00047,4720589,88.57083,5329733
8456,mar-kolya,25,0.00047,4720614,88.57130,5329733
8457,massenz,25,0.00047,4720639,88.57177,5329733
8458,matejc,25,0.00047,4720664,88.57224,5329733
8459,matthewrudy,25,0.00047,4720689,88.57271,5329733
8460,mattmelgard,25,0.00047,4720714,88.57318,5329733
8461,mbuccarello,25,0.00047,4720739,88.57365,5329733
8462,mcastellin,25,0.00047,4720764,88.57412,5329733
8463,mcorbin,25,0.00047,4720789,88.57459,5329733
8464,mfburnett,25,0.00047,4720814,88.57506,5329733
8465,micmro,25,0.00047,4720839,88.57553,5329733
8466,mihok,25,0.00047,4720864,88.57599,5329733
8467,mikhailadvani,25,0.00047,4720889,88.57646,5329733
8468,MrMMorris,25,0.00047,4720914,88.57693,5329733
8469,mschneider82,25,0.00047,4720939,88.57740,5329733
8470,mulloymorrow,25,0.00047,4720964,88.57787,5329733
8471,mustafaakin,25,0.00047,4720989,88.57834,5329733
8472,myoung34,25,0.00047,4721014,88.57881,5329733
8473,naphta,25,0.00047,4721039,88.57928,5329733
8474,niclic,25,0.00047,4721064,88.57975,5329733
8475,ohler55,25,0.00047,4721089,88.58022,5329733
8476,ParticleDecay,25,0.00047,4721114,88.58068,5329733
8477,PascalBourdier,25,0.00047,4721139,88.58115,5329733
8478,patricekrakow,25,0.00047,4721164,88.58162,5329733
8479,pavel-odintsov,25,0.00047,4721189,88.58209,5329733
8480,Pendoragon,25,0.00047,4721214,88.58256,5329733
8481,peterloeffler,25,0.00047,4721239,88.58303,5329733
8482,piequi,25,0.00047,4721264,88.58350,5329733
8483,ppLorins,25,0.00047,4721289,88.58397,5329733
8484,pradeepto,25,0.00047,4721314,88.58444,5329733
8485,prashantokochavara,25,0.00047,4721339,88.58491,5329733
8486,PritomAhmed,25,0.00047,4721364,88.58538,5329733
8487,pumano,25,0.00047,4721389,88.58584,5329733
8488,raggi,25,0.00047,4721414,88.58631,5329733
8489,rammohanc,25,0.00047,4721439,88.58678,5329733
8490,ratanboddu,25,0.00047,4721464,88.58725,5329733
8491,rbucker,25,0.00047,4721489,88.58772,5329733
8492,remicollet,25,0.00047,4721514,88.58819,5329733
8493,rgo,25,0.00047,4721539,88.58866,5329733
8494,rickducott,25,0.00047,4721564,88.58913,5329733
8495,rjmorse,25,0.00047,4721589,88.58960,5329733
8496,rkratky,25,0.00047,4721614,88.59007,5329733
8497,Robbilie,25,0.00047,4721639,88.59054,5329733
8498,ryuheechul,25,0.00047,4721664,88.59100,5329733
8499,s3rj1k,25,0.00047,4721689,88.59147,5329733
8500,sajattack,25,0.00047,4721714,88.59194,5329733
8501,salavessa,25,0.00047,4721739,88.59241,5329733
8502,salkin,25,0.00047,4721764,88.59288,5329733
8503,sandroschmid,25,0.00047,4721789,88.59335,5329733
8504,sarat-k,25,0.00047,4721814,88.59382,5329733
8505,scoulomb,25,0.00047,4721839,88.59429,5329733
8506,scrwr,25,0.00047,4721864,88.59476,5329733
8507,sel-vcc,25,0.00047,4721889,88.59523,5329733
8508,shalako,25,0.00047,4721914,88.59570,5329733
8509,sjezewski,25,0.00047,4721939,88.59616,5329733
8510,skwasiborski,25,0.00047,4721964,88.59663,5329733
8511,snakefoot,25,0.00047,4721989,88.59710,5329733
8512,SpicySyntax,25,0.00047,4722014,88.59757,5329733
8513,spk83,25,0.00047,4722039,88.59804,5329733
8514,startnow65,25,0.00047,4722064,88.59851,5329733
8515,sumitranr,25,0.00047,4722089,88.59898,5329733
8516,SydOps,25,0.00047,4722114,88.59945,5329733
8517,szombi,25,0.00047,4722139,88.59992,5329733
8518,thakkaryash94,25,0.00047,4722164,88.60039,5329733
8519,theMagicalKarp,25,0.00047,4722189,88.60085,5329733
8520,theneva,25,0.00047,4722214,88.60132,5329733
8521,TheOriginalAlex,25,0.00047,4722239,88.60179,5329733
8522,therealmitchconnors,25,0.00047,4722264,88.60226,5329733
8523,thommay,25,0.00047,4722289,88.60273,5329733
8524,timothyjosefik,25,0.00047,4722314,88.60320,5329733
8525,Tim-Smyth,25,0.00047,4722339,88.60367,5329733
8526,tony-clarke-amdocs,25,0.00047,4722364,88.60414,5329733
8527,toolboc,25,0.00047,4722389,88.60461,5329733
8528,Toplife,25,0.00047,4722414,88.60508,5329733
8529,tristanpemble,25,0.00047,4722439,88.60555,5329733
8530,tsl0922,25,0.00047,4722464,88.60601,5329733
8531,tux21b,25,0.00047,4722489,88.60648,5329733
8532,umax,25,0.00047,4722514,88.60695,5329733
8533,uzuku,25,0.00047,4722539,88.60742,5329733
8534,vagababov,25,0.00047,4722564,88.60789,5329733
8535,valerianpereira,25,0.00047,4722589,88.60836,5329733
8536,varunpatro,25,0.00047,4722614,88.60883,5329733
8537,virtuman,25,0.00047,4722639,88.60930,5329733
8538,VojtechVitek,25,0.00047,4722664,88.60977,5329733
8539,waldman,25,0.00047,4722689,88.61024,5329733
8540,wallaceicy06,25,0.00047,4722714,88.61071,5329733
8541,wallnerryan,25,0.00047,4722739,88.61117,5329733
8542,wbrefvem,25,0.00047,4722764,88.61164,5329733
8543,WeiranFang,25,0.00047,4722789,88.61211,5329733
8544,WeiTang114,25,0.00047,4722814,88.61258,5329733
8545,WinterZhou,25,0.00047,4722839,88.61305,5329733
8546,wleese,25,0.00047,4722864,88.61352,5329733
8547,xcompass,25,0.00047,4722889,88.61399,5329733
8548,you-n-g,25,0.00047,4722914,88.61446,5329733
8549,yyuu,25,0.00047,4722939,88.61493,5329733
8550,ZouRui89,25,0.00047,4722964,88.61540,5329733
8551,a1exus,24,0.00045,4722988,88.61585,5329733
8552,adubkov,24,0.00045,4723012,88.61630,5329733
8553,aduffeck,24,0.00045,4723036,88.61675,5329733
8554,afflom,24,0.00045,4723060,88.61720,5329733
8555,ahalim-intel,24,0.00045,4723084,88.61765,5329733
8556,ajayk,24,0.00045,4723108,88.61810,5329733
8557,AlexandrSemak,24,0.00045,4723132,88.61855,5329733
8558,alexcapras,24,0.00045,4723156,88.61900,5329733
8559,alexkreidler,24,0.00045,4723180,88.61945,5329733
8560,AlexsJones,24,0.00045,4723204,88.61990,5329733
8561,alirezaDavid,24,0.00045,4723228,88.62035,5329733
8562,alon-argus,24,0.00045,4723252,88.62080,5329733
8563,Alxandr,24,0.00045,4723276,88.62125,5329733
8564,anurag,24,0.00045,4723300,88.62170,5329733
8565,anwaradil,24,0.00045,4723324,88.62215,5329733
8566,ArbelNathan,24,0.00045,4723348,88.62260,5329733
8567,archyufa,24,0.00045,4723372,88.62305,5329733
8568,ashb,24,0.00045,4723396,88.62350,5329733
8569,autopp,24,0.00045,4723420,88.62395,5329733
8570,avlasov-mos-de,24,0.00045,4723444,88.62440,5329733
8571,avonwyss,24,0.00045,4723468,88.62485,5329733
8572,AXington,24,0.00045,4723492,88.62530,5329733
8573,azr,24,0.00045,4723516,88.62575,5329733
8574,bdaw,24,0.00045,4723540,88.62620,5329733
8575,bitfield,24,0.00045,4723564,88.62665,5329733
8576,bjornryden,24,0.00045,4723588,88.62710,5329733
8577,bloodearnest,24,0.00045,4723612,88.62755,5329733
8578,BlumAmir,24,0.00045,4723636,88.62800,5329733
8579,bradmwalker,24,0.00045,4723660,88.62845,5329733
8580,breerly,24,0.00045,4723684,88.62891,5329733
8581,BrendanSChang,24,0.00045,4723708,88.62936,5329733
8582,brianharwell,24,0.00045,4723732,88.62981,5329733
8583,bulletRush,24,0.00045,4723756,88.63026,5329733
8584,Cajga,24,0.00045,4723780,88.63071,5329733
8585,canthefason,24,0.00045,4723804,88.63116,5329733
8586,carmstrong,24,0.00045,4723828,88.63161,5329733
8587,cbornet,24,0.00045,4723852,88.63206,5329733
8588,christophetd,24,0.00045,4723876,88.63251,5329733
8589,chulkilee,24,0.00045,4723900,88.63296,5329733
8590,CrazyByDefault,24,0.00045,4723924,88.63341,5329733
8591,dahankzter,24,0.00045,4723948,88.63386,5329733
8592,Daniel15,24,0.00045,4723972,88.63431,5329733
8593,Datamance,24,0.00045,4723996,88.63476,5329733
8594,davidquarles,24,0.00045,4724020,88.63521,5329733
8595,davisford,24,0.00045,4724044,88.63566,5329733
8596,devx,24,0.00045,4724068,88.63611,5329733
8597,djhaskin987,24,0.00045,4724092,88.63656,5329733
8598,dkiser,24,0.00045,4724116,88.63701,5329733
8599,dmarkey,24,0.00045,4724140,88.63746,5329733
8600,dminca,24,0.00045,4724164,88.63791,5329733
8601,droidnoob,24,0.00045,4724188,88.63836,5329733
8602,dylanzr,24,0.00045,4724212,88.63881,5329733
8603,eazhilan-nagarajan,24,0.00045,4724236,88.63926,5329733
8604,ejc3,24,0.00045,4724260,88.63971,5329733
8605,emosbaugh,24,0.00045,4724284,88.64016,5329733
8606,endobson,24,0.00045,4724308,88.64061,5329733
8607,epc,24,0.00045,4724332,88.64106,5329733
8608,epicfilemcnulty,24,0.00045,4724356,88.64151,5329733
8609,ernestoalejo,24,0.00045,4724380,88.64196,5329733
8610,ewolff,24,0.00045,4724404,88.64241,5329733
8611,eyjohn,24,0.00045,4724428,88.64286,5329733
8612,ezYakaEagle442,24,0.00045,4724452,88.64331,5329733
8613,ffoysal,24,0.00045,4724476,88.64377,5329733
8614,FlorianLudwig,24,0.00045,4724500,88.64422,5329733
8615,GabrielSVinha,24,0.00045,4724524,88.64467,5329733
8616,ganchandrasekaran,24,0.00045,4724548,88.64512,5329733
8617,gauravgahlot,24,0.00045,4724572,88.64557,5329733
8618,gelouko,24,0.00045,4724596,88.64602,5329733
8619,golonzovsky,24,0.00045,4724620,88.64647,5329733
8620,groner,24,0.00045,4724644,88.64692,5329733
8621,gsf,24,0.00045,4724668,88.64737,5329733
8622,gucki,24,0.00045,4724692,88.64782,5329733
8623,gwik,24,0.00045,4724716,88.64827,5329733
8624,HagaiBarel,24,0.00045,4724740,88.64872,5329733
8625,hassenius,24,0.00045,4724764,88.64917,5329733
8626,heidsoft,24,0.00045,4724788,88.64962,5329733
8627,hlwanghl,24,0.00045,4724812,88.65007,5329733
8628,ianmaddox,24,0.00045,4724836,88.65052,5329733
8629,icetrain,24,0.00045,4724860,88.65097,5329733
8630,iftachsc,24,0.00045,4724884,88.65142,5329733
8631,ishitatsuyuki,24,0.00045,4724908,88.65187,5329733
8632,itsallonetome,24,0.00045,4724932,88.65232,5329733
8633,jakexks,24,0.00045,4724956,88.65277,5329733
8634,jalev,24,0.00045,4724980,88.65322,5329733
8635,james-masson,24,0.00045,4725004,88.65367,5329733
8636,jar361,24,0.00045,4725028,88.65412,5329733
8637,jaredbischof,24,0.00045,4725052,88.65457,5329733
8638,jazzsir,24,0.00045,4725076,88.65502,5329733
8639,jeruane,24,0.00045,4725100,88.65547,5329733
8640,jescarri,24,0.00045,4725124,88.65592,5329733
8641,jesseshieh,24,0.00045,4725148,88.65637,5329733
8642,jingweno,24,0.00045,4725172,88.65682,5329733
8643,Jnig,24,0.00045,4725196,88.65727,5329733
8644,johnzeringue,24,0.00045,4725220,88.65772,5329733
8645,jparklab,24,0.00045,4725244,88.65817,5329733
8646,jufab,24,0.00045,4725268,88.65863,5329733
8647,junaid-ali,24,0.00045,4725292,88.65908,5329733
8648,jwickens,24,0.00045,4725316,88.65953,5329733
8649,kalbasit,24,0.00045,4725340,88.65998,5329733
8650,kararade,24,0.00045,4725364,88.66043,5329733
8651,KeithMoyer,24,0.00045,4725388,88.66088,5329733
8652,KesavanKing,24,0.00045,4725412,88.66133,5329733
8653,kgignatyev-inspur,24,0.00045,4725436,88.66178,5329733
8654,kibra,24,0.00045,4725460,88.66223,5329733
8655,Kleak,24,0.00045,4725484,88.66268,5329733
8656,konsotirop,24,0.00045,4725508,88.66313,5329733
8657,layog,24,0.00045,4725532,88.66358,5329733
8658,lebinh,24,0.00045,4725556,88.66403,5329733
8659,lewismarshall,24,0.00045,4725580,88.66448,5329733
8660,llibicpep,24,0.00045,4725604,88.66493,5329733
8661,lzap,24,0.00045,4725628,88.66538,5329733
8662,mamoit,24,0.00045,4725652,88.66583,5329733
8663,marcredhat,24,0.00045,4725676,88.66628,5329733
8664,markfermor,24,0.00045,4725700,88.66673,5329733
8665,markfisher,24,0.00045,4725724,88.66718,5329733
8666,MartyMacGyver,24,0.00045,4725748,88.66763,5329733
8667,masahiro331,24,0.00045,4725772,88.66808,5329733
8668,masroorhasan,24,0.00045,4725796,88.66853,5329733
8669,MathieuMailhos,24,0.00045,4725820,88.66898,5329733
8670,mattthias,24,0.00045,4725844,88.66943,5329733
8671,maximsnezhkov,24,0.00045,4725868,88.66988,5329733
8672,mbestavros,24,0.00045,4725892,88.67033,5329733
8673,mced,24,0.00045,4725916,88.67078,5329733
8674,mcntrn,24,0.00045,4725940,88.67123,5329733
8675,mechpen,24,0.00045,4725964,88.67168,5329733
8676,mehstg,24,0.00045,4725988,88.67213,5329733
8677,michaelklishin,24,0.00045,4726012,88.67258,5329733
8678,MichaelSp,24,0.00045,4726036,88.67303,5329733
8679,miracle2k,24,0.00045,4726060,88.67349,5329733
8680,mmaquevice,24,0.00045,4726084,88.67394,5329733
8681,mogaika,24,0.00045,4726108,88.67439,5329733
8682,mossuchida,24,0.00045,4726132,88.67484,5329733
8683,moypray,24,0.00045,4726156,88.67529,5329733
8684,mrbrownt,24,0.00045,4726180,88.67574,5329733
8685,mrogers950,24,0.00045,4726204,88.67619,5329733
8686,msnelling,24,0.00045,4726228,88.67664,5329733
8687,mstrYoda,24,0.00045,4726252,88.67709,5329733
8688,mtl-wgtwo,24,0.00045,4726276,88.67754,5329733
8689,mvdkleijn,24,0.00045,4726300,88.67799,5329733
8690,mxplusb,24,0.00045,4726324,88.67844,5329733
8691,n1koo,24,0.00045,4726348,88.67889,5329733
8692,nambrot,24,0.00045,4726372,88.67934,5329733
8693,niedbalski,24,0.00045,4726396,88.67979,5329733
8694,nikinath,24,0.00045,4726420,88.68024,5329733
8695,nirav24,24,0.00045,4726444,88.68069,5329733
8696,niusmallnan,24,0.00045,4726468,88.68114,5329733
8697,nkuba,24,0.00045,4726492,88.68159,5329733
8698,nmaludy,24,0.00045,4726516,88.68204,5329733
8699,nqbao,24,0.00045,4726540,88.68249,5329733
8700,odino,24,0.00045,4726564,88.68294,5329733
8701,pms1969,24,0.00045,4726588,88.68339,5329733
8702,poelzi,24,0.00045,4726612,88.68384,5329733
8703,pplavetzki,24,0.00045,4726636,88.68429,5329733
8704,prary,24,0.00045,4726660,88.68474,5329733
8705,qnetter,24,0.00045,4726684,88.68519,5329733
8706,radeksm,24,0.00045,4726708,88.68564,5329733
8707,rcgoodfellow,24,0.00045,4726732,88.68609,5329733
8708,RicardoZPHuang,24,0.00045,4726756,88.68654,5329733
8709,rnaveiras,24,0.00045,4726780,88.68699,5329733
8710,robertmircea,24,0.00045,4726804,88.68744,5329733
8711,robinbowes,24,0.00045,4726828,88.68789,5329733
8712,rojer,24,0.00045,4726852,88.68835,5329733
8713,RouxAntoine,24,0.00045,4726876,88.68880,5329733
8714,rushabh268,24,0.00045,4726900,88.68925,5329733
8715,sagrath23,24,0.00045,4726924,88.68970,5329733
8716,sangaman,24,0.00045,4726948,88.69015,5329733
8717,sdague,24,0.00045,4726972,88.69060,5329733
8718,seamounts,24,0.00045,4726996,88.69105,5329733
8719,Shadi,24,0.00045,4727020,88.69150,5329733
8720,shufanhao,24,0.00045,4727044,88.69195,5329733
8721,shuheiktgw,24,0.00045,4727068,88.69240,5329733
8722,shundezhang,24,0.00045,4727092,88.69285,5329733
8723,si458,24,0.00045,4727116,88.69330,5329733
8724,simongdavies,24,0.00045,4727140,88.69375,5329733
8725,somejfn,24,0.00045,4727164,88.69420,5329733
8726,sonant,24,0.00045,4727188,88.69465,5329733
8727,sopak,24,0.00045,4727212,88.69510,5329733
8728,stephenjannin,24,0.00045,4727236,88.69555,5329733
8729,steved,24,0.00045,4727260,88.69600,5329733
8730,sukrit007,24,0.00045,4727284,88.69645,5329733
8731,svmaris,24,0.00045,4727308,88.69690,5329733
8732,szihai,24,0.00045,4727332,88.69735,5329733
8733,taisho6339,24,0.00045,4727356,88.69780,5329733
8734,tbe,24,0.00045,4727380,88.69825,5329733
8735,tbregolin,24,0.00045,4727404,88.69870,5329733
8736,t-d-d,24,0.00045,4727428,88.69915,5329733
8737,tgummerer,24,0.00045,4727452,88.69960,5329733
8738,the-redback,24,0.00045,4727476,88.70005,5329733
8739,thomasvl,24,0.00045,4727500,88.70050,5329733
8740,tiran,24,0.00045,4727524,88.70095,5329733
8741,tnachen,24,0.00045,4727548,88.70140,5329733
8742,travisnewhouse,24,0.00045,4727572,88.70185,5329733
8743,tseaver,24,0.00045,4727596,88.70230,5329733
8744,t-shama,24,0.00045,4727620,88.70275,5329733
8745,vbehar,24,0.00045,4727644,88.70321,5329733
8746,vishnuhd,24,0.00045,4727668,88.70366,5329733
8747,wadeholler,24,0.00045,4727692,88.70411,5329733
8748,warmfusion,24,0.00045,4727716,88.70456,5329733
8749,waseem-h,24,0.00045,4727740,88.70501,5329733
8750,wcevans,24,0.00045,4727764,88.70546,5329733
8751,wgj,24,0.00045,4727788,88.70591,5329733
8752,wmuizelaar,24,0.00045,4727812,88.70636,5329733
8753,xiaolou86,24,0.00045,4727836,88.70681,5329733
8754,xuto2,24,0.00045,4727860,88.70726,5329733
8755,Yancey1989,24,0.00045,4727884,88.70771,5329733
8756,yhyddr,24,0.00045,4727908,88.70816,5329733
8757,yu-song,24,0.00045,4727932,88.70861,5329733
8758,yuya-takeyama,24,0.00045,4727956,88.70906,5329733
8759,ZachEddy,24,0.00045,4727980,88.70951,5329733
8760,ziabs,24,0.00045,4728004,88.70996,5329733
8761,zillani,24,0.00045,4728028,88.71041,5329733
8762,zoobab,24,0.00045,4728052,88.71086,5329733
8763,0robustus1,23,0.00043,4728075,88.71129,5329733
8764,aaron-trout,23,0.00043,4728098,88.71172,5329733
8765,adamchainz,23,0.00043,4728121,88.71215,5329733
8766,adityamandhare,23,0.00043,4728144,88.71259,5329733
8767,adrelanos,23,0.00043,4728167,88.71302,5329733
8768,adrian,23,0.00043,4728190,88.71345,5329733
8769,adrianchifor,23,0.00043,4728213,88.71388,5329733
8770,ag237,23,0.00043,4728236,88.71431,5329733
8771,ageekymonk,23,0.00043,4728259,88.71474,5329733
8772,ajanthan,23,0.00043,4728282,88.71518,5329733
8773,akashshinde,23,0.00043,4728305,88.71561,5329733
8774,alcohol,23,0.00043,4728328,88.71604,5329733
8775,alexisvincent,23,0.00043,4728351,88.71647,5329733
8776,AlexShemeshWix,23,0.00043,4728374,88.71690,5329733
8777,alpe,23,0.00043,4728397,88.71733,5329733
8778,amoskyler,23,0.00043,4728420,88.71777,5329733
8779,antevens,23,0.00043,4728443,88.71820,5329733
8780,artberger,23,0.00043,4728466,88.71863,5329733
8781,arthurvanduynhoven,23,0.00043,4728489,88.71906,5329733
8782,Arttii,23,0.00043,4728512,88.71949,5329733
8783,atrifan,23,0.00043,4728535,88.71992,5329733
8784,avirtual,23,0.00043,4728558,88.72035,5329733
8785,bartimar,23,0.00043,4728581,88.72079,5329733
8786,bettyjunod,23,0.00043,4728604,88.72122,5329733
8787,bizhao,23,0.00043,4728627,88.72165,5329733
8788,bjornmagnusson,23,0.00043,4728650,88.72208,5329733
8789,brezerk,23,0.00043,4728673,88.72251,5329733
8790,brk0v,23,0.00043,4728696,88.72294,5329733
8791,brunoqc,23,0.00043,4728719,88.72338,5329733
8792,calixwu,23,0.00043,4728742,88.72381,5329733
8793,cbroglie,23,0.00043,4728765,88.72424,5329733
8794,charlesld,23,0.00043,4728788,88.72467,5329733
8795,chechiachang,23,0.00043,4728811,88.72510,5329733
8796,chrisgillis,23,0.00043,4728834,88.72553,5329733
8797,chuanchang,23,0.00043,4728857,88.72596,5329733
8798,chunnallu,23,0.00043,4728880,88.72640,5329733
8799,commonlisp,23,0.00043,4728903,88.72683,5329733
8800,copumpkin,23,0.00043,4728926,88.72726,5329733
8801,coresolve,23,0.00043,4728949,88.72769,5329733
8802,csssuf,23,0.00043,4728972,88.72812,5329733
8803,darthtrevino,23,0.00043,4728995,88.72855,5329733
8804,deepch,23,0.00043,4729018,88.72899,5329733
8805,dennwc,23,0.00043,4729041,88.72942,5329733
8806,dictvm,23,0.00043,4729064,88.72985,5329733
8807,dmccaffery,23,0.00043,4729087,88.73028,5329733
8808,dmvk,23,0.00043,4729110,88.73071,5329733
8809,DoctorZK,23,0.00043,4729133,88.73114,5329733
8810,dstynchula,23,0.00043,4729156,88.73157,5329733
8811,dtjm,23,0.00043,4729179,88.73201,5329733
8812,dulltz,23,0.00043,4729202,88.73244,5329733
8813,egunnar,23,0.00043,4729225,88.73287,5329733
8814,eliezio,23,0.00043,4729248,88.73330,5329733
8815,elikatsis,23,0.00043,4729271,88.73373,5329733
8816,elimisteve,23,0.00043,4729294,88.73416,5329733
8817,eran-levy,23,0.00043,4729317,88.73460,5329733
8818,erdody,23,0.00043,4729340,88.73503,5329733
8819,etanshaul,23,0.00043,4729363,88.73546,5329733
8820,ev1lm0nk3y,23,0.00043,4729386,88.73589,5329733
8821,eviln1,23,0.00043,4729409,88.73632,5329733
8822,farmdawgnation,23,0.00043,4729432,88.73675,5329733
8823,federicobaldo,23,0.00043,4729455,88.73718,5329733
8824,ferantivero,23,0.00043,4729478,88.73762,5329733
8825,flixr,23,0.00043,4729501,88.73805,5329733
8826,forkbomber,23,0.00043,4729524,88.73848,5329733
8827,galan,23,0.00043,4729547,88.73891,5329733
8828,gregdurham,23,0.00043,4729570,88.73934,5329733
8829,gregoiremahe,23,0.00043,4729593,88.73977,5329733
8830,groob,23,0.00043,4729616,88.74021,5329733
8831,gsadhani,23,0.00043,4729639,88.74064,5329733
8832,guangbochen,23,0.00043,4729662,88.74107,5329733
8833,gWOLF3,23,0.00043,4729685,88.74150,5329733
8834,gypsydiver,23,0.00043,4729708,88.74193,5329733
8835,hbceylan,23,0.00043,4729731,88.74236,5329733
8836,hlopko,23,0.00043,4729754,88.74279,5329733
8837,hobbsh,23,0.00043,4729777,88.74323,5329733
8838,hpurmann,23,0.00043,4729800,88.74366,5329733
8839,iamthemuffinman,23,0.00043,4729823,88.74409,5329733
8840,iawells,23,0.00043,4729846,88.74452,5329733
8841,IBMRob,23,0.00043,4729869,88.74495,5329733
8842,ilovezfs,23,0.00043,4729892,88.74538,5329733
8843,ioandr,23,0.00043,4729915,88.74582,5329733
8844,IRCody,23,0.00043,4729938,88.74625,5329733
8845,ismailbaskin,23,0.00043,4729961,88.74668,5329733
8846,jamesbibby,23,0.00043,4729984,88.74711,5329733
8847,janneku,23,0.00043,4730007,88.74754,5329733
8848,JaredTan95,23,0.00043,4730030,88.74797,5329733
8849,JasonSwindle,23,0.00043,4730053,88.74840,5329733
8850,jbehling,23,0.00043,4730076,88.74884,5329733
8851,jgaskins,23,0.00043,4730099,88.74927,5329733
8852,JohnnyCrazy,23,0.00043,4730122,88.74970,5329733
8853,jolson490,23,0.00043,4730145,88.75013,5329733
8854,jorgheymans,23,0.00043,4730168,88.75056,5329733
8855,joshkurz,23,0.00043,4730191,88.75099,5329733
8856,jotadrilo,23,0.00043,4730214,88.75143,5329733
8857,jpb,23,0.00043,4730237,88.75186,5329733
8858,jsuchenia,23,0.00043,4730260,88.75229,5329733
8859,julianhille,23,0.00043,4730283,88.75272,5329733
8860,juniorz,23,0.00043,4730306,88.75315,5329733
8861,kakoni,23,0.00043,4730329,88.75358,5329733
8862,kingasieminiak,23,0.00043,4730352,88.75401,5329733
8863,kivoli,23,0.00043,4730375,88.75445,5329733
8864,klaus993,23,0.00043,4730398,88.75488,5329733
8865,klobucar,23,0.00043,4730421,88.75531,5329733
8866,kmlebedev,23,0.00043,4730444,88.75574,5329733
8867,kobaji,23,0.00043,4730467,88.75617,5329733
8868,kschaab,23,0.00043,4730490,88.75660,5329733
8869,ktenzer,23,0.00043,4730513,88.75704,5329733
8870,kyschouv,23,0.00043,4730536,88.75747,5329733
8871,lazypower,23,0.00043,4730559,88.75790,5329733
8872,ldegio,23,0.00043,4730582,88.75833,5329733
8873,Librazy,23,0.00043,4730605,88.75876,5329733
8874,lihalite,23,0.00043,4730628,88.75919,5329733
8875,lihan,23,0.00043,4730651,88.75962,5329733
8876,lrgar,23,0.00043,4730674,88.76006,5329733
8877,Lutzifer,23,0.00043,4730697,88.76049,5329733
8878,lx223,23,0.00043,4730720,88.76092,5329733
8879,madis,23,0.00043,4730743,88.76135,5329733
8880,marco-jantke,23,0.00043,4730766,88.76178,5329733
8881,matskiv,23,0.00043,4730789,88.76221,5329733
8882,matyix,23,0.00043,4730812,88.76265,5329733
8883,maxwell92,23,0.00043,4730835,88.76308,5329733
8884,mbabker,23,0.00043,4730858,88.76351,5329733
8885,mcapuccini,23,0.00043,4730881,88.76394,5329733
8886,Michael-Baylis,23,0.00043,4730904,88.76437,5329733
8887,michallowicki,23,0.00043,4730927,88.76480,5329733
8888,michalskalski,23,0.00043,4730950,88.76523,5329733
8889,mmisztal1980,23,0.00043,4730973,88.76567,5329733
8890,mparamonau,23,0.00043,4730996,88.76610,5329733
8891,MrSaints,23,0.00043,4731019,88.76653,5329733
8892,mr-yaky,23,0.00043,4731042,88.76696,5329733
8893,mschuchard,23,0.00043,4731065,88.76739,5329733
8894,nabheet,23,0.00043,4731088,88.76782,5329733
8895,NanXiao,23,0.00043,4731111,88.76826,5329733
8896,nique905,23,0.00043,4731134,88.76869,5329733
8897,nyetwurk,23,0.00043,4731157,88.76912,5329733
8898,odra,23,0.00043,4731180,88.76955,5329733
8899,olivere,23,0.00043,4731203,88.76998,5329733
8900,oskapt,23,0.00043,4731226,88.77041,5329733
8901,outofmem0ry,23,0.00043,4731249,88.77084,5329733
8902,PixelJonas,23,0.00043,4731272,88.77128,5329733
8903,podsvirov,23,0.00043,4731295,88.77171,5329733
8904,pohsienshih,23,0.00043,4731318,88.77214,5329733
8905,posita,23,0.00043,4731341,88.77257,5329733
8906,prachetasp,23,0.00043,4731364,88.77300,5329733
8907,prateekarora151083,23,0.00043,4731387,88.77343,5329733
8908,Prims47,23,0.00043,4731410,88.77387,5329733
8909,Project0,23,0.00043,4731433,88.77430,5329733
8910,ralphbean,23,0.00043,4731456,88.77473,5329733
8911,ramanavakka,23,0.00043,4731479,88.77516,5329733
8912,ramonskie,23,0.00043,4731502,88.77559,5329733
8913,razor-x,23,0.00043,4731525,88.77602,5329733
8914,rettori,23,0.00043,4731548,88.77645,5329733
8915,rmuehlbauer,23,0.00043,4731571,88.77689,5329733
8916,rsotnychenko,23,0.00043,4731594,88.77732,5329733
8917,rtoma,23,0.00043,4731617,88.77775,5329733
8918,rubenv,23,0.00043,4731640,88.77818,5329733
8919,ryanash999,23,0.00043,4731663,88.77861,5329733
8920,ryanrhee,23,0.00043,4731686,88.77904,5329733
8921,saikatharryc,23,0.00043,4731709,88.77948,5329733
8922,samos123,23,0.00043,4731732,88.77991,5329733
8923,scott-chaney,23,0.00043,4731755,88.78034,5329733
8924,scumola,23,0.00043,4731778,88.78077,5329733
8925,sebdoido,23,0.00043,4731801,88.78120,5329733
8926,sectorsize512,23,0.00043,4731824,88.78163,5329733
8927,shaunmansell,23,0.00043,4731847,88.78206,5329733
8928,shawnho1018,23,0.00043,4731870,88.78250,5329733
8929,Sheph,23,0.00043,4731893,88.78293,5329733
8930,shiftky,23,0.00043,4731916,88.78336,5329733
8931,shravan-achar,23,0.00043,4731939,88.78379,5329733
8932,sh-tatsuno,23,0.00043,4731962,88.78422,5329733
8933,skarj,23,0.00043,4731985,88.78465,5329733
8934,skoef,23,0.00043,4732008,88.78509,5329733
8935,sngchlko,23,0.00043,4732031,88.78552,5329733
8936,Songjoy,23,0.00043,4732054,88.78595,5329733
8937,sourabh1031,23,0.00043,4732077,88.78638,5329733
8938,southpolesteve,23,0.00043,4732100,88.78681,5329733
8939,spinorx,23,0.00043,4732123,88.78724,5329733
8940,srfrnk,23,0.00043,4732146,88.78767,5329733
8941,stefanodoni,23,0.00043,4732169,88.78811,5329733
8942,stellirin,23,0.00043,4732192,88.78854,5329733
8943,sufuf3,23,0.00043,4732215,88.78897,5329733
8944,svyotov,23,0.00043,4732238,88.78940,5329733
8945,swistaczek,23,0.00043,4732261,88.78983,5329733
8946,tanaka-takayoshi,23,0.00043,4732284,88.79026,5329733
8947,techlunacy,23,0.00043,4732307,88.79070,5329733
8948,theatrus,23,0.00043,4732330,88.79113,5329733
8949,tothandras,23,0.00043,4732353,88.79156,5329733
8950,tsahiduek,23,0.00043,4732376,88.79199,5329733
8951,tutaidalal,23,0.00043,4732399,88.79242,5329733
8952,usamaahmadkhan,23,0.00043,4732422,88.79285,5329733
8953,vegasbrianc,23,0.00043,4732445,88.79328,5329733
8954,viggeh,23,0.00043,4732468,88.79372,5329733
8955,viteksafronov,23,0.00043,4732491,88.79415,5329733
8956,wdauchy,23,0.00043,4732514,88.79458,5329733
8957,winjer,23,0.00043,4732537,88.79501,5329733
8958,Xcalizorz,23,0.00043,4732560,88.79544,5329733
8959,xwisen,23,0.00043,4732583,88.79587,5329733
8960,yatender-oktalk,23,0.00043,4732606,88.79631,5329733
8961,youngbupark,23,0.00043,4732629,88.79674,5329733
8962,ytakaya,23,0.00043,4732652,88.79717,5329733
8963,zevarito,23,0.00043,4732675,88.79760,5329733
8964,2vcps,22,0.00041,4732697,88.79801,5329733
8965,4406arthur,22,0.00041,4732719,88.79843,5329733
8966,activars,22,0.00041,4732741,88.79884,5329733
8967,Adiqq,22,0.00041,4732763,88.79925,5329733
8968,afking,22,0.00041,4732785,88.79966,5329733
8969,agrahamlincoln,22,0.00041,4732807,88.80008,5329733
8970,akoenig,22,0.00041,4732829,88.80049,5329733
8971,alarge,22,0.00041,4732851,88.80090,5329733
8972,alexanderilyin,22,0.00041,4732873,88.80132,5329733
8973,alexpekurovsky,22,0.00041,4732895,88.80173,5329733
8974,AnarSultanov,22,0.00041,4732917,88.80214,5329733
8975,andyp1per,22,0.00041,4732939,88.80255,5329733
8976,apsinha,22,0.00041,4732961,88.80297,5329733
8977,apupier,22,0.00041,4732983,88.80338,5329733
8978,audig,22,0.00041,4733005,88.80379,5329733
8979,bege13mot,22,0.00041,4733027,88.80420,5329733
8980,beltran-rubo,22,0.00041,4733049,88.80462,5329733
8981,bensussman,22,0.00041,4733071,88.80503,5329733
8982,bitscuit,22,0.00041,4733093,88.80544,5329733
8983,blackstar257,22,0.00041,4733115,88.80586,5329733
8984,blak3mill3r,22,0.00041,4733137,88.80627,5329733
8985,bootjp,22,0.00041,4733159,88.80668,5329733
8986,BoutheinaDab,22,0.00041,4733181,88.80709,5329733
8987,bragi92,22,0.00041,4733203,88.80751,5329733
8988,BrianChristie,22,0.00041,4733225,88.80792,5329733
8989,BrunoQuaresma,22,0.00041,4733247,88.80833,5329733
8990,brusMX,22,0.00041,4733269,88.80875,5329733
8991,bryanl,22,0.00041,4733291,88.80916,5329733
8992,caiohasouza,22,0.00041,4733313,88.80957,5329733
8993,cbanek,22,0.00041,4733335,88.80998,5329733
8994,chirino,22,0.00041,4733357,88.81040,5329733
8995,coreyperkins,22,0.00041,4733379,88.81081,5329733
8996,cvanderschuere,22,0.00041,4733401,88.81122,5329733
8997,danielbryantuk,22,0.00041,4733423,88.81163,5329733
8998,deadtrickster,22,0.00041,4733445,88.81205,5329733
8999,deschmih,22,0.00041,4733467,88.81246,5329733
9000,dettervt,22,0.00041,4733489,88.81287,5329733
9001,dgrala,22,0.00041,4733511,88.81329,5329733
9002,dimaqq,22,0.00041,4733533,88.81370,5329733
9003,divyangjp,22,0.00041,4733555,88.81411,5329733
9004,diwu1989,22,0.00041,4733577,88.81452,5329733
9005,donmccasland,22,0.00041,4733599,88.81494,5329733
9006,DrissiReda,22,0.00041,4733621,88.81535,5329733
9007,drzero42,22,0.00041,4733643,88.81576,5329733
9008,dservgun,22,0.00041,4733665,88.81618,5329733
9009,dzeban,22,0.00041,4733687,88.81659,5329733
9010,eguzki,22,0.00041,4733709,88.81700,5329733
9011,elliots,22,0.00041,4733731,88.81741,5329733
9012,enbohm,22,0.00041,4733753,88.81783,5329733
9013,erks,22,0.00041,4733775,88.81824,5329733
9014,etsauer,22,0.00041,4733797,88.81865,5329733
9015,evanfoster,22,0.00041,4733819,88.81906,5329733
9016,EvaSDK,22,0.00041,4733841,88.81948,5329733
9017,exu,22,0.00041,4733863,88.81989,5329733
9018,f3nry,22,0.00041,4733885,88.82030,5329733
9019,fengli-google,22,0.00041,4733907,88.82072,5329733
9020,Fizzadar,22,0.00041,4733929,88.82113,5329733
9021,flisky,22,0.00041,4733951,88.82154,5329733
9022,FrodeHus,22,0.00041,4733973,88.82195,5329733
9023,fshot,22,0.00041,4733995,88.82237,5329733
9024,fuergaosi233,22,0.00041,4734017,88.82278,5329733
9025,fuhbar,22,0.00041,4734039,88.82319,5329733
9026,gazal-k,22,0.00041,4734061,88.82361,5329733
9027,geekysrm,22,0.00041,4734083,88.82402,5329733
9028,ggm-at-apnic,22,0.00041,4734105,88.82443,5329733
9029,gjtorikian,22,0.00041,4734127,88.82484,5329733
9030,goyalv,22,0.00041,4734149,88.82526,5329733
9031,gsans,22,0.00041,4734171,88.82567,5329733
9032,guilhermesteinmuller,22,0.00041,4734193,88.82608,5329733
9033,hakanmemisoglu,22,0.00041,4734215,88.82649,5329733
9034,hanks,22,0.00041,4734237,88.82691,5329733
9035,hepin1989,22,0.00041,4734259,88.82732,5329733
9036,Hermain,22,0.00041,4734281,88.82773,5329733
9037,hinchliff,22,0.00041,4734303,88.82815,5329733
9038,honeychen502,22,0.00041,4734325,88.82856,5329733
9039,ifosch,22,0.00041,4734347,88.82897,5329733
9040,isavcic,22,0.00041,4734369,88.82938,5329733
9041,Jaanki,22,0.00041,4734391,88.82980,5329733
9042,jabielecki,22,0.00041,4734413,88.83021,5329733
9043,janitha09,22,0.00041,4734435,88.83062,5329733
9044,jbianquetti-nami,22,0.00041,4734457,88.83104,5329733
9045,jbowes,22,0.00041,4734479,88.83145,5329733
9046,jeffutter,22,0.00041,4734501,88.83186,5329733
9047,jeis2497052,22,0.00041,4734523,88.83227,5329733
9048,jeroenvisser101,22,0.00041,4734545,88.83269,5329733
9049,jfernancordova,22,0.00041,4734567,88.83310,5329733
9050,jfmatth,22,0.00041,4734589,88.83351,5329733
9051,jhernand,22,0.00041,4734611,88.83392,5329733
9052,jipperinbham,22,0.00041,4734633,88.83434,5329733
9053,jlevesy,22,0.00041,4734655,88.83475,5329733
9054,jmirc,22,0.00041,4734677,88.83516,5329733
9055,joeyjy,22,0.00041,4734699,88.83558,5329733
9056,JohannesEH,22,0.00041,4734721,88.83599,5329733
9057,joonathan,22,0.00041,4734743,88.83640,5329733
9058,joosthof,22,0.00041,4734765,88.83681,5329733
9059,jozefizso,22,0.00041,4734787,88.83723,5329733
9060,jpitz,22,0.00041,4734809,88.83764,5329733
9061,JWDobken,22,0.00041,4734831,88.83805,5329733
9062,Kaitou786,22,0.00041,4734853,88.83847,5329733
9063,ketkulka,22,0.00041,4734875,88.83888,5329733
9064,khappucino,22,0.00041,4734897,88.83929,5329733
9065,ktateish,22,0.00041,4734919,88.83970,5329733
9066,kunickiaj,22,0.00041,4734941,88.84012,5329733
9067,KylanZhang,22,0.00041,4734963,88.84053,5329733
9068,leeliu,22,0.00041,4734985,88.84094,5329733
9069,lenalebt,22,0.00041,4735007,88.84135,5329733
9070,leogomes,22,0.00041,4735029,88.84177,5329733
9071,limscoder,22,0.00041,4735051,88.84218,5329733
9072,liuyangc3,22,0.00041,4735073,88.84259,5329733
9073,ljnaresh,22,0.00041,4735095,88.84301,5329733
9074,LoLei,22,0.00041,4735117,88.84342,5329733
9075,longngn,22,0.00041,4735139,88.84383,5329733
9076,lucasallan,22,0.00041,4735161,88.84424,5329733
9077,Luzifer,22,0.00041,4735183,88.84466,5329733
9078,m1k3,22,0.00041,4735205,88.84507,5329733
9079,madhurranjan,22,0.00041,4735227,88.84548,5329733
9080,MaikuMori,22,0.00041,4735249,88.84590,5329733
9081,manigandham,22,0.00041,4735271,88.84631,5329733
9082,marsavela,22,0.00041,4735293,88.84672,5329733
9083,marshauf,22,0.00041,4735315,88.84713,5329733
9084,martinhoefling,22,0.00041,4735337,88.84755,5329733
9085,MaT1g3R,22,0.00041,4735359,88.84796,5329733
9086,matthughes,22,0.00041,4735381,88.84837,5329733
9087,Mattzr,22,0.00041,4735403,88.84878,5329733
9088,mkosieradzki,22,0.00041,4735425,88.84920,5329733
9089,mnuttall,22,0.00041,4735447,88.84961,5329733
9090,monstercy,22,0.00041,4735469,88.85002,5329733
9091,moolitayer,22,0.00041,4735491,88.85044,5329733
9092,mostrows2,22,0.00041,4735513,88.85085,5329733
9093,mountkin,22,0.00041,4735535,88.85126,5329733
9094,mRs-,22,0.00041,4735557,88.85167,5329733
9095,mwl,22,0.00041,4735579,88.85209,5329733
9096,namusyaka,22,0.00041,4735601,88.85250,5329733
9097,natronq,22,0.00041,4735623,88.85291,5329733
9098,nevetS,22,0.00041,4735645,88.85333,5329733
9099,nfirvine,22,0.00041,4735667,88.85374,5329733
9100,nhuray,22,0.00041,4735689,88.85415,5329733
9101,NickUfer,22,0.00041,4735711,88.85456,5329733
9102,niiku,22,0.00041,4735733,88.85498,5329733
9103,NikPaushkin,22,0.00041,4735755,88.85539,5329733
9104,noahfalk,22,0.00041,4735777,88.85580,5329733
9105,nVitius,22,0.00041,4735799,88.85621,5329733
9106,OlegPS,22,0.00041,4735821,88.85663,5329733
9107,openmohan,22,0.00041,4735843,88.85704,5329733
9108,opera443399,22,0.00041,4735865,88.85745,5329733
9109,paultag,22,0.00041,4735887,88.85787,5329733
9110,petermbenjamin,22,0.00041,4735909,88.85828,5329733
9111,pglombardo,22,0.00041,4735931,88.85869,5329733
9112,pieterjanpintens,22,0.00041,4735953,88.85910,5329733
9113,podnov,22,0.00041,4735975,88.85952,5329733
9114,polasekr,22,0.00041,4735997,88.85993,5329733
9115,posox,22,0.00041,4736019,88.86034,5329733
9116,ppietrasa,22,0.00041,4736041,88.86076,5329733
9117,princespaghetti,22,0.00041,4736063,88.86117,5329733
9118,purebluesong,22,0.00041,4736085,88.86158,5329733
9119,RakhithaRR,22,0.00041,4736107,88.86199,5329733
9120,rapenchukd,22,0.00041,4736129,88.86241,5329733
9121,rastut,22,0.00041,4736151,88.86282,5329733
9122,rberrelleza,22,0.00041,4736173,88.86323,5329733
9123,rbruggem,22,0.00041,4736195,88.86364,5329733
9124,redixin,22,0.00041,4736217,88.86406,5329733
9125,relaxdiego,22,0.00041,4736239,88.86447,5329733
9126,rFronteddu,22,0.00041,4736261,88.86488,5329733
9127,rlmcpherson,22,0.00041,4736283,88.86530,5329733
9128,robece,22,0.00041,4736305,88.86571,5329733
9129,RohanTalip,22,0.00041,4736327,88.86612,5329733
9130,Rowern,22,0.00041,4736349,88.86653,5329733
9131,Rudd-O,22,0.00041,4736371,88.86695,5329733
9132,ryanhorn,22,0.00041,4736393,88.86736,5329733
9133,SaaldjorMike,22,0.00041,4736415,88.86777,5329733
9134,sagaranand015,22,0.00041,4736437,88.86819,5329733
9135,sailingwithoutwind,22,0.00041,4736459,88.86860,5329733
9136,salilgupta1,22,0.00041,4736481,88.86901,5329733
9137,sanicheev,22,0.00041,4736503,88.86942,5329733
9138,sdanbury,22,0.00041,4736525,88.86984,5329733
9139,sebright,22,0.00041,4736547,88.87025,5329733
9140,shettyg,22,0.00041,4736569,88.87066,5329733
9141,simonszu,22,0.00041,4736591,88.87107,5329733
9142,singhmeghna79,22,0.00041,4736613,88.87149,5329733
9143,sjevs,22,0.00041,4736635,88.87190,5329733
9144,skurtzemann,22,0.00041,4736657,88.87231,5329733
9145,soulne4ny,22,0.00041,4736679,88.87273,5329733
9146,spkane,22,0.00041,4736701,88.87314,5329733
9147,spyros87,22,0.00041,4736723,88.87355,5329733
9148,stephenh,22,0.00041,4736745,88.87396,5329733
9149,sukhong,22,0.00041,4736767,88.87438,5329733
9150,suvl,22,0.00041,4736789,88.87479,5329733
9151,Syps,22,0.00041,4736811,88.87520,5329733
9152,taer,22,0.00041,4736833,88.87562,5329733
9153,tarvip,22,0.00041,4736855,88.87603,5329733
9154,tchellomello,22,0.00041,4736877,88.87644,5329733
9155,theairkit,22,0.00041,4736899,88.87685,5329733
9156,thegreystone,22,0.00041,4736921,88.87727,5329733
9157,thirstydeveloper,22,0.00041,4736943,88.87768,5329733
9158,thojkooi,22,0.00041,4736965,88.87809,5329733
9159,timanovsky,22,0.00041,4736987,88.87850,5329733
9160,tliron,22,0.00041,4737009,88.87892,5329733
9161,tolleiv,22,0.00041,4737031,88.87933,5329733
9162,tomaszkiewicz,22,0.00041,4737053,88.87974,5329733
9163,tomgeorge,22,0.00041,4737075,88.88016,5329733
9164,tommyvn,22,0.00041,4737097,88.88057,5329733
9165,totemcaf,22,0.00041,4737119,88.88098,5329733
9166,trnl,22,0.00041,4737141,88.88139,5329733
9167,Ubehebe,22,0.00041,4737163,88.88181,5329733
9168,vincentjorgensen,22,0.00041,4737185,88.88222,5329733
9169,vincentwoo,22,0.00041,4737207,88.88263,5329733
9170,vlerenc,22,0.00041,4737229,88.88305,5329733
9171,vnitinv,22,0.00041,4737251,88.88346,5329733
9172,voyalab,22,0.00041,4737273,88.88387,5329733
9173,WalkerGriggs,22,0.00041,4737295,88.88428,5329733
9174,wangzhuzhen,22,0.00041,4737317,88.88470,5329733
9175,wb14123,22,0.00041,4737339,88.88511,5329733
9176,wesyao,22,0.00041,4737361,88.88552,5329733
9177,wilhuff,22,0.00041,4737383,88.88593,5329733
9178,wmengRH,22,0.00041,4737405,88.88635,5329733
9179,yangzhares,22,0.00041,4737427,88.88676,5329733
9180,yiakwy,22,0.00041,4737449,88.88717,5329733
9181,yoshioterada,22,0.00041,4737471,88.88759,5329733
9182,YouriT,22,0.00041,4737493,88.88800,5329733
9183,ysh7,22,0.00041,4737515,88.88841,5329733
9184,yugui,22,0.00041,4737537,88.88882,5329733
9185,zaa,22,0.00041,4737559,88.88924,5329733
9186,zachdaniel,22,0.00041,4737581,88.88965,5329733
9187,zayoo,22,0.00041,4737603,88.89006,5329733
9188,zcourts,22,0.00041,4737625,88.89048,5329733
9189,ZhangZhenhua,22,0.00041,4737647,88.89089,5329733
9190,zombiezen,22,0.00041,4737669,88.89130,5329733
9191,zwhitchcox,22,0.00041,4737691,88.89171,5329733
9192,a1dutch,21,0.00039,4737712,88.89211,5329733
9193,adamwg,21,0.00039,4737733,88.89250,5329733
9194,akhilesh2410,21,0.00039,4737754,88.89290,5329733
9195,alicek106,21,0.00039,4737775,88.89329,5329733
9196,alyptik,21,0.00039,4737796,88.89368,5329733
9197,amitbitcse,21,0.00039,4737817,88.89408,5329733
9198,AndreaM16,21,0.00039,4737838,88.89447,5329733
9199,andrew8er,21,0.00039,4737859,88.89487,5329733
9200,andrewsav-datacom,21,0.00039,4737880,88.89526,5329733
9201,AnjaliRajan24,21,0.00039,4737901,88.89565,5329733
9202,ankushchadha,21,0.00039,4737922,88.89605,5329733
9203,antonlisovenko,21,0.00039,4737943,88.89644,5329733
9204,antonu17,21,0.00039,4737964,88.89684,5329733
9205,anyasabo,21,0.00039,4737985,88.89723,5329733
9206,arapulido,21,0.00039,4738006,88.89762,5329733
9207,argais,21,0.00039,4738027,88.89802,5329733
9208,ariefrahmansyah,21,0.00039,4738048,88.89841,5329733
9209,arunvelsriram,21,0.00039,4738069,88.89881,5329733
9210,asavaritayal,21,0.00039,4738090,88.89920,5329733
9211,asears,21,0.00039,4738111,88.89959,5329733
9212,at1012,21,0.00039,4738132,88.89999,5329733
9213,atsuky,21,0.00039,4738153,88.90038,5329733
9214,avigailof,21,0.00039,4738174,88.90078,5329733
9215,Aweary,21,0.00039,4738195,88.90117,5329733
9216,axinojolais,21,0.00039,4738216,88.90156,5329733
9217,BalaBalaYi,21,0.00039,4738237,88.90196,5329733
9218,bandesz,21,0.00039,4738258,88.90235,5329733
9219,bandrade,21,0.00039,4738279,88.90275,5329733
9220,bbguimaraes,21,0.00039,4738300,88.90314,5329733
9221,BenchR267,21,0.00039,4738321,88.90353,5329733
9222,Benjamin-Dobell,21,0.00039,4738342,88.90393,5329733
9223,berlincount,21,0.00039,4738363,88.90432,5329733
9224,better0332,21,0.00039,4738384,88.90472,5329733
9225,bingosummer,21,0.00039,4738405,88.90511,5329733
9226,bjornstar,21,0.00039,4738426,88.90550,5329733
9227,blues-man,21,0.00039,4738447,88.90590,5329733
9228,bmozaffa,21,0.00039,4738468,88.90629,5329733
9229,bobymicroby,21,0.00039,4738489,88.90669,5329733
9230,brejoc,21,0.00039,4738510,88.90708,5329733
9231,brianstorti,21,0.00039,4738531,88.90747,5329733
9232,bysnupy,21,0.00039,4738552,88.90787,5329733
9233,canselcik,21,0.00039,4738573,88.90826,5329733
9234,Carlory,21,0.00039,4738594,88.90866,5329733
9235,cbarton,21,0.00039,4738615,88.90905,5329733
9236,cdickmann,21,0.00039,4738636,88.90944,5329733
9237,CelsoSantos,21,0.00039,4738657,88.90984,5329733
9238,chrisns,21,0.00039,4738678,88.91023,5329733
9239,ckeyer,21,0.00039,4738699,88.91063,5329733
9240,clementlecorre,21,0.00039,4738720,88.91102,5329733
9241,CMajeri,21,0.00039,4738741,88.91141,5329733
9242,code-haven,21,0.00039,4738762,88.91181,5329733
9243,coffiney,21,0.00039,4738783,88.91220,5329733
9244,combor,21,0.00039,4738804,88.91260,5329733
9245,Conan-Kudo,21,0.00039,4738825,88.91299,5329733
9246,cooktheryan,21,0.00039,4738846,88.91338,5329733
9247,coryodaniel,21,0.00039,4738867,88.91378,5329733
9248,cydu-cloud,21,0.00039,4738888,88.91417,5329733
9249,damomurf,21,0.00039,4738909,88.91457,5329733
9250,danielmbarlow,21,0.00039,4738930,88.91496,5329733
9251,danmcp,21,0.00039,4738951,88.91535,5329733
9252,danpaik,21,0.00039,4738972,88.91575,5329733
9253,DaspawnW,21,0.00039,4738993,88.91614,5329733
9254,DavidHuie,21,0.00039,4739014,88.91654,5329733
9255,dbolkensteyn,21,0.00039,4739035,88.91693,5329733
9256,dczombera,21,0.00039,4739056,88.91732,5329733
9257,debojitkakoti,21,0.00039,4739077,88.91772,5329733
9258,derekbassett,21,0.00039,4739098,88.91811,5329733
9259,devholic,21,0.00039,4739119,88.91851,5329733
9260,dfarrell07,21,0.00039,4739140,88.91890,5329733
9261,dfredell,21,0.00039,4739161,88.91929,5329733
9262,djsd123,21,0.00039,4739182,88.91969,5329733
9263,donmstewart,21,0.00039,4739203,88.92008,5329733
9264,doochik,21,0.00039,4739224,88.92048,5329733
9265,dopykuh,21,0.00039,4739245,88.92087,5329733
9266,Downchuck,21,0.00039,4739266,88.92126,5329733
9267,dramich,21,0.00039,4739287,88.92166,5329733
9268,duane-ibm,21,0.00039,4739308,88.92205,5329733
9269,ebati,21,0.00039,4739329,88.92245,5329733
9270,edbergavera,21,0.00039,4739350,88.92284,5329733
9271,edwardcallahan,21,0.00039,4739371,88.92323,5329733
9272,ekampf,21,0.00039,4739392,88.92363,5329733
9273,elevran,21,0.00039,4739413,88.92402,5329733
9274,epotex,21,0.00039,4739434,88.92442,5329733
9275,Eraac,21,0.00039,4739455,88.92481,5329733
9276,estechnical,21,0.00039,4739476,88.92521,5329733
9277,ezimanyi,21,0.00039,4739497,88.92560,5329733
9278,fbac,21,0.00039,4739518,88.92599,5329733
9279,filoozom,21,0.00039,4739539,88.92639,5329733
9280,fzakaria,21,0.00039,4739560,88.92678,5329733
9281,gabeduke,21,0.00039,4739581,88.92718,5329733
9282,gaui,21,0.00039,4739602,88.92757,5329733
9283,gramidt,21,0.00039,4739623,88.92796,5329733
9284,gree-gorey,21,0.00039,4739644,88.92836,5329733
9285,guce,21,0.00039,4739665,88.92875,5329733
9286,guoger,21,0.00039,4739686,88.92915,5329733
9287,hayderimran7,21,0.00039,4739707,88.92954,5329733
9288,hedayat,21,0.00039,4739728,88.92993,5329733
9289,HighwayofLife,21,0.00039,4739749,88.93033,5329733
9290,hinshun,21,0.00039,4739770,88.93072,5329733
9291,hongshibao,21,0.00039,4739791,88.93112,5329733
9292,iahmad-khan,21,0.00039,4739812,88.93151,5329733
9293,iam404,21,0.00039,4739833,88.93190,5329733
9294,igncp,21,0.00039,4739854,88.93230,5329733
9295,IsharaPannila,21,0.00039,4739875,88.93269,5329733
9296,isra17,21,0.00039,4739896,88.93309,5329733
9297,jabbors,21,0.00039,4739917,88.93348,5329733
9298,jaltabike,21,0.00039,4739938,88.93387,5329733
9299,jbernardo95,21,0.00039,4739959,88.93427,5329733
9300,jdanekrh,21,0.00039,4739980,88.93466,5329733
9301,jebbench,21,0.00039,4740001,88.93506,5329733
9302,jeromefroe,21,0.00039,4740022,88.93545,5329733
9303,jjmaestro,21,0.00039,4740043,88.93584,5329733
9304,jkhelil,21,0.00039,4740064,88.93624,5329733
9305,jkrcma,21,0.00039,4740085,88.93663,5329733
9306,jlk,21,0.00039,4740106,88.93703,5329733
9307,jmealo,21,0.00039,4740127,88.93742,5329733
9308,jmickey,21,0.00039,4740148,88.93781,5329733
9309,JoelMarcey,21,0.00039,4740169,88.93821,5329733
9310,johnae,21,0.00039,4740190,88.93860,5329733
9311,johnstudarus,21,0.00039,4740211,88.93900,5329733
9312,jonmuk,21,0.00039,4740232,88.93939,5329733
9313,jpechane,21,0.00039,4740253,88.93978,5329733
9314,jpweber,21,0.00039,4740274,88.94018,5329733
9315,jscheinblum,21,0.00039,4740295,88.94057,5329733
9316,jsm,21,0.00039,4740316,88.94097,5329733
9317,jsternberg,21,0.00039,4740337,88.94136,5329733
9318,jtligon,21,0.00039,4740358,88.94175,5329733
9319,jwierzbo,21,0.00039,4740379,88.94215,5329733
9320,jwilander,21,0.00039,4740400,88.94254,5329733
9321,keegancsmith,21,0.00039,4740421,88.94294,5329733
9322,keithjohnhowe,21,0.00039,4740442,88.94333,5329733
9323,kennethaasan,21,0.00039,4740463,88.94372,5329733
9324,kesslerdev,21,0.00039,4740484,88.94412,5329733
9325,kfirufk,21,0.00039,4740505,88.94451,5329733
9326,killfill,21,0.00039,4740526,88.94491,5329733
9327,killmeplz,21,0.00039,4740547,88.94530,5329733
9328,knackaron,21,0.00039,4740568,88.94569,5329733
9329,kometchtech,21,0.00039,4740589,88.94609,5329733
9330,KomorkinMikhail,21,0.00039,4740610,88.94648,5329733
9331,krishnadurai,21,0.00039,4740631,88.94688,5329733
9332,krishna-mk,21,0.00039,4740652,88.94727,5329733
9333,kristofarkas,21,0.00039,4740673,88.94766,5329733
9334,lattwood,21,0.00039,4740694,88.94806,5329733
9335,lfundaro,21,0.00039,4740715,88.94845,5329733
9336,lilnate22,21,0.00039,4740736,88.94885,5329733
9337,liugenping,21,0.00039,4740757,88.94924,5329733
9338,LoicMahieu,21,0.00039,4740778,88.94963,5329733
9339,loxley,21,0.00039,4740799,88.95003,5329733
9340,ltagliamonte,21,0.00039,4740820,88.95042,5329733
9341,lubronzhan,21,0.00039,4740841,88.95082,5329733
9342,lucasvmiguel,21,0.00039,4740862,88.95121,5329733
9343,manast,21,0.00039,4740883,88.95160,5329733
9344,Mattias-,21,0.00039,4740904,88.95200,5329733
9345,mattysweeps,21,0.00039,4740925,88.95239,5329733
9346,mcadam,21,0.00039,4740946,88.95279,5329733
9347,mentos1386,21,0.00039,4740967,88.95318,5329733
9348,meringu,21,0.00039,4740988,88.95357,5329733
9349,mhutter,21,0.00039,4741009,88.95397,5329733
9350,mightyguava,21,0.00039,4741030,88.95436,5329733
9351,milesmatthias,21,0.00039,4741051,88.95476,5329733
9352,minhhungit,21,0.00039,4741072,88.95515,5329733
9353,mohamed-mehany,21,0.00039,4741093,88.95554,5329733
9354,mohannadbanayosi,21,0.00039,4741114,88.95594,5329733
9355,moondev,21,0.00039,4741135,88.95633,5329733
9356,mtiller,21,0.00039,4741156,88.95673,5329733
9357,muesli,21,0.00039,4741177,88.95712,5329733
9358,mward29,21,0.00039,4741198,88.95751,5329733
9359,namratachaudhary,21,0.00039,4741219,88.95791,5329733
9360,nandu-vinodan,21,0.00039,4741240,88.95830,5329733
9361,naxhh,21,0.00039,4741261,88.95870,5329733
9362,nhumrich,21,0.00039,4741282,88.95909,5329733
9363,nicholasjackson,21,0.00039,4741303,88.95948,5329733
9364,nicorevin,21,0.00039,4741324,88.95988,5329733
9365,nirmoy,21,0.00039,4741345,88.96027,5329733
9366,n-marton,21,0.00039,4741366,88.96067,5329733
9367,NMFR,21,0.00039,4741387,88.96106,5329733
9368,noctarius,21,0.00039,4741408,88.96145,5329733
9369,nomisbeme,21,0.00039,4741429,88.96185,5329733
9370,nordri,21,0.00039,4741450,88.96224,5329733
9371,nownabe,21,0.00039,4741471,88.96264,5329733
9372,nrvale0,21,0.00039,4741492,88.96303,5329733
9373,ntwrkguru,21,0.00039,4741513,88.96342,5329733
9374,nyren,21,0.00039,4741534,88.96382,5329733
9375,oforero,21,0.00039,4741555,88.96421,5329733
9376,ohad7,21,0.00039,4741576,88.96461,5329733
9377,okossuth,21,0.00039,4741597,88.96500,5329733
9378,orkhanM,21,0.00039,4741618,88.96539,5329733
9379,paudirac,21,0.00039,4741639,88.96579,5329733
9380,paulbattagliag,21,0.00039,4741660,88.96618,5329733
9381,pbagchi,21,0.00039,4741681,88.96658,5329733
9382,pedrosland,21,0.00039,4741702,88.96697,5329733
9383,periklis,21,0.00039,4741723,88.96736,5329733
9384,perryao,21,0.00039,4741744,88.96776,5329733
9385,peterj,21,0.00039,4741765,88.96815,5329733
9386,phlippieb,21,0.00039,4741786,88.96855,5329733
9387,pintonunes,21,0.00039,4741807,88.96894,5329733
9388,piyush1594,21,0.00039,4741828,88.96933,5329733
9389,pjsawicki,21,0.00039,4741849,88.96973,5329733
9390,plaisted,21,0.00039,4741870,88.97012,5329733
9391,Pradyumnakashyap,21,0.00039,4741891,88.97052,5329733
9392,pragyamehta,21,0.00039,4741912,88.97091,5329733
9393,praparn,21,0.00039,4741933,88.97130,5329733
9394,priley86,21,0.00039,4741954,88.97170,5329733
9395,prometheanfire,21,0.00039,4741975,88.97209,5329733
9396,protochron,21,0.00039,4741996,88.97249,5329733
9397,pschichtel,21,0.00039,4742017,88.97288,5329733
9398,pvdissel,21,0.00039,4742038,88.97328,5329733
9399,Quasilyte,21,0.00039,4742059,88.97367,5329733
9400,ra1fh,21,0.00039,4742080,88.97406,5329733
9401,rakeshreddybandi,21,0.00039,4742101,88.97446,5329733
9402,randmonkey,21,0.00039,4742122,88.97485,5329733
9403,rguichard,21,0.00039,4742143,88.97525,5329733
9404,richardsliu,21,0.00039,4742164,88.97564,5329733
9405,robinro,21,0.00039,4742185,88.97603,5329733
9406,rokrokss,21,0.00039,4742206,88.97643,5329733
9407,rud,21,0.00039,4742227,88.97682,5329733
9408,ruig2,21,0.00039,4742248,88.97722,5329733
9409,RXminuS,21,0.00039,4742269,88.97761,5329733
9410,samuelmanzer,21,0.00039,4742290,88.97800,5329733
9411,samvaity,21,0.00039,4742311,88.97840,5329733
9412,scheuk,21,0.00039,4742332,88.97879,5329733
9413,SchwarzM,21,0.00039,4742353,88.97919,5329733
9414,Scottmitch,21,0.00039,4742374,88.97958,5329733
9415,scottstout,21,0.00039,4742395,88.97997,5329733
9416,seomago,21,0.00039,4742416,88.98037,5329733
9417,SergeSpinoza,21,0.00039,4742437,88.98076,5329733
9418,sgmitchell,21,0.00039,4742458,88.98116,5329733
9419,sgrankin,21,0.00039,4742479,88.98155,5329733
9420,shakeelrao,21,0.00039,4742500,88.98194,5329733
9421,shubhamvashisht,21,0.00039,4742521,88.98234,5329733
9422,shuraa,21,0.00039,4742542,88.98273,5329733
9423,ShuYingya,21,0.00039,4742563,88.98313,5329733
9424,si74,21,0.00039,4742584,88.98352,5329733
9425,silverbackdan,21,0.00039,4742605,88.98391,5329733
9426,skbly7,21,0.00039,4742626,88.98431,5329733
9427,skippy,21,0.00039,4742647,88.98470,5329733
9428,smileynewbie123,21,0.00039,4742668,88.98510,5329733
9429,SpencerBrown,21,0.00039,4742689,88.98549,5329733
9430,sshahinco,21,0.00039,4742710,88.98588,5329733
9431,stefansundin,21,0.00039,4742731,88.98628,5329733
9432,Steniaz,21,0.00039,4742752,88.98667,5329733
9433,steren,21,0.00039,4742773,88.98707,5329733
9434,stevezau,21,0.00039,4742794,88.98746,5329733
9435,sthaha,21,0.00039,4742815,88.98785,5329733
9436,stongo,21,0.00039,4742836,88.98825,5329733
9437,sublimino,21,0.00039,4742857,88.98864,5329733
9438,suneeta-mall,21,0.00039,4742878,88.98904,5329733
9439,suvsap,21,0.00039,4742899,88.98943,5329733
9440,svenefftinge,21,0.00039,4742920,88.98982,5329733
9441,sxlijin,21,0.00039,4742941,88.99022,5329733
9442,tavisma,21,0.00039,4742962,88.99061,5329733
9443,tbuchier,21,0.00039,4742983,88.99101,5329733
9444,tgrosinger,21,0.00039,4743004,88.99140,5329733
9445,theogravity,21,0.00039,4743025,88.99179,5329733
9446,thesandlord,21,0.00039,4743046,88.99219,5329733
9447,thesteve0,21,0.00039,4743067,88.99258,5329733
9448,timurkhafizov,21,0.00039,4743088,88.99298,5329733
9449,titanous,21,0.00039,4743109,88.99337,5329733
9450,tmm1,21,0.00039,4743130,88.99376,5329733
9451,tomkrouper,21,0.00039,4743151,88.99416,5329733
9452,tomqwu,21,0.00039,4743172,88.99455,5329733
9453,tong101,21,0.00039,4743193,88.99495,5329733
9454,Tratcher,21,0.00039,4743214,88.99534,5329733
9455,udekel,21,0.00039,4743235,88.99573,5329733
9456,utahcon,21,0.00039,4743256,88.99613,5329733
9457,vaibhavsingh97,21,0.00039,4743277,88.99652,5329733
9458,valentin-krasontovitsch,21,0.00039,4743298,88.99692,5329733
9459,valer-cara,21,0.00039,4743319,88.99731,5329733
9460,visualapps,21,0.00039,4743340,88.99770,5329733
9461,vning93,21,0.00039,4743361,88.99810,5329733
9462,vukg,21,0.00039,4743382,88.99849,5329733
9463,wtrocki,21,0.00039,4743403,88.99889,5329733
9464,yanc0,21,0.00039,4743424,88.99928,5329733
9465,yanhongwang,21,0.00039,4743445,88.99967,5329733
9466,Yannig,21,0.00039,4743466,89.00007,5329733
9467,yechnlin,21,0.00039,4743487,89.00046,5329733
9468,yoz2326,21,0.00039,4743508,89.00086,5329733
9469,yurinnick,21,0.00039,4743529,89.00125,5329733
9470,zachpuck,21,0.00039,4743550,89.00164,5329733
9471,zendai,21,0.00039,4743571,89.00204,5329733
9472,zhanghuidinah,21,0.00039,4743592,89.00243,5329733
9473,zhaohuabing,21,0.00039,4743613,89.00283,5329733
9474,zicklag,21,0.00039,4743634,89.00322,5329733
9475,99BenGardner,20,0.00038,4743654,89.00360,5329733
9476,aavarghese,20,0.00038,4743674,89.00397,5329733
9477,abernix,20,0.00038,4743694,89.00435,5329733
9478,adam-marek,20,0.00038,4743714,89.00472,5329733
9479,adam-sandor,20,0.00038,4743734,89.00510,5329733
9480,afrittoli,20,0.00038,4743754,89.00547,5329733
9481,ajkerrigan-mdsol,20,0.00038,4743774,89.00585,5329733
9482,alecjacobs5401,20,0.00038,4743794,89.00622,5329733
9483,alexandrebodin,20,0.00038,4743814,89.00660,5329733
9484,AliMirlou,20,0.00038,4743834,89.00697,5329733
9485,allantargino,20,0.00038,4743854,89.00735,5329733
9486,alugowski,20,0.00038,4743874,89.00772,5329733
9487,andersschuller,20,0.00038,4743894,89.00810,5329733
9488,andreyshestakov,20,0.00038,4743914,89.00847,5329733
9489,anitgandhi,20,0.00038,4743934,89.00885,5329733
9490,archSeer,20,0.00038,4743954,89.00922,5329733
9491,arctiqtim,20,0.00038,4743974,89.00960,5329733
9492,aruneli,20,0.00038,4743994,89.00997,5329733
9493,ashishtilara,20,0.00038,4744014,89.01035,5329733
9494,at-ishikawa,20,0.00038,4744034,89.01073,5329733
9495,avinassh,20,0.00038,4744054,89.01110,5329733
9496,B0go,20,0.00038,4744074,89.01148,5329733
9497,b13n1u,20,0.00038,4744094,89.01185,5329733
9498,baelish,20,0.00038,4744114,89.01223,5329733
9499,bagrat,20,0.00038,4744134,89.01260,5329733
9500,bbreslauer,20,0.00038,4744154,89.01298,5329733
9501,BenGalewsky,20,0.00038,4744174,89.01335,5329733
9502,bennettellis,20,0.00038,4744194,89.01373,5329733
9503,bergquist,20,0.00038,4744214,89.01410,5329733
9504,bertocci,20,0.00038,4744234,89.01448,5329733
9505,bharrisau,20,0.00038,4744254,89.01485,5329733
9506,BIAOXYZ,20,0.00038,4744274,89.01523,5329733
9507,biswars,20,0.00038,4744294,89.01560,5329733
9508,bitsal,20,0.00038,4744314,89.01598,5329733
9509,bjk-soundcloud,20,0.00038,4744334,89.01635,5329733
9510,bketelsen,20,0.00038,4744354,89.01673,5329733
9511,blaketastic2,20,0.00038,4744374,89.01710,5329733
9512,bluebenno,20,0.00038,4744394,89.01748,5329733
9513,bskim45,20,0.00038,4744414,89.01786,5329733
9514,bufdev,20,0.00038,4744434,89.01823,5329733
9515,caitlinbestler,20,0.00038,4744454,89.01861,5329733
9516,campoy,20,0.00038,4744474,89.01898,5329733
9517,caseeker,20,0.00038,4744494,89.01936,5329733
9518,chhsia0,20,0.00038,4744514,89.01973,5329733
9519,chrisjholly,20,0.00038,4744534,89.02011,5329733
9520,chriskinsman,20,0.00038,4744554,89.02048,5329733
9521,chrismcv,20,0.00038,4744574,89.02086,5329733
9522,chrisnegus,20,0.00038,4744594,89.02123,5329733
9523,ciwang,20,0.00038,4744614,89.02161,5329733
9524,clickyotomy,20,0.00038,4744634,89.02198,5329733
9525,cmattoon,20,0.00038,4744654,89.02236,5329733
9526,Code0x58,20,0.00038,4744674,89.02273,5329733
9527,ContrarianChris,20,0.00038,4744694,89.02311,5329733
9528,cplee,20,0.00038,4744714,89.02348,5329733
9529,craigbilner,20,0.00038,4744734,89.02386,5329733
9530,craigsmitham,20,0.00038,4744754,89.02423,5329733
9531,crodetsky,20,0.00038,4744774,89.02461,5329733
9532,cvallance,20,0.00038,4744794,89.02498,5329733
9533,cwrau,20,0.00038,4744814,89.02536,5329733
9534,cyberious,20,0.00038,4744834,89.02574,5329733
9535,cybertron,20,0.00038,4744854,89.02611,5329733
9536,dalebrubaker,20,0.00038,4744874,89.02649,5329733
9537,DanCech,20,0.00038,4744894,89.02686,5329733
9538,david92rl,20,0.00038,4744914,89.02724,5329733
9539,davideschiera,20,0.00038,4744934,89.02761,5329733
9540,davidffrench,20,0.00038,4744954,89.02799,5329733
9541,dbainbri-ciena,20,0.00038,4744974,89.02836,5329733
9542,dblandin,20,0.00038,4744994,89.02874,5329733
9543,decause,20,0.00038,4745014,89.02911,5329733
9544,Defilan,20,0.00038,4745034,89.02949,5329733
9545,Demonsthere,20,0.00038,4745054,89.02986,5329733
9546,dennis-benzinger-hybris,20,0.00038,4745074,89.03024,5329733
9547,dim,20,0.00038,4745094,89.03061,5329733
9548,Djelibeybi,20,0.00038,4745114,89.03099,5329733
9549,dkrzyszczyk,20,0.00038,4745134,89.03136,5329733
9550,dlouzan,20,0.00038,4745154,89.03174,5329733
9551,dnaeon,20,0.00038,4745174,89.03211,5329733
9552,dntczdx,20,0.00038,4745194,89.03249,5329733
9553,donhui,20,0.00038,4745214,89.03287,5329733
9554,dpkirchner,20,0.00038,4745234,89.03324,5329733
9555,dreamerHarshit,20,0.00038,4745254,89.03362,5329733
9556,DukeXar,20,0.00038,4745274,89.03399,5329733
9557,edenreich,20,0.00038,4745294,89.03437,5329733
9558,EDGsheryl,20,0.00038,4745314,89.03474,5329733
9559,edtan,20,0.00038,4745334,89.03512,5329733
9560,elboulangero,20,0.00038,4745354,89.03549,5329733
9561,elee,20,0.00038,4745374,89.03587,5329733
9562,elithrar,20,0.00038,4745394,89.03624,5329733
9563,eljefedelrodeodeljefe,20,0.00038,4745414,89.03662,5329733
9564,erbesharat,20,0.00038,4745434,89.03699,5329733
9565,erikgrinaker,20,0.00038,4745454,89.03737,5329733
9566,Eronarn,20,0.00038,4745474,89.03774,5329733
9567,etingof,20,0.00038,4745494,89.03812,5329733
9568,evaldasou,20,0.00038,4745514,89.03849,5329733
9569,factuno-db,20,0.00038,4745534,89.03887,5329733
9570,fcvarela,20,0.00038,4745554,89.03924,5329733
9571,ffilippopoulos,20,0.00038,4745574,89.03962,5329733
9572,francesco-beccaria,20,0.00038,4745594,89.04000,5329733
9573,frosenberg,20,0.00038,4745614,89.04037,5329733
9574,gane5hvarma,20,0.00038,4745634,89.04075,5329733
9575,garethahealy,20,0.00038,4745654,89.04112,5329733
9576,gaurav-dalvi,20,0.00038,4745674,89.04150,5329733
9577,gautamkmr,20,0.00038,4745694,89.04187,5329733
9578,gedimitr,20,0.00038,4745714,89.04225,5329733
9579,georgekuruvillak,20,0.00038,4745734,89.04262,5329733
9580,gkohen,20,0.00038,4745754,89.04300,5329733
9581,glennschmidt,20,0.00038,4745774,89.04337,5329733
9582,gradywang,20,0.00038,4745794,89.04375,5329733
9583,guybrush,20,0.00038,4745814,89.04412,5329733
9584,hagen1778,20,0.00038,4745834,89.04450,5329733
9585,hanneshoettinger,20,0.00038,4745854,89.04487,5329733
9586,HatsuneMiku3939,20,0.00038,4745874,89.04525,5329733
9587,hekaldama,20,0.00038,4745894,89.04562,5329733
9588,holgerkoser,20,0.00038,4745914,89.04600,5329733
9589,huydinhle,20,0.00038,4745934,89.04637,5329733
9590,iainsproat,20,0.00038,4745954,89.04675,5329733
9591,itsmrwave,20,0.00038,4745974,89.04712,5329733
9592,it-svit,20,0.00038,4745994,89.04750,5329733
9593,Jackyjjc,20,0.00038,4746014,89.04788,5329733
9594,jaredledvina,20,0.00038,4746034,89.04825,5329733
9595,Jean-Daniel,20,0.00038,4746054,89.04863,5329733
9596,jefflaplante,20,0.00038,4746074,89.04900,5329733
9597,jeffwidman,20,0.00038,4746094,89.04938,5329733
9598,jfindley,20,0.00038,4746114,89.04975,5329733
9599,jgeraerts,20,0.00038,4746134,89.05013,5329733
9600,jgmize,20,0.00038,4746154,89.05050,5329733
9601,jhoblitt,20,0.00038,4746174,89.05088,5329733
9602,jhou1,20,0.00038,4746194,89.05125,5329733
9603,jlpettersson,20,0.00038,4746214,89.05163,5329733
9604,JMesser81,20,0.00038,4746234,89.05200,5329733
9605,john-delivuk,20,0.00038,4746254,89.05238,5329733
9606,joshphp,20,0.00038,4746274,89.05275,5329733
9607,jparise,20,0.00038,4746294,89.05313,5329733
9608,justnoise,20,0.00038,4746314,89.05350,5329733
9609,jvalencia,20,0.00038,4746334,89.05388,5329733
9610,KealanM,20,0.00038,4746354,89.05425,5329733
9611,kedare,20,0.00038,4746374,89.05463,5329733
9612,kevincantu,20,0.00038,4746394,89.05501,5329733
9613,kevinliuzhong,20,0.00038,4746414,89.05538,5329733
9614,khogeland,20,0.00038,4746434,89.05576,5329733
9615,kkirsche,20,0.00038,4746454,89.05613,5329733
9616,kozejonaz,20,0.00038,4746474,89.05651,5329733
9617,kriskowal,20,0.00038,4746494,89.05688,5329733
9618,ksandrmatveyev,20,0.00038,4746514,89.05726,5329733
9619,kyrogue,20,0.00038,4746534,89.05763,5329733
9620,kzmrv,20,0.00038,4746554,89.05801,5329733
9621,lanchongyizu,20,0.00038,4746574,89.05838,5329733
9622,lluunn,20,0.00038,4746594,89.05876,5329733
9623,lukasz-antoniak,20,0.00038,4746614,89.05913,5329733
9624,lvnilesh,20,0.00038,4746634,89.05951,5329733
9625,manosf,20,0.00038,4746654,89.05988,5329733
9626,marco-styra,20,0.00038,4746674,89.06026,5329733
9627,markus1189,20,0.00038,4746694,89.06063,5329733
9628,mauri870,20,0.00038,4746714,89.06101,5329733
9629,maxhawkins,20,0.00038,4746734,89.06138,5329733
9630,mdgreenfield,20,0.00038,4746754,89.06176,5329733
9631,mhulscher,20,0.00038,4746774,89.06214,5329733
9632,mikesparr,20,0.00038,4746794,89.06251,5329733
9633,mivanovvs,20,0.00038,4746814,89.06289,5329733
9634,mlowery,20,0.00038,4746834,89.06326,5329733
9635,moduspwnens,20,0.00038,4746854,89.06364,5329733
9636,moltar,20,0.00038,4746874,89.06401,5329733
9637,mrsiano,20,0.00038,4746894,89.06439,5329733
9638,nathanbrophy,20,0.00038,4746914,89.06476,5329733
9639,ne0h,20,0.00038,4746934,89.06514,5329733
9640,neemiasjnr,20,0.00038,4746954,89.06551,5329733
9641,negator,20,0.00038,4746974,89.06589,5329733
9642,nehagup,20,0.00038,4746994,89.06626,5329733
9643,nickcarenza,20,0.00038,4747014,89.06664,5329733
9644,NicklasWallgren,20,0.00038,4747034,89.06701,5329733
9645,nilanjan-samajdar,20,0.00038,4747054,89.06739,5329733
9646,njingco,20,0.00038,4747074,89.06776,5329733
9647,nurblieh,20,0.00038,4747094,89.06814,5329733
9648,offlinehacker,20,0.00038,4747114,89.06851,5329733
9649,ogerbron,20,0.00038,4747134,89.06889,5329733
9650,OguzPastirmaci,20,0.00038,4747154,89.06926,5329733
9651,okryvoshapka-connyun,20,0.00038,4747174,89.06964,5329733
9652,olmoser,20,0.00038,4747194,89.07002,5329733
9653,paddynewman,20,0.00038,4747214,89.07039,5329733
9654,pandyamarut,20,0.00038,4747234,89.07077,5329733
9655,paranoidaditya,20,0.00038,4747254,89.07114,5329733
9656,paultyng,20,0.00038,4747274,89.07152,5329733
9657,paveq,20,0.00038,4747294,89.07189,5329733
9658,perrywang,20,0.00038,4747314,89.07227,5329733
9659,petorre,20,0.00038,4747334,89.07264,5329733
9660,petr-balogh,20,0.00038,4747354,89.07302,5329733
9661,pfremm,20,0.00038,4747374,89.07339,5329733
9662,phariyan,20,0.00038,4747394,89.07377,5329733
9663,piotrkowalczuk,20,0.00038,4747414,89.07414,5329733
9664,polganesh,20,0.00038,4747434,89.07452,5329733
9665,prabdeb,20,0.00038,4747454,89.07489,5329733
9666,pradeepmurugesan,20,0.00038,4747474,89.07527,5329733
9667,prashantkalkar,20,0.00038,4747494,89.07564,5329733
9668,prasoontelang,20,0.00038,4747514,89.07602,5329733
9669,PrFalken,20,0.00038,4747534,89.07639,5329733
9670,ProTip,20,0.00038,4747554,89.07677,5329733
9671,ProvoK,20,0.00038,4747574,89.07715,5329733
9672,ptone,20,0.00038,4747594,89.07752,5329733
9673,qckzr,20,0.00038,4747614,89.07790,5329733
9674,raykrueger,20,0.00038,4747634,89.07827,5329733
9675,rbarazzutti,20,0.00038,4747654,89.07865,5329733
9676,rcmorano,20,0.00038,4747674,89.07902,5329733
9677,rhefner1,20,0.00038,4747694,89.07940,5329733
9678,richmondwang,20,0.00038,4747714,89.07977,5329733
9679,rjanovski,20,0.00038,4747734,89.08015,5329733
9680,robinkb,20,0.00038,4747754,89.08052,5329733
9681,robrich,20,0.00038,4747774,89.08090,5329733
9682,ruediger-maass,20,0.00038,4747794,89.08127,5329733
9683,ryanj,20,0.00038,4747814,89.08165,5329733
9684,sabbyanandan,20,0.00038,4747834,89.08202,5329733
9685,sadortun,20,0.00038,4747854,89.08240,5329733
9686,Samze,20,0.00038,4747874,89.08277,5329733
9687,sandromodarelli,20,0.00038,4747894,89.08315,5329733
9688,sarbash,20,0.00038,4747914,89.08352,5329733
9689,sedflix,20,0.00038,4747934,89.08390,5329733
9690,seguidor777,20,0.00038,4747954,89.08427,5329733
9691,sergeyfd,20,0.00038,4747974,89.08465,5329733
9692,serverwentdown,20,0.00038,4747994,89.08503,5329733
9693,sfc-gh-pkrishnamurthy,20,0.00038,4748014,89.08540,5329733
9694,shaynewang,20,0.00038,4748034,89.08578,5329733
9695,shiliangxue,20,0.00038,4748054,89.08615,5329733
9696,shouri007,20,0.00038,4748074,89.08653,5329733
9697,Shreyangi,20,0.00038,4748094,89.08690,5329733
9698,sijie,20,0.00038,4748114,89.08728,5329733
9699,sipsma,20,0.00038,4748134,89.08765,5329733
9700,speedplane,20,0.00038,4748154,89.08803,5329733
9701,sripadaraj,20,0.00038,4748174,89.08840,5329733
9702,staceypotter,20,0.00038,4748194,89.08878,5329733
9703,stanislavb,20,0.00038,4748214,89.08915,5329733
9704,stevenbower,20,0.00038,4748234,89.08953,5329733
9705,strikingraghu,20,0.00038,4748254,89.08990,5329733
9706,Sturgelose,20,0.00038,4748274,89.09028,5329733
9707,svennela,20,0.00038,4748294,89.09065,5329733
9708,SVilgelm,20,0.00038,4748314,89.09103,5329733
9709,tanaypratap,20,0.00038,4748334,89.09140,5329733
9710,tdmackey,20,0.00038,4748354,89.09178,5329733
9711,thanasisk,20,0.00038,4748374,89.09216,5329733
9712,thangbn,20,0.00038,4748394,89.09253,5329733
9713,thaniri,20,0.00038,4748414,89.09291,5329733
9714,thecodeassassin,20,0.00038,4748434,89.09328,5329733
9715,thenayr,20,0.00038,4748454,89.09366,5329733
9716,toaler,20,0.00038,4748474,89.09403,5329733
9717,tomahawk28,20,0.00038,4748494,89.09441,5329733
9718,tomklino,20,0.00038,4748514,89.09478,5329733
9719,tommysitu,20,0.00038,4748534,89.09516,5329733
9720,twiechert,20,0.00038,4748554,89.09553,5329733
9721,twpayne,20,0.00038,4748574,89.09591,5329733
9722,ulyssessouza,20,0.00038,4748594,89.09628,5329733
9723,vagharsh,20,0.00038,4748614,89.09666,5329733
9724,vaibhavkhurana2018,20,0.00038,4748634,89.09703,5329733
9725,valdar,20,0.00038,4748654,89.09741,5329733
9726,ValFadeev,20,0.00038,4748674,89.09778,5329733
9727,Vanuan,20,0.00038,4748694,89.09816,5329733
9728,VincentFF,20,0.00038,4748714,89.09853,5329733
9729,visheyra,20,0.00038,4748734,89.09891,5329733
9730,vitkovskii,20,0.00038,4748754,89.09929,5329733
9731,vkuznet,20,0.00038,4748774,89.09966,5329733
9732,vromero,20,0.00038,4748794,89.10004,5329733
9733,vthapar,20,0.00038,4748814,89.10041,5329733
9734,wanghanlin,20,0.00038,4748834,89.10079,5329733
9735,waseem18,20,0.00038,4748854,89.10116,5329733
9736,willfleury,20,0.00038,4748874,89.10154,5329733
9737,wolmi,20,0.00038,4748894,89.10191,5329733
9738,woosley,20,0.00038,4748914,89.10229,5329733
9739,xbglowx,20,0.00038,4748934,89.10266,5329733
9740,xinzhangcmu,20,0.00038,4748954,89.10304,5329733
9741,xtreme-stevehiehn,20,0.00038,4748974,89.10341,5329733
9742,xuchenhao001,20,0.00038,4748994,89.10379,5329733
9743,xueshanf,20,0.00038,4749014,89.10416,5329733
9744,xulike666,20,0.00038,4749034,89.10454,5329733
9745,yeelinglam,20,0.00038,4749054,89.10491,5329733
9746,yfinkelstein,20,0.00038,4749074,89.10529,5329733
9747,yogi-sagar,20,0.00038,4749094,89.10566,5329733
9748,yoheimuta,20,0.00038,4749114,89.10604,5329733
9749,zhang8473,20,0.00038,4749134,89.10641,5329733
9750,zzhu2,20,0.00038,4749154,89.10679,5329733
9751,3h4x,19,0.00036,4749173,89.10715,5329733
9752,8398a7,19,0.00036,4749192,89.10750,5329733
9753,abejide001,19,0.00036,4749211,89.10786,5329733
9754,abushoeb,19,0.00036,4749230,89.10822,5329733
9755,Addono,19,0.00036,4749249,89.10857,5329733
9756,adoy,19,0.00036,4749268,89.10893,5329733
9757,AevaOnline,19,0.00036,4749287,89.10929,5329733
9758,ahma,19,0.00036,4749306,89.10964,5329733
9759,ahume,19,0.00036,4749325,89.11000,5329733
9760,akshaychitneni,19,0.00036,4749344,89.11036,5329733
9761,alcortesm,19,0.00036,4749363,89.11071,5329733
9762,alekssaul,19,0.00036,4749382,89.11107,5329733
9763,alexanderkjeldaas,19,0.00036,4749401,89.11142,5329733
9764,amalucelli,19,0.00036,4749420,89.11178,5329733
9765,amerry,19,0.00036,4749439,89.11214,5329733
9766,andraxylia,19,0.00036,4749458,89.11249,5329733
9767,ankitsinhaiiitg,19,0.00036,4749477,89.11285,5329733
9768,antonmarin,19,0.00036,4749496,89.11321,5329733
9769,aodj,19,0.00036,4749515,89.11356,5329733
9770,ardnaxelarak,19,0.00036,4749534,89.11392,5329733
9771,arka-g,19,0.00036,4749553,89.11428,5329733
9772,arruzk,19,0.00036,4749572,89.11463,5329733
9773,at1984z,19,0.00036,4749591,89.11499,5329733
9774,athornton,19,0.00036,4749610,89.11535,5329733
9775,avthart,19,0.00036,4749629,89.11570,5329733
9776,awpr,19,0.00036,4749648,89.11606,5329733
9777,azell,19,0.00036,4749667,89.11642,5329733
9778,baijum,19,0.00036,4749686,89.11677,5329733
9779,basvanbeek,19,0.00036,4749705,89.11713,5329733
9780,bcoe,19,0.00036,4749724,89.11748,5329733
9781,benbalter,19,0.00036,4749743,89.11784,5329733
9782,BenPope,19,0.00036,4749762,89.11820,5329733
9783,benpriestman,19,0.00036,4749781,89.11855,5329733
9784,bitbucket90,19,0.00036,4749800,89.11891,5329733
9785,BlackTurtle123,19,0.00036,4749819,89.11927,5329733
9786,BlueMonday,19,0.00036,4749838,89.11962,5329733
9787,borod108,19,0.00036,4749857,89.11998,5329733
9788,boylee1111,19,0.00036,4749876,89.12034,5329733
9789,BrunoScheufler,19,0.00036,4749895,89.12069,5329733
9790,bsyk,19,0.00036,4749914,89.12105,5329733
9791,burnettk,19,0.00036,4749933,89.12141,5329733
9792,byazrail,19,0.00036,4749952,89.12176,5329733
9793,caraboides,19,0.00036,4749971,89.12212,5329733
9794,carestad,19,0.00036,4749990,89.12248,5329733
9795,ceason,19,0.00036,4750009,89.12283,5329733
9796,chipironcin,19,0.00036,4750028,89.12319,5329733
9797,chosenken,19,0.00036,4750047,89.12355,5329733
9798,ChrisCooney,19,0.00036,4750066,89.12390,5329733
9799,ChrisScottThomas,19,0.00036,4750085,89.12426,5329733
9800,cjbradfield,19,0.00036,4750104,89.12461,5329733
9801,claudiajh,19,0.00036,4750123,89.12497,5329733
9802,clebertsuconic,19,0.00036,4750142,89.12533,5329733
9803,clement-buchart,19,0.00036,4750161,89.12568,5329733
9804,clguimanMSFT,19,0.00036,4750180,89.12604,5329733
9805,cmiller-sq,19,0.00036,4750199,89.12640,5329733
9806,cmingxu,19,0.00036,4750218,89.12675,5329733
9807,connorjacobsen,19,0.00036,4750237,89.12711,5329733
9808,CyrusNajmabadi,19,0.00036,4750256,89.12747,5329733
9809,dachshund,19,0.00036,4750275,89.12782,5329733
9810,danielfrg,19,0.00036,4750294,89.12818,5329733
9811,danielloczi,19,0.00036,4750313,89.12854,5329733
9812,datawolf,19,0.00036,4750332,89.12889,5329733
9813,dbenque,19,0.00036,4750351,89.12925,5329733
9814,Dec-,19,0.00036,4750370,89.12961,5329733
9815,deniszh,19,0.00036,4750389,89.12996,5329733
9816,DennisDenuto,19,0.00036,4750408,89.13032,5329733
9817,devnulled,19,0.00036,4750427,89.13068,5329733
9818,difro,19,0.00036,4750446,89.13103,5329733
9819,dijitali,19,0.00036,4750465,89.13139,5329733
9820,DinoStray,19,0.00036,4750484,89.13174,5329733
9821,djschny,19,0.00036,4750503,89.13210,5329733
9822,dragon3,19,0.00036,4750522,89.13246,5329733
9823,echarles,19,0.00036,4750541,89.13281,5329733
9824,edsko,19,0.00036,4750560,89.13317,5329733
9825,eduherminio,19,0.00036,4750579,89.13353,5329733
9826,edwardpku,19,0.00036,4750598,89.13388,5329733
9827,electrofelix,19,0.00036,4750617,89.13424,5329733
9828,emanic,19,0.00036,4750636,89.13460,5329733
9829,erkanerol,19,0.00036,4750655,89.13495,5329733
9830,eytan-avisror,19,0.00036,4750674,89.13531,5329733
9831,fabiormoura,19,0.00036,4750693,89.13567,5329733
9832,FaridHub,19,0.00036,4750712,89.13602,5329733
9833,fasthall,19,0.00036,4750731,89.13638,5329733
9834,fduthilleul,19,0.00036,4750750,89.13674,5329733
9835,fediazgon,19,0.00036,4750769,89.13709,5329733
9836,fkorotkov,19,0.00036,4750788,89.13745,5329733
9837,flojon,19,0.00036,4750807,89.13780,5329733
9838,flylo,19,0.00036,4750826,89.13816,5329733
9839,fmotrifork,19,0.00036,4750845,89.13852,5329733
9840,FranklinYu,19,0.00036,4750864,89.13887,5329733
9841,from-nibly,19,0.00036,4750883,89.13923,5329733
9842,fujin,19,0.00036,4750902,89.13959,5329733
9843,fvasco,19,0.00036,4750921,89.13994,5329733
9844,g0blin79,19,0.00036,4750940,89.14030,5329733
9845,gaozhenhai,19,0.00036,4750959,89.14066,5329733
9846,gdetal,19,0.00036,4750978,89.14101,5329733
9847,giggio,19,0.00036,4750997,89.14137,5329733
9848,GitBytes,19,0.00036,4751016,89.14173,5329733
9849,gites,19,0.00036,4751035,89.14208,5329733
9850,glennslaven,19,0.00036,4751054,89.14244,5329733
9851,gnawux,19,0.00036,4751073,89.14280,5329733
9852,goller,19,0.00036,4751092,89.14315,5329733
9853,gouravbansal11,19,0.00036,4751111,89.14351,5329733
9854,Gr1N,19,0.00036,4751130,89.14387,5329733
9855,gregbkr,19,0.00036,4751149,89.14422,5329733
9856,grimmy,19,0.00036,4751168,89.14458,5329733
9857,harshapic,19,0.00036,4751187,89.14493,5329733
9858,harshilparmar,19,0.00036,4751206,89.14529,5329733
9859,hbobenicio,19,0.00036,4751225,89.14565,5329733
9860,helinbo2015,19,0.00036,4751244,89.14600,5329733
9861,hiroshi,19,0.00036,4751263,89.14636,5329733
9862,hsqlu,19,0.00036,4751282,89.14672,5329733
9863,huazhihao,19,0.00036,4751301,89.14707,5329733
9864,iamchuckss,19,0.00036,4751320,89.14743,5329733
9865,iantw89,19,0.00036,4751339,89.14779,5329733
9866,iheanyi1,19,0.00036,4751358,89.14814,5329733
9867,Im5tu,19,0.00036,4751377,89.14850,5329733
9868,indigoid,19,0.00036,4751396,89.14886,5329733
9869,indradhanush,19,0.00036,4751415,89.14921,5329733
9870,irfn,19,0.00036,4751434,89.14957,5329733
9871,ivantopo,19,0.00036,4751453,89.14993,5329733
9872,jameskyle,19,0.00036,4751472,89.15028,5329733
9873,Jason-ZW,19,0.00036,4751491,89.15064,5329733
9874,jbayer,19,0.00036,4751510,89.15099,5329733
9875,jbhilton11,19,0.00036,4751529,89.15135,5329733
9876,jcpowermac,19,0.00036,4751548,89.15171,5329733
9877,jduhamel,19,0.00036,4751567,89.15206,5329733
9878,jethr0null,19,0.00036,4751586,89.15242,5329733
9879,jhorowitz,19,0.00036,4751605,89.15278,5329733
9880,jkolhe,19,0.00036,4751624,89.15313,5329733
9881,jkotalik,19,0.00036,4751643,89.15349,5329733
9882,jlhawn,19,0.00036,4751662,89.15385,5329733
9883,jlz27,19,0.00036,4751681,89.15420,5329733
9884,joemiller,19,0.00036,4751700,89.15456,5329733
9885,Joibel,19,0.00036,4751719,89.15492,5329733
9886,jonatasfreitasv,19,0.00036,4751738,89.15527,5329733
9887,josepalafox,19,0.00036,4751757,89.15563,5329733
9888,jpalomaki,19,0.00036,4751776,89.15599,5329733
9889,jponge,19,0.00036,4751795,89.15634,5329733
9890,jqlu,19,0.00036,4751814,89.15670,5329733
9891,juv,19,0.00036,4751833,89.15706,5329733
9892,jzwlqx,19,0.00036,4751852,89.15741,5329733
9893,Kaijun,19,0.00036,4751871,89.15777,5329733
9894,Kami-no,19,0.00036,4751890,89.15812,5329733
9895,kellegous,19,0.00036,4751909,89.15848,5329733
9896,Kerollmops,19,0.00036,4751928,89.15884,5329733
9897,kgamanji,19,0.00036,4751947,89.15919,5329733
9898,king6cong,19,0.00036,4751966,89.15955,5329733
9899,knqyf263,19,0.00036,4751985,89.15991,5329733
9900,kolanos,19,0.00036,4752004,89.16026,5329733
9901,korovkin,19,0.00036,4752023,89.16062,5329733
9902,kpgriffith,19,0.00036,4752042,89.16098,5329733
9903,kremers,19,0.00036,4752061,89.16133,5329733
9904,ksameersrk,19,0.00036,4752080,89.16169,5329733
9905,ktpv,19,0.00036,4752099,89.16205,5329733
9906,KurtStam,19,0.00036,4752118,89.16240,5329733
9907,kweisamx,19,0.00036,4752137,89.16276,5329733
9908,leo-baltus,19,0.00036,4752156,89.16312,5329733
9909,leonerd,19,0.00036,4752175,89.16347,5329733
9910,lionelnicolas,19,0.00036,4752194,89.16383,5329733
9911,livelace,19,0.00036,4752213,89.16419,5329733
9912,lloeki,19,0.00036,4752232,89.16454,5329733
9913,lloydde,19,0.00036,4752251,89.16490,5329733
9914,lnikell,19,0.00036,4752270,89.16525,5329733
9915,lodotek,19,0.00036,4752289,89.16561,5329733
9916,loganhz,19,0.00036,4752308,89.16597,5329733
9917,lrx0014,19,0.00036,4752327,89.16632,5329733
9918,lstoll,19,0.00036,4752346,89.16668,5329733
9919,m4ce,19,0.00036,4752365,89.16704,5329733
9920,macrozone,19,0.00036,4752384,89.16739,5329733
9921,mar1n3r0,19,0.00036,4752403,89.16775,5329733
9922,marcelcorso,19,0.00036,4752422,89.16811,5329733
9923,marcelmay,19,0.00036,4752441,89.16846,5329733
9924,marcust,19,0.00036,4752460,89.16882,5329733
9925,marek-obuchowicz,19,0.00036,4752479,89.16918,5329733
9926,mariusstaicu,19,0.00036,4752498,89.16953,5329733
9927,masaeedu,19,0.00036,4752517,89.16989,5329733
9928,matthewg,19,0.00036,4752536,89.17025,5329733
9929,mattrussi,19,0.00036,4752555,89.17060,5329733
9930,mazengxie,19,0.00036,4752574,89.17096,5329733
9931,mccv,19,0.00036,4752593,89.17131,5329733
9932,mccxj,19,0.00036,4752612,89.17167,5329733
9933,mchmarny,19,0.00036,4752631,89.17203,5329733
9934,mcuadros,19,0.00036,4752650,89.17238,5329733
9935,mfvitale,19,0.00036,4752669,89.17274,5329733
9936,mhuxtable,19,0.00036,4752688,89.17310,5329733
9937,mhyllander,19,0.00036,4752707,89.17345,5329733
9938,michaelbannister,19,0.00036,4752726,89.17381,5329733
9939,microadam,19,0.00036,4752745,89.17417,5329733
9940,moander,19,0.00036,4752764,89.17452,5329733
9941,moeryomenko,19,0.00036,4752783,89.17488,5329733
9942,mohanprasaths,19,0.00036,4752802,89.17524,5329733
9943,monder,19,0.00036,4752821,89.17559,5329733
9944,mtsr,19,0.00036,4752840,89.17595,5329733
9945,nathanpeck,19,0.00036,4752859,89.17631,5329733
9946,nathforge,19,0.00036,4752878,89.17666,5329733
9947,nicklasfrahm,19,0.00036,4752897,89.17702,5329733
9948,ntcong,19,0.00036,4752916,89.17738,5329733
9949,ntk148v,19,0.00036,4752935,89.17773,5329733
9950,omerh,19,0.00036,4752954,89.17809,5329733
9951,onatm,19,0.00036,4752973,89.17844,5329733
9952,onsi,19,0.00036,4752992,89.17880,5329733
9953,opowbow,19,0.00036,4753011,89.17916,5329733
9954,palonsoro,19,0.00036,4753030,89.17951,5329733
9955,pastjean,19,0.00036,4753049,89.17987,5329733
9956,Patil2099,19,0.00036,4753068,89.18023,5329733
9957,PaulMiami,19,0.00036,4753087,89.18058,5329733
9958,pbrit,19,0.00036,4753106,89.18094,5329733
9959,pdhamdhere,19,0.00036,4753125,89.18130,5329733
9960,pdoreau,19,0.00036,4753144,89.18165,5329733
9961,pengsrc,19,0.00036,4753163,89.18201,5329733
9962,perljedi,19,0.00036,4753182,89.18237,5329733
9963,PhilippeDupont,19,0.00036,4753201,89.18272,5329733
9964,philwhln,19,0.00036,4753220,89.18308,5329733
9965,pietervogelaar,19,0.00036,4753239,89.18344,5329733
9966,Pigmalion,19,0.00036,4753258,89.18379,5329733
9967,pilhuhn,19,0.00036,4753277,89.18415,5329733
9968,pivotal-jwinters,19,0.00036,4753296,89.18451,5329733
9969,piwi91,19,0.00036,4753315,89.18486,5329733
9970,pnegahdar,19,0.00036,4753334,89.18522,5329733
9971,poopoothegorilla,19,0.00036,4753353,89.18557,5329733
9972,pranaypratyush,19,0.00036,4753372,89.18593,5329733
9973,prashanthpai,19,0.00036,4753391,89.18629,5329733
9974,pushpithaDilhan,19,0.00036,4753410,89.18664,5329733
9975,pwmorreale,19,0.00036,4753429,89.18700,5329733
9976,qedrakmar,19,0.00036,4753448,89.18736,5329733
9977,qfel,19,0.00036,4753467,89.18771,5329733
9978,quentinmit,19,0.00036,4753486,89.18807,5329733
9979,radhus,19,0.00036,4753505,89.18843,5329733
9980,rafaelsales,19,0.00036,4753524,89.18878,5329733
9981,Rahul-github,19,0.00036,4753543,89.18914,5329733
9982,rajdeepd,19,0.00036,4753562,89.18950,5329733
9983,Rcluoyi,19,0.00036,4753581,89.18985,5329733
9984,rdigiorgio,19,0.00036,4753600,89.19021,5329733
9985,Richard-zhang,19,0.00036,4753619,89.19057,5329733
9986,rikribbers,19,0.00036,4753638,89.19092,5329733
9987,rmgpinto,19,0.00036,4753657,89.19128,5329733
9988,rmoriz,19,0.00036,4753676,89.19163,5329733
9989,RohanNagar,19,0.00036,4753695,89.19199,5329733
9990,rohitsardesai50,19,0.00036,4753714,89.19235,5329733
9991,rombie,19,0.00036,4753733,89.19270,5329733
9992,rthbound,19,0.00036,4753752,89.19306,5329733
9993,RushinthJohn,19,0.00036,4753771,89.19342,5329733
9994,ryanchapman,19,0.00036,4753790,89.19377,5329733
9995,sachincab,19,0.00036,4753809,89.19413,5329733
9996,sakaia,19,0.00036,4753828,89.19449,5329733
9997,sancyx,19,0.00036,4753847,89.19484,5329733
9998,sanketjpatel,19,0.00036,4753866,89.19520,5329733
9999,sbadia,19,0.00036,4753885,89.19556,5329733
10000,scher200,19,0.00036,4753904,89.19591,5329733
10001,sebglon,19,0.00036,4753923,89.19627,5329733
10002,seunghunee,19,0.00036,4753942,89.19663,5329733
10003,shivamerla,19,0.00036,4753961,89.19698,5329733
10004,simnalamburt,19,0.00036,4753980,89.19734,5329733
10005,singhkays,19,0.00036,4753999,89.19770,5329733
10006,smurfralf,19,0.00036,4754018,89.19805,5329733
10007,srakesh28,19,0.00036,4754037,89.19841,5329733
10008,stephen-dahl,19,0.00036,4754056,89.19876,5329733
10009,stephenwithav,19,0.00036,4754075,89.19912,5329733
10010,stresler,19,0.00036,4754094,89.19948,5329733
10011,StuartHarris,19,0.00036,4754113,89.19983,5329733
10012,sweetIan,19,0.00036,4754132,89.20019,5329733
10013,TanguyCme,19,0.00036,4754151,89.20055,5329733
10014,tanordheim,19,0.00036,4754170,89.20090,5329733
10015,tcr,19,0.00036,4754189,89.20126,5329733
10016,telendt,19,0.00036,4754208,89.20162,5329733
10017,tiewei,19,0.00036,4754227,89.20197,5329733
10018,timotheecour,19,0.00036,4754246,89.20233,5329733
10019,timthelion,19,0.00036,4754265,89.20269,5329733
10020,tirumaraiselvan,19,0.00036,4754284,89.20304,5329733
10021,tk3fftk,19,0.00036,4754303,89.20340,5329733
10022,tkrop,19,0.00036,4754322,89.20376,5329733
10023,tmestdagh,19,0.00036,4754341,89.20411,5329733
10024,tovin07,19,0.00036,4754360,89.20447,5329733
10025,tylertreat-wf,19,0.00036,4754379,89.20483,5329733
10026,valdisrigdon,19,0.00036,4754398,89.20518,5329733
10027,victoryang,19,0.00036,4754417,89.20554,5329733
10028,viggys,19,0.00036,4754436,89.20589,5329733
10029,vikram-yerneni,19,0.00036,4754455,89.20625,5329733
10030,vincenthcui,19,0.00036,4754474,89.20661,5329733
10031,vincentheet,19,0.00036,4754493,89.20696,5329733
10032,violet2016,19,0.00036,4754512,89.20732,5329733
10033,vipulsabhaya,19,0.00036,4754531,89.20768,5329733
10034,vishleshpatel,19,0.00036,4754550,89.20803,5329733
10035,waldauf,19,0.00036,4754569,89.20839,5329733
10036,WebSpider,19,0.00036,4754588,89.20875,5329733
10037,wyukawa,19,0.00036,4754607,89.20910,5329733
10038,wzhanw,19,0.00036,4754626,89.20946,5329733
10039,xeonx,19,0.00036,4754645,89.20982,5329733
10040,xinyanmsft,19,0.00036,4754664,89.21017,5329733
10041,XsWack,19,0.00036,4754683,89.21053,5329733
10042,yangy2000,19,0.00036,4754702,89.21089,5329733
10043,yaojingguo,19,0.00036,4754721,89.21124,5329733
10044,yashdesai93,19,0.00036,4754740,89.21160,5329733
10045,yowakita,19,0.00036,4754759,89.21195,5329733
10046,yuzp1996,19,0.00036,4754778,89.21231,5329733
10047,ywskycn,19,0.00036,4754797,89.21267,5329733
10048,Zapadlo,19,0.00036,4754816,89.21302,5329733
10049,zeronone,19,0.00036,4754835,89.21338,5329733
10050,zhangtbj,19,0.00036,4754854,89.21374,5329733
10051,zhaochaobo,19,0.00036,4754873,89.21409,5329733
10052,zknill,19,0.00036,4754892,89.21445,5329733
10053,zlangbert,19,0.00036,4754911,89.21481,5329733
10054,zqm19941101,19,0.00036,4754930,89.21516,5329733
10055,11Takanori,18,0.00034,4754948,89.21550,5329733
10056,aackerman,18,0.00034,4754966,89.21584,5329733
10057,abdoo,18,0.00034,4754984,89.21618,5329733
10058,abhyuditjain,18,0.00034,4755002,89.21651,5329733
10059,abuisine,18,0.00034,4755020,89.21685,5329733
10060,achew22,18,0.00034,4755038,89.21719,5329733
10061,acoshift,18,0.00034,4755056,89.21753,5329733
10062,adevjoe,18,0.00034,4755074,89.21787,5329733
10063,adurai81,18,0.00034,4755092,89.21820,5329733
10064,ahmadnurus,18,0.00034,4755110,89.21854,5329733
10065,ajmsra,18,0.00034,4755128,89.21888,5329733
10066,alanhartless,18,0.00034,4755146,89.21922,5329733
10067,alexgeek,18,0.00034,4755164,89.21955,5329733
10068,amlinux,18,0.00034,4755182,89.21989,5329733
10069,AnatolyRugalev,18,0.00034,4755200,89.22023,5329733
10070,arthurdm,18,0.00034,4755218,89.22057,5329733
10071,aserdean,18,0.00034,4755236,89.22090,5329733
10072,ashishxooa,18,0.00034,4755254,89.22124,5329733
10073,awaddiz,18,0.00034,4755272,89.22158,5329733
10074,ayaz,18,0.00034,4755290,89.22192,5329733
10075,barryoneill,18,0.00034,4755308,89.22226,5329733
10076,benjaminws,18,0.00034,4755326,89.22259,5329733
10077,bilby91,18,0.00034,4755344,89.22293,5329733
10078,billyy,18,0.00034,4755362,89.22327,5329733
10079,blacksails,18,0.00034,4755380,89.22361,5329733
10080,BlueShells,18,0.00034,4755398,89.22394,5329733
10081,bobintornado,18,0.00034,4755416,89.22428,5329733
10082,borismattijssen,18,0.00034,4755434,89.22462,5329733
10083,brenix,18,0.00034,4755452,89.22496,5329733
10084,bretep,18,0.00034,4755470,89.22530,5329733
10085,brettjacobson,18,0.00034,4755488,89.22563,5329733
10086,bronhaim,18,0.00034,4755506,89.22597,5329733
10087,brosner,18,0.00034,4755524,89.22631,5329733
10088,bseenu,18,0.00034,4755542,89.22665,5329733
10089,btashton,18,0.00034,4755560,89.22698,5329733
10090,caio1982,18,0.00034,4755578,89.22732,5329733
10091,carllhw,18,0.00034,4755596,89.22766,5329733
10092,carlosonunez,18,0.00034,4755614,89.22800,5329733
10093,cemremengu,18,0.00034,4755632,89.22833,5329733
10094,ChienHuey,18,0.00034,4755650,89.22867,5329733
10095,chrkaatz,18,0.00034,4755668,89.22901,5329733
10096,cjlarose,18,0.00034,4755686,89.22935,5329733
10097,CohenAviad,18,0.00034,4755704,89.22969,5329733
10098,cory-klein,18,0.00034,4755722,89.23002,5329733
10099,CristianPop,18,0.00034,4755740,89.23036,5329733
10100,cristim,18,0.00034,4755758,89.23070,5329733
10101,ctrlaltdel,18,0.00034,4755776,89.23104,5329733
10102,cTxplorer,18,0.00034,4755794,89.23137,5329733
10103,cu12,18,0.00034,4755812,89.23171,5329733
10104,cvp-ops,18,0.00034,4755830,89.23205,5329733
10105,cwocwo,18,0.00034,4755848,89.23239,5329733
10106,d-baranowski,18,0.00034,4755866,89.23273,5329733
10107,delgod,18,0.00034,4755884,89.23306,5329733
10108,DesmondHoLLM,18,0.00034,4755902,89.23340,5329733
10109,dfjones,18,0.00034,4755920,89.23374,5329733
10110,dhensen,18,0.00034,4755938,89.23408,5329733
10111,dimpavloff,18,0.00034,4755956,89.23441,5329733
10112,dirgim,18,0.00034,4755974,89.23475,5329733
10113,diurnalist,18,0.00034,4755992,89.23509,5329733
10114,dongjoon-hyun,18,0.00034,4756010,89.23543,5329733
10115,dottodot,18,0.00034,4756028,89.23576,5329733
10116,drasko,18,0.00034,4756046,89.23610,5329733
10117,dserodio,18,0.00034,4756064,89.23644,5329733
10118,dshylov,18,0.00034,4756082,89.23678,5329733
10119,dtshepherd,18,0.00034,4756100,89.23712,5329733
10120,edrandall,18,0.00034,4756118,89.23745,5329733
10121,egor-miasnikov,18,0.00034,4756136,89.23779,5329733
10122,eikaas,18,0.00034,4756154,89.23813,5329733
10123,elemental-lf,18,0.00034,4756172,89.23847,5329733
10124,emsearcy,18,0.00034,4756190,89.23880,5329733
10125,evandbrown,18,0.00034,4756208,89.23914,5329733
10126,ewang,18,0.00034,4756226,89.23948,5329733
10127,Fabian-K,18,0.00034,4756244,89.23982,5329733
10128,fangel,18,0.00034,4756262,89.24016,5329733
10129,fcrisciani,18,0.00034,4756280,89.24049,5329733
10130,fgbreel,18,0.00034,4756298,89.24083,5329733
10131,fgiloux,18,0.00034,4756316,89.24117,5329733
10132,gargarchit,18,0.00034,4756334,89.24151,5329733
10133,Garu94,18,0.00034,4756352,89.24184,5329733
10134,garyniemen,18,0.00034,4756370,89.24218,5329733
10135,georgegoh,18,0.00034,4756388,89.24252,5329733
10136,gin419,18,0.00034,4756406,89.24286,5329733
10137,gluke77,18,0.00034,4756424,89.24319,5329733
10138,grypyrg,18,0.00034,4756442,89.24353,5329733
10139,gsacavdm,18,0.00034,4756460,89.24387,5329733
10140,guice,18,0.00034,4756478,89.24421,5329733
10141,GuillaumeGomez,18,0.00034,4756496,89.24455,5329733
10142,guillomep,18,0.00034,4756514,89.24488,5329733
10143,gytisgreitai,18,0.00034,4756532,89.24522,5329733
10144,h00130372,18,0.00034,4756550,89.24556,5329733
10145,halmai,18,0.00034,4756568,89.24590,5329733
10146,harlowja,18,0.00034,4756586,89.24623,5329733
10147,harsha544,18,0.00034,4756604,89.24657,5329733
10148,hayorov,18,0.00034,4756622,89.24691,5329733
10149,heliping,18,0.00034,4756640,89.24725,5329733
10150,henders,18,0.00034,4756658,89.24759,5329733
10151,himmatb,18,0.00034,4756676,89.24792,5329733
10152,hnlq715,18,0.00034,4756694,89.24826,5329733
10153,hossainemruz,18,0.00034,4756712,89.24860,5329733
10154,hougangliu,18,0.00034,4756730,89.24894,5329733
10155,hutchic,18,0.00034,4756748,89.24927,5329733
10156,i02sopop,18,0.00034,4756766,89.24961,5329733
10157,iam-merlin,18,0.00034,4756784,89.24995,5329733
10158,idevz,18,0.00034,4756802,89.25029,5329733
10159,idohalevi,18,0.00034,4756820,89.25062,5329733
10160,ivangfr,18,0.00034,4756838,89.25096,5329733
10161,jack0,18,0.00034,4756856,89.25130,5329733
10162,jackycchen,18,0.00034,4756874,89.25164,5329733
10163,JaySon-Huang,18,0.00034,4756892,89.25198,5329733
10164,jbleduigou,18,0.00034,4756910,89.25231,5329733
10165,jedsmith,18,0.00034,4756928,89.25265,5329733
10166,jerjou,18,0.00034,4756946,89.25299,5329733
10167,jessesanford,18,0.00034,4756964,89.25333,5329733
10168,jhgg,18,0.00034,4756982,89.25366,5329733
10169,jhseu,18,0.00034,4757000,89.25400,5329733
10170,jldeen,18,0.00034,4757018,89.25434,5329733
10171,jmptrader,18,0.00034,4757036,89.25468,5329733
10172,joker234,18,0.00034,4757054,89.25502,5329733
10173,JonasVerhofste,18,0.00034,4757072,89.25535,5329733
10174,jongwu,18,0.00034,4757090,89.25569,5329733
10175,joshsouza,18,0.00034,4757108,89.25603,5329733
10176,jryberg,18,0.00034,4757126,89.25637,5329733
10177,jsandler18,18,0.00034,4757144,89.25670,5329733
10178,judwhite,18,0.00034,4757162,89.25704,5329733
10179,JuliusSweetland,18,0.00034,4757180,89.25738,5329733
10180,kateetak,18,0.00034,4757198,89.25772,5329733
10181,kedzie,18,0.00034,4757216,89.25805,5329733
10182,keslerm,18,0.00034,4757234,89.25839,5329733
10183,kirrmann,18,0.00034,4757252,89.25873,5329733
10184,kri5,18,0.00034,4757270,89.25907,5329733
10185,KSanthanam,18,0.00034,4757288,89.25941,5329733
10186,kwent,18,0.00034,4757306,89.25974,5329733
10187,kwodzynski,18,0.00034,4757324,89.26008,5329733
10188,kychool,18,0.00034,4757342,89.26042,5329733
10189,laushinka,18,0.00034,4757360,89.26076,5329733
10190,laz2,18,0.00034,4757378,89.26109,5329733
10191,leitzler,18,0.00034,4757396,89.26143,5329733
10192,liggetm,18,0.00034,4757414,89.26177,5329733
10193,lizebang,18,0.00034,4757432,89.26211,5329733
10194,localheinz,18,0.00034,4757450,89.26245,5329733
10195,loe,18,0.00034,4757468,89.26278,5329733
10196,looztra,18,0.00034,4757486,89.26312,5329733
10197,loverend,18,0.00034,4757504,89.26346,5329733
10198,luchunminglu,18,0.00034,4757522,89.26380,5329733
10199,lukesneeringer,18,0.00034,4757540,89.26413,5329733
10200,lwr20,18,0.00034,4757558,89.26447,5329733
10201,Malet,18,0.00034,4757576,89.26481,5329733
10202,MarkSpencerTan,18,0.00034,4757594,89.26515,5329733
10203,maxbischoff,18,0.00034,4757612,89.26548,5329733
10204,mback2k,18,0.00034,4757630,89.26582,5329733
10205,mellowplace,18,0.00034,4757648,89.26616,5329733
10206,mhindery,18,0.00034,4757666,89.26650,5329733
10207,mhoran,18,0.00034,4757684,89.26684,5329733
10208,mihnjong,18,0.00034,4757702,89.26717,5329733
10209,mikesimos,18,0.00034,4757720,89.26751,5329733
10210,minrk,18,0.00034,4757738,89.26785,5329733
10211,MissEnXi,18,0.00034,4757756,89.26819,5329733
10212,Misterhex,18,0.00034,4757774,89.26852,5329733
10213,msvticket,18,0.00034,4757792,89.26886,5329733
10214,multilinear,18,0.00034,4757810,89.26920,5329733
10215,mzhaom,18,0.00034,4757828,89.26954,5329733
10216,mz-pdm,18,0.00034,4757846,89.26988,5329733
10217,nallohki,18,0.00034,4757864,89.27021,5329733
10218,naphthalene,18,0.00034,4757882,89.27055,5329733
10219,nathanleclaire,18,0.00034,4757900,89.27089,5329733
10220,ndegory,18,0.00034,4757918,89.27123,5329733
10221,ndeloof,18,0.00034,4757936,89.27156,5329733
10222,nehaljwani,18,0.00034,4757954,89.27190,5329733
10223,neumayer,18,0.00034,4757972,89.27224,5329733
10224,ngbinh,18,0.00034,4757990,89.27258,5329733
10225,NickyMateev,18,0.00034,4758008,89.27291,5329733
10226,nikolayb,18,0.00034,4758026,89.27325,5329733
10227,ning2008wisc,18,0.00034,4758044,89.27359,5329733
10228,nkibler,18,0.00034,4758062,89.27393,5329733
10229,nlamot,18,0.00034,4758080,89.27427,5329733
10230,npentrel,18,0.00034,4758098,89.27460,5329733
10231,nustiueudinastea,18,0.00034,4758116,89.27494,5329733
10232,obowersa,18,0.00034,4758134,89.27528,5329733
10233,onyxet,18,0.00034,4758152,89.27562,5329733
10234,oshothebig,18,0.00034,4758170,89.27595,5329733
10235,ovidiucp,18,0.00034,4758188,89.27629,5329733
10236,pabloguerrero,18,0.00034,4758206,89.27663,5329733
10237,patrickmslatteryvt,18,0.00034,4758224,89.27697,5329733
10238,paulb777,18,0.00034,4758242,89.27731,5329733
10239,pblaas,18,0.00034,4758260,89.27764,5329733
10240,pclalv,18,0.00034,4758278,89.27798,5329733
10241,pedrobizzotto,18,0.00034,4758296,89.27832,5329733
10242,peterfroehlich,18,0.00034,4758314,89.27866,5329733
10243,pgadige,18,0.00034,4758332,89.27899,5329733
10244,philbrookes,18,0.00034,4758350,89.27933,5329733
10245,picadoh,18,0.00034,4758368,89.27967,5329733
10246,pompomJuice,18,0.00034,4758386,89.28001,5329733
10247,premkumar-gg,18,0.00034,4758404,89.28034,5329733
10248,QingsongYao,18,0.00034,4758422,89.28068,5329733
10249,rabun788,18,0.00034,4758440,89.28102,5329733
10250,radkat,18,0.00034,4758458,89.28136,5329733
10251,rca,18,0.00034,4758476,89.28170,5329733
10252,realdimas,18,0.00034,4758494,89.28203,5329733
10253,Reifier,18,0.00034,4758512,89.28237,5329733
10254,retnuh,18,0.00034,4758530,89.28271,5329733
10255,RickyCook,18,0.00034,4758548,89.28305,5329733
10256,rogeralsing,18,0.00034,4758566,89.28338,5329733
10257,rskrishnar,18,0.00034,4758584,89.28372,5329733
10258,rui5i,18,0.00034,4758602,89.28406,5329733
10259,ryfow,18,0.00034,4758620,89.28440,5329733
10260,saheienko,18,0.00034,4758638,89.28474,5329733
10261,sahid,18,0.00034,4758656,89.28507,5329733
10262,samlabs821,18,0.00034,4758674,89.28541,5329733
10263,samwyma,18,0.00034,4758692,89.28575,5329733
10264,sandeepmendiratta,18,0.00034,4758710,89.28609,5329733
10265,satishbellapu,18,0.00034,4758728,89.28642,5329733
10266,sboschman,18,0.00034,4758746,89.28676,5329733
10267,sbrandtb,18,0.00034,4758764,89.28710,5329733
10268,sbtaylor15,18,0.00034,4758782,89.28744,5329733
10269,sebadiaz,18,0.00034,4758800,89.28777,5329733
10270,senthilrch,18,0.00034,4758818,89.28811,5329733
10271,sergei-ivanov,18,0.00034,4758836,89.28845,5329733
10272,SergeyKaydalov,18,0.00034,4758854,89.28879,5329733
10273,shaoxt,18,0.00034,4758872,89.28913,5329733
10274,Sharathmk99,18,0.00034,4758890,89.28946,5329733
10275,shelby-moore,18,0.00034,4758908,89.28980,5329733
10276,shubhanshus,18,0.00034,4758926,89.29014,5329733
10277,Sicaine,18,0.00034,4758944,89.29048,5329733
10278,silenceli,18,0.00034,4758962,89.29081,5329733
10279,SimonHoenscheid,18,0.00034,4758980,89.29115,5329733
10280,skaslev,18,0.00034,4758998,89.29149,5329733
10281,skyscooby,18,0.00034,4759016,89.29183,5329733
10282,sofuture,18,0.00034,4759034,89.29217,5329733
10283,sosiska,18,0.00034,4759052,89.29250,5329733
10284,spacez320,18,0.00034,4759070,89.29284,5329733
10285,steffengy,18,0.00034,4759088,89.29318,5329733
10286,stormmore,18,0.00034,4759106,89.29352,5329733
10287,StrongMonkey,18,0.00034,4759124,89.29385,5329733
10288,SunWeicheng0001,18,0.00034,4759142,89.29419,5329733
10289,superdump,18,0.00034,4759160,89.29453,5329733
10290,swibrow,18,0.00034,4759178,89.29487,5329733
10291,syml,18,0.00034,4759196,89.29520,5329733
10292,szalai1,18,0.00034,4759214,89.29554,5329733
10293,tailnode,18,0.00034,4759232,89.29588,5329733
10294,tamama,18,0.00034,4759250,89.29622,5329733
10295,tcahill,18,0.00034,4759268,89.29656,5329733
10296,tcnghia,18,0.00034,4759286,89.29689,5329733
10297,thegreenbear,18,0.00034,4759304,89.29723,5329733
10298,tianyuansun,18,0.00034,4759322,89.29757,5329733
10299,trtg,18,0.00034,4759340,89.29791,5329733
10300,twilfong,18,0.00034,4759358,89.29824,5329733
10301,tz70s,18,0.00034,4759376,89.29858,5329733
10302,UlaganathanNamachivayam,18,0.00034,4759394,89.29892,5329733
10303,ulrich,18,0.00034,4759412,89.29926,5329733
10304,vaijab,18,0.00034,4759430,89.29960,5329733
10305,vburenin,18,0.00034,4759448,89.29993,5329733
10306,vichargrave,18,0.00034,4759466,89.30027,5329733
10307,vishvananda,18,0.00034,4759484,89.30061,5329733
10308,vkhorozvs,18,0.00034,4759502,89.30095,5329733
10309,vosst,18,0.00034,4759520,89.30128,5329733
10310,vslinko,18,0.00034,4759538,89.30162,5329733
10311,w1ndy,18,0.00034,4759556,89.30196,5329733
10312,wenjianhn,18,0.00034,4759574,89.30230,5329733
10313,whywaita,18,0.00034,4759592,89.30263,5329733
10314,willbeason,18,0.00034,4759610,89.30297,5329733
10315,WPH95,18,0.00034,4759628,89.30331,5329733
10316,Yanson,18,0.00034,4759646,89.30365,5329733
10317,YanTingLittleCute,18,0.00034,4759664,89.30399,5329733
10318,yashsriv,18,0.00034,4759682,89.30432,5329733
10319,YKWeyer,18,0.00034,4759700,89.30466,5329733
10320,youngwookim,18,0.00034,4759718,89.30500,5329733
10321,ysma500,18,0.00034,4759736,89.30534,5329733
10322,yudiandreanp,18,0.00034,4759754,89.30567,5329733
10323,yuhongwex,18,0.00034,4759772,89.30601,5329733
10324,0xdevalias,17,0.00032,4759789,89.30633,5329733
10325,aarondav,17,0.00032,4759806,89.30665,5329733
10326,aarroyoc,17,0.00032,4759823,89.30697,5329733
10327,acozzette,17,0.00032,4759840,89.30729,5329733
10328,adelbertc,17,0.00032,4759857,89.30761,5329733
10329,adiri,17,0.00032,4759874,89.30793,5329733
10330,agustincastanio,17,0.00032,4759891,89.30824,5329733
10331,alam0rt,17,0.00032,4759908,89.30856,5329733
10332,alessbn,17,0.00032,4759925,89.30888,5329733
10333,alexander-alvarez,17,0.00032,4759942,89.30920,5329733
10334,AlexeyKupershtokh,17,0.00032,4759959,89.30952,5329733
10335,allen-servedio,17,0.00032,4759976,89.30984,5329733
10336,ameshkov,17,0.00032,4759993,89.31016,5329733
10337,anamika-avinash,17,0.00032,4760010,89.31048,5329733
10338,ananthunair,17,0.00032,4760027,89.31080,5329733
10339,andrebraitc,17,0.00032,4760044,89.31112,5329733
10340,AndriiOmelianenko,17,0.00032,4760061,89.31143,5329733
10341,antmanler,17,0.00032,4760078,89.31175,5329733
10342,Arano-kai,17,0.00032,4760095,89.31207,5329733
10343,ariskou,17,0.00032,4760112,89.31239,5329733
10344,ark76r,17,0.00032,4760129,89.31271,5329733
10345,arunfung,17,0.00032,4760146,89.31303,5329733
10346,asbjxrn,17,0.00032,4760163,89.31335,5329733
10347,asiragusa,17,0.00032,4760180,89.31367,5329733
10348,aslom,17,0.00032,4760197,89.31399,5329733
10349,atzannes,17,0.00032,4760214,89.31431,5329733
10350,auralshin,17,0.00032,4760231,89.31462,5329733
10351,autostatic,17,0.00032,4760248,89.31494,5329733
10352,autosupport,17,0.00032,4760265,89.31526,5329733
10353,avodaqstephan,17,0.00032,4760282,89.31558,5329733
10354,azazel75,17,0.00032,4760299,89.31590,5329733
10355,bagratte,17,0.00032,4760316,89.31622,5329733
10356,BailyTroyer,17,0.00032,4760333,89.31654,5329733
10357,bassco,17,0.00032,4760350,89.31686,5329733
10358,bb4242,17,0.00032,4760367,89.31718,5329733
10359,bechtoldt,17,0.00032,4760384,89.31749,5329733
10360,BjoernT,17,0.00032,4760401,89.31781,5329733
10361,bjornswift,17,0.00032,4760418,89.31813,5329733
10362,bkochendorfer,17,0.00032,4760435,89.31845,5329733
10363,bond95,17,0.00032,4760452,89.31877,5329733
10364,BramGruneir,17,0.00032,4760469,89.31909,5329733
10365,brandonweeks,17,0.00032,4760486,89.31941,5329733
10366,BrendanBall,17,0.00032,4760503,89.31973,5329733
10367,brett-elliott,17,0.00032,4760520,89.32005,5329733
10368,brushmate,17,0.00032,4760537,89.32037,5329733
10369,bussyjd,17,0.00032,4760554,89.32068,5329733
10370,cagiti,17,0.00032,4760571,89.32100,5329733
10371,caiweidongdongsuzhou,17,0.00032,4760588,89.32132,5329733
10372,camper42,17,0.00032,4760605,89.32164,5329733
10373,caquino,17,0.00032,4760622,89.32196,5329733
10374,carllerche,17,0.00032,4760639,89.32228,5329733
10375,cewood,17,0.00032,4760656,89.32260,5329733
10376,cgrushko,17,0.00032,4760673,89.32292,5329733
10377,ChakshuGupta13,17,0.00032,4760690,89.32324,5329733
10378,chaten,17,0.00032,4760707,89.32356,5329733
10379,chenqz1987,17,0.00032,4760724,89.32387,5329733
10380,chotiwat,17,0.00032,4760741,89.32419,5329733
10381,chrisjohnson,17,0.00032,4760758,89.32451,5329733
10382,chrstnwhlrt,17,0.00032,4760775,89.32483,5329733
10383,Chumper,17,0.00032,4760792,89.32515,5329733
10384,cmosgh,17,0.00032,4760809,89.32547,5329733
10385,costa,17,0.00032,4760826,89.32579,5329733
10386,dacohen,17,0.00032,4760843,89.32611,5329733
10387,dananichev,17,0.00032,4760860,89.32643,5329733
10388,danwent,17,0.00032,4760877,89.32674,5329733
10389,darron,17,0.00032,4760894,89.32706,5329733
10390,datianshi,17,0.00032,4760911,89.32738,5329733
10391,deeglaze,17,0.00032,4760928,89.32770,5329733
10392,derekchiang,17,0.00032,4760945,89.32802,5329733
10393,devaii,17,0.00032,4760962,89.32834,5329733
10394,Devin-Holland,17,0.00032,4760979,89.32866,5329733
10395,dewet22,17,0.00032,4760996,89.32898,5329733
10396,deyceg,17,0.00032,4761013,89.32930,5329733
10397,dhague,17,0.00032,4761030,89.32962,5329733
10398,digitalcoyote,17,0.00032,4761047,89.32993,5329733
10399,dmaclach,17,0.00032,4761064,89.33025,5329733
10400,dmitry-zaets,17,0.00032,4761081,89.33057,5329733
10401,dmoonskim,17,0.00032,4761098,89.33089,5329733
10402,dnivra26,17,0.00032,4761115,89.33121,5329733
10403,dnwe,17,0.00032,4761132,89.33153,5329733
10404,dominichamon,17,0.00032,4761149,89.33185,5329733
10405,dustinboswell,17,0.00032,4761166,89.33217,5329733
10406,dustin-decker,17,0.00032,4761183,89.33249,5329733
10407,eggie5,17,0.00032,4761200,89.33281,5329733
10408,ekirmayer,17,0.00032,4761217,89.33312,5329733
10409,ekle,17,0.00032,4761234,89.33344,5329733
10410,elibixby,17,0.00032,4761251,89.33376,5329733
10411,elifkus,17,0.00032,4761268,89.33408,5329733
10412,elordahl,17,0.00032,4761285,89.33440,5329733
10413,ermitovski,17,0.00032,4761302,89.33472,5329733
10414,esvirskiy,17,0.00032,4761319,89.33504,5329733
10415,ewilde,17,0.00032,4761336,89.33536,5329733
10416,eye0fra,17,0.00032,4761353,89.33568,5329733
10417,falko,17,0.00032,4761370,89.33599,5329733
10418,felixbuenemann,17,0.00032,4761387,89.33631,5329733
10419,FlipEnergy,17,0.00032,4761404,89.33663,5329733
10420,fpytloun,17,0.00032,4761421,89.33695,5329733
10421,fryckbos,17,0.00032,4761438,89.33727,5329733
10422,fzhedu,17,0.00032,4761455,89.33759,5329733
10423,gabe-sorensen,17,0.00032,4761472,89.33791,5329733
10424,gileshinchcliff,17,0.00032,4761489,89.33823,5329733
10425,gklp,17,0.00032,4761506,89.33855,5329733
10426,guoweikuang,17,0.00032,4761523,89.33887,5329733
10427,Hades32,17,0.00032,4761540,89.33918,5329733
10428,halkyon,17,0.00032,4761557,89.33950,5329733
10429,Harwayne,17,0.00032,4761574,89.33982,5329733
10430,hashkanna,17,0.00032,4761591,89.34014,5329733
10431,hdiass,17,0.00032,4761608,89.34046,5329733
10432,hello-jianghongke,17,0.00032,4761625,89.34078,5329733
10433,hellwen,17,0.00032,4761642,89.34110,5329733
10434,holgero,17,0.00032,4761659,89.34142,5329733
10435,hsdmiranda,17,0.00032,4761676,89.34174,5329733
10436,igoberman,17,0.00032,4761693,89.34206,5329733
10437,IgorRosocha,17,0.00032,4761710,89.34237,5329733
10438,ImJasonH,17,0.00032,4761727,89.34269,5329733
10439,indutny,17,0.00032,4761744,89.34301,5329733
10440,invino4,17,0.00032,4761761,89.34333,5329733
10441,ishbir,17,0.00032,4761778,89.34365,5329733
10442,IxDay,17,0.00032,4761795,89.34397,5329733
10443,jakon89,17,0.00032,4761812,89.34429,5329733
10444,janickic,17,0.00032,4761829,89.34461,5329733
10445,jbolinger,17,0.00032,4761846,89.34493,5329733
10446,jcftang,17,0.00032,4761863,89.34524,5329733
10447,jcmuller,17,0.00032,4761880,89.34556,5329733
10448,jeinwag,17,0.00032,4761897,89.34588,5329733
10449,jespersoderlund,17,0.00032,4761914,89.34620,5329733
10450,jharrington22,17,0.00032,4761931,89.34652,5329733
10451,jocatalin,17,0.00032,4761948,89.34684,5329733
10452,joeauty,17,0.00032,4761965,89.34716,5329733
10453,jonlangemak,17,0.00032,4761982,89.34748,5329733
10454,JounQin,17,0.00032,4761999,89.34780,5329733
10455,jpatel-pivotal,17,0.00032,4762016,89.34812,5329733
10456,kaczyns,17,0.00032,4762033,89.34843,5329733
10457,kandros,17,0.00032,4762050,89.34875,5329733
10458,Karthik-13,17,0.00032,4762067,89.34907,5329733
10459,kaushik229,17,0.00032,4762084,89.34939,5329733
10460,kelseyevans,17,0.00032,4762101,89.34971,5329733
10461,kevinkirkup,17,0.00032,4762118,89.35003,5329733
10462,kvitajakub,17,0.00032,4762135,89.35035,5329733
10463,kvz,17,0.00032,4762152,89.35067,5329733
10464,larhauga,17,0.00032,4762169,89.35099,5329733
10465,ldimaggi,17,0.00032,4762186,89.35131,5329733
10466,leahnp,17,0.00032,4762203,89.35162,5329733
10467,leemills83,17,0.00032,4762220,89.35194,5329733
10468,levb,17,0.00032,4762237,89.35226,5329733
10469,LinAnt,17,0.00032,4762254,89.35258,5329733
10470,lmb,17,0.00032,4762271,89.35290,5329733
10471,lphamilton,17,0.00032,4762288,89.35322,5329733
10472,lucasreed,17,0.00032,4762305,89.35354,5329733
10473,lukaf,17,0.00032,4762322,89.35386,5329733
10474,luky-pc,17,0.00032,4762339,89.35418,5329733
10475,macalinao,17,0.00032,4762356,89.35449,5329733
10476,maht,17,0.00032,4762373,89.35481,5329733
10477,markito,17,0.00032,4762390,89.35513,5329733
10478,mathianasj,17,0.00032,4762407,89.35545,5329733
10479,MatousJobanek,17,0.00032,4762424,89.35577,5329733
10480,matt-potter,17,0.00032,4762441,89.35609,5329733
10481,mcsaucy,17,0.00032,4762458,89.35641,5329733
10482,mdbraber,17,0.00032,4762475,89.35673,5329733
10483,meccanorak,17,0.00032,4762492,89.35705,5329733
10484,mffiedler,17,0.00032,4762509,89.35737,5329733
10485,mickeyreiss,17,0.00032,4762526,89.35768,5329733
10486,mikkeschiren,17,0.00032,4762543,89.35800,5329733
10487,mingzhaodotname,17,0.00032,4762560,89.35832,5329733
10488,mkarthi92,17,0.00032,4762577,89.35864,5329733
10489,mkobit,17,0.00032,4762594,89.35896,5329733
10490,mrumpf,17,0.00032,4762611,89.35928,5329733
10491,msfuko,17,0.00032,4762628,89.35960,5329733
10492,mshahat,17,0.00032,4762645,89.35992,5329733
10493,msoap,17,0.00032,4762662,89.36024,5329733
10494,msohn,17,0.00032,4762679,89.36056,5329733
10495,Nessex,17,0.00032,4762696,89.36087,5329733
10496,nicdoye,17,0.00032,4762713,89.36119,5329733
10497,nickethier,17,0.00032,4762730,89.36151,5329733
10498,NightTsarina,17,0.00032,4762747,89.36183,5329733
10499,nimeshksingh,17,0.00032,4762764,89.36215,5329733
10500,number101010,17,0.00032,4762781,89.36247,5329733
10501,Oduig,17,0.00032,4762798,89.36279,5329733
10502,ogelbukh,17,0.00032,4762815,89.36311,5329733
10503,olegshaldibin,17,0.00032,4762832,89.36343,5329733
10504,oshalygin,17,0.00032,4762849,89.36374,5329733
10505,ostenbom,17,0.00032,4762866,89.36406,5329733
10506,pbochynski,17,0.00032,4762883,89.36438,5329733
10507,perumaalgoog,17,0.00032,4762900,89.36470,5329733
10508,pfeodrippe,17,0.00032,4762917,89.36502,5329733
10509,pgr0ss,17,0.00032,4762934,89.36534,5329733
10510,pjjw,17,0.00032,4762951,89.36566,5329733
10511,RickHaan,17,0.00032,4762968,89.36598,5329733
10512,robbyt,17,0.00032,4762985,89.36630,5329733
10513,roychri,17,0.00032,4763002,89.36662,5329733
10514,roymiloh,17,0.00032,4763019,89.36693,5329733
10515,sahlberg,17,0.00032,4763036,89.36725,5329733
10516,samdroid-apps,17,0.00032,4763053,89.36757,5329733
10517,sampointer,17,0.00032,4763070,89.36789,5329733
10518,scottstensland,17,0.00032,4763087,89.36821,5329733
10519,sebsoto,17,0.00032,4763104,89.36853,5329733
10520,sg00dwin,17,0.00032,4763121,89.36885,5329733
10521,shtripat,17,0.00032,4763138,89.36917,5329733
10522,sinkingpoint,17,0.00032,4763155,89.36949,5329733
10523,sixeyed,17,0.00032,4763172,89.36981,5329733
10524,skikkh,17,0.00032,4763189,89.37012,5329733
10525,spangenberg,17,0.00032,4763206,89.37044,5329733
10526,stefanvassilev,17,0.00032,4763223,89.37076,5329733
10527,stefsuse,17,0.00032,4763240,89.37108,5329733
10528,suhrud-kumar,17,0.00032,4763257,89.37140,5329733
10529,svenwal,17,0.00032,4763274,89.37172,5329733
10530,sxllwx,17,0.00032,4763291,89.37204,5329733
10531,szamuboy,17,0.00032,4763308,89.37236,5329733
10532,takirala,17,0.00032,4763325,89.37268,5329733
10533,tanmaykm,17,0.00032,4763342,89.37299,5329733
10534,teddyking,17,0.00032,4763359,89.37331,5329733
10535,tehranian,17,0.00032,4763376,89.37363,5329733
10536,TheRealJon,17,0.00032,4763393,89.37395,5329733
10537,tomaszsek,17,0.00032,4763410,89.37427,5329733
10538,tPl0ch,17,0.00032,4763427,89.37459,5329733
10539,vespian,17,0.00032,4763444,89.37491,5329733
10540,vin,17,0.00032,4763461,89.37523,5329733
10541,voidengineer,17,0.00032,4763478,89.37555,5329733
10542,wbuchwalter,17,0.00032,4763495,89.37587,5329733
10543,wilsonjackson,17,0.00032,4763512,89.37618,5329733
10544,YanzhaoLi,17,0.00032,4763529,89.37650,5329733
10545,zablvit,17,0.00032,4763546,89.37682,5329733
10546,zenlinTechnofreak,17,0.00032,4763563,89.37714,5329733
10547,zzztimbo,17,0.00032,4763580,89.37746,5329733
10548,ace-n,16,0.00030,4763596,89.37776,5329733
10549,afausti,16,0.00030,4763612,89.37806,5329733
10550,Akasurde,16,0.00030,4763628,89.37836,5329733
10551,alfonsomthd,16,0.00030,4763644,89.37866,5329733
10552,alfred-landrum,16,0.00030,4763660,89.37896,5329733
10553,alialshamali,16,0.00030,4763676,89.37926,5329733
10554,amuraru,16,0.00030,4763692,89.37956,5329733
10555,andbuitra,16,0.00030,4763708,89.37986,5329733
10556,Andre-Freitas,16,0.00030,4763724,89.38016,5329733
10557,AndreyVMarkelov,16,0.00030,4763740,89.38046,5329733
10558,angeliski,16,0.00030,4763756,89.38076,5329733
10559,annasapek,16,0.00030,4763772,89.38106,5329733
10560,ariesdevil,16,0.00030,4763788,89.38136,5329733
10561,armujahid,16,0.00030,4763804,89.38166,5329733
10562,aslakknutsen,16,0.00030,4763820,89.38196,5329733
10563,aya,16,0.00030,4763836,89.38226,5329733
10564,Azadehkhojandi,16,0.00030,4763852,89.38256,5329733
10565,BertrandGouny,16,0.00030,4763868,89.38286,5329733
10566,bill-warshaw,16,0.00030,4763884,89.38316,5329733
10567,bison,16,0.00030,4763900,89.38346,5329733
10568,bklang,16,0.00030,4763916,89.38376,5329733
10569,BlueDragonX,16,0.00030,4763932,89.38406,5329733
10570,bmdepesa,16,0.00030,4763948,89.38437,5329733
10571,bronislav,16,0.00030,4763964,89.38467,5329733
10572,bsingr,16,0.00030,4763980,89.38497,5329733
10573,bswinnerton,16,0.00030,4763996,89.38527,5329733
10574,bwalex,16,0.00030,4764012,89.38557,5329733
10575,caglar10ur,16,0.00030,4764028,89.38587,5329733
10576,Callisto13,16,0.00030,4764044,89.38617,5329733
10577,caohe,16,0.00030,4764060,89.38647,5329733
10578,charly37,16,0.00030,4764076,89.38677,5329733
10579,chiragthaker,16,0.00030,4764092,89.38707,5329733
10580,CMeza99,16,0.00030,4764108,89.38737,5329733
10581,cmoad,16,0.00030,4764124,89.38767,5329733
10582,coder-hugo,16,0.00030,4764140,89.38797,5329733
10583,conorfennell,16,0.00030,4764156,89.38827,5329733
10584,corvus-ch,16,0.00030,4764172,89.38857,5329733
10585,cournape,16,0.00030,4764188,89.38887,5329733
10586,cpatulea,16,0.00030,4764204,89.38917,5329733
10587,csschwe,16,0.00030,4764220,89.38947,5329733
10588,cwilkers,16,0.00030,4764236,89.38977,5329733
10589,dadux,16,0.00030,4764252,89.39007,5329733
10590,daggerok,16,0.00030,4764268,89.39037,5329733
10591,darstahl,16,0.00030,4764284,89.39067,5329733
10592,davido,16,0.00030,4764300,89.39097,5329733
10593,dbkegley,16,0.00030,4764316,89.39127,5329733
10594,dblackdblack,16,0.00030,4764332,89.39157,5329733
10595,ddevault,16,0.00030,4764348,89.39187,5329733
10596,detailyang,16,0.00030,4764364,89.39217,5329733
10597,dgrizzanti,16,0.00030,4764380,89.39247,5329733
10598,dieterdemeyer,16,0.00030,4764396,89.39277,5329733
10599,dingwilson,16,0.00030,4764412,89.39307,5329733
10600,dinogun,16,0.00030,4764428,89.39337,5329733
10601,dkalleg,16,0.00030,4764444,89.39367,5329733
10602,dkusidlo,16,0.00030,4764460,89.39397,5329733
10603,dm0-,16,0.00030,4764476,89.39427,5329733
10604,dmilstein,16,0.00030,4764492,89.39457,5329733
10605,dougEfresh,16,0.00030,4764508,89.39487,5329733
10606,dpacierpnik,16,0.00030,4764524,89.39517,5329733
10607,dploeger,16,0.00030,4764540,89.39547,5329733
10608,dweepgogia,16,0.00030,4764556,89.39577,5329733
10609,DWSR,16,0.00030,4764572,89.39607,5329733
10610,easylo,16,0.00030,4764588,89.39637,5329733
10611,edganiukov,16,0.00030,4764604,89.39667,5329733
10612,eigood,16,0.00030,4764620,89.39697,5329733
10613,enoodle,16,0.00030,4764636,89.39727,5329733
10614,f0o,16,0.00030,4764652,89.39757,5329733
10615,FlavioF,16,0.00030,4764668,89.39787,5329733
10616,fr05t1k,16,0.00030,4764684,89.39817,5329733
10617,frenkel,16,0.00030,4764700,89.39847,5329733
10618,Gabitchov,16,0.00030,4764716,89.39877,5329733
10619,gam-phon,16,0.00030,4764732,89.39907,5329733
10620,gardlt,16,0.00030,4764748,89.39938,5329733
10621,gautamdivgi,16,0.00030,4764764,89.39968,5329733
10622,gitter-badger,16,0.00030,4764780,89.39998,5329733
10623,glenn-lg,16,0.00030,4764796,89.40028,5329733
10624,gq94205,16,0.00030,4764812,89.40058,5329733
10625,harmjanblok,16,0.00030,4764828,89.40088,5329733
10626,howinator,16,0.00030,4764844,89.40118,5329733
10627,icygalz,16,0.00030,4764860,89.40148,5329733
10628,imikushin,16,0.00030,4764876,89.40178,5329733
10629,Infra-Red,16,0.00030,4764892,89.40208,5329733
10630,ishkawa,16,0.00030,4764908,89.40238,5329733
10631,ivucica,16,0.00030,4764924,89.40268,5329733
10632,ivuk,16,0.00030,4764940,89.40298,5329733
10633,iwinux,16,0.00030,4764956,89.40328,5329733
10634,jam01,16,0.00030,4764972,89.40358,5329733
10635,jasondewitt,16,0.00030,4764988,89.40388,5329733
10636,jcarres-mdsol,16,0.00030,4765004,89.40418,5329733
10637,jc-m,16,0.00030,4765020,89.40448,5329733
10638,jflory7,16,0.00030,4765036,89.40478,5329733
10639,jianxingzhe,16,0.00030,4765052,89.40508,5329733
10640,Jiri-Kremser,16,0.00030,4765068,89.40538,5329733
10641,jkbschmid,16,0.00030,4765084,89.40568,5329733
10642,joerocklin,16,0.00030,4765100,89.40598,5329733
10643,johnhamelink,16,0.00030,4765116,89.40628,5329733
10644,JohnnyQQQQ,16,0.00030,4765132,89.40658,5329733
10645,JohnVillalovos,16,0.00030,4765148,89.40688,5329733
10646,jonatasbaldin,16,0.00030,4765164,89.40718,5329733
10647,joway,16,0.00030,4765180,89.40748,5329733
10648,jpadams,16,0.00030,4765196,89.40778,5329733
10649,jpittis,16,0.00030,4765212,89.40808,5329733
10650,jpugliesi,16,0.00030,4765228,89.40838,5329733
10651,julienstroheker,16,0.00030,4765244,89.40868,5329733
10652,jumpkick,16,0.00030,4765260,89.40898,5329733
10653,jxs,16,0.00030,4765276,89.40928,5329733
10654,kawanet,16,0.00030,4765292,89.40958,5329733
10655,kevinfrommelt,16,0.00030,4765308,89.40988,5329733
10656,KevinSnyderCodes,16,0.00030,4765324,89.41018,5329733
10657,Kyle-Verhoog,16,0.00030,4765340,89.41048,5329733
10658,l0k0ms,16,0.00030,4765356,89.41078,5329733
10659,LegNeato,16,0.00030,4765372,89.41108,5329733
10660,LinuxSuRen,16,0.00030,4765388,89.41138,5329733
10661,lisa,16,0.00030,4765404,89.41168,5329733
10662,literalice,16,0.00030,4765420,89.41198,5329733
10663,lrouquette,16,0.00030,4765436,89.41228,5329733
10664,lucab85,16,0.00030,4765452,89.41258,5329733
10665,luohoufu,16,0.00030,4765468,89.41288,5329733
10666,luvtechno,16,0.00030,4765484,89.41318,5329733
10667,mads-hartmann,16,0.00030,4765500,89.41348,5329733
10668,mark-rushakoff,16,0.00030,4765516,89.41378,5329733
10669,matjohn2,16,0.00030,4765532,89.41409,5329733
10670,matlec,16,0.00030,4765548,89.41439,5329733
10671,maurodelazeri,16,0.00030,4765564,89.41469,5329733
10672,mdering,16,0.00030,4765580,89.41499,5329733
10673,mejran,16,0.00030,4765596,89.41529,5329733
10674,meling,16,0.00030,4765612,89.41559,5329733
10675,metachris,16,0.00030,4765628,89.41589,5329733
10676,MichalMankowski,16,0.00030,4765644,89.41619,5329733
10677,miguelaferreira,16,0.00030,4765660,89.41649,5329733
10678,MikaelSmith,16,0.00030,4765676,89.41679,5329733
10679,MikeLarah,16,0.00030,4765692,89.41709,5329733
10680,mildred,16,0.00030,4765708,89.41739,5329733
10681,milesarmstrong,16,0.00030,4765724,89.41769,5329733
10682,mkorejo,16,0.00030,4765740,89.41799,5329733
10683,mookjp,16,0.00030,4765756,89.41829,5329733
10684,MovieStoreGuy,16,0.00030,4765772,89.41859,5329733
10685,mschurenko,16,0.00030,4765788,89.41889,5329733
10686,myhro,16,0.00030,4765804,89.41919,5329733
10687,natereid72,16,0.00030,4765820,89.41949,5329733
10688,natiki,16,0.00030,4765836,89.41979,5329733
10689,nauxliu,16,0.00030,4765852,89.42009,5329733
10690,nemo83,16,0.00030,4765868,89.42039,5329733
10691,nerdondon,16,0.00030,4765884,89.42069,5329733
10692,nkubala,16,0.00030,4765900,89.42099,5329733
10693,nordixinfra,16,0.00030,4765916,89.42129,5329733
10694,packtpartner,16,0.00030,4765932,89.42159,5329733
10695,Paige49,16,0.00030,4765948,89.42189,5329733
10696,panta,16,0.00030,4765964,89.42219,5329733
10697,parallelstream,16,0.00030,4765980,89.42249,5329733
10698,ParanoidAditya,16,0.00030,4765996,89.42279,5329733
10699,paterczm,16,0.00030,4766012,89.42309,5329733
10700,pecigonzalo,16,0.00030,4766028,89.42339,5329733
10701,Phanindra48,16,0.00030,4766044,89.42369,5329733
10702,philliphoff,16,0.00030,4766060,89.42399,5329733
10703,pluradj,16,0.00030,4766076,89.42429,5329733
10704,programmer04,16,0.00030,4766092,89.42459,5329733
10705,punkle,16,0.00030,4766108,89.42489,5329733
10706,RafalKorepta,16,0.00030,4766124,89.42519,5329733
10707,raftAtGit,16,0.00030,4766140,89.42549,5329733
10708,RahulMahale,16,0.00030,4766156,89.42579,5329733
10709,Ranler,16,0.00030,4766172,89.42609,5329733
10710,realfake,16,0.00030,4766188,89.42639,5329733
10711,reterVision,16,0.00030,4766204,89.42669,5329733
10712,Revolution1,16,0.00030,4766220,89.42699,5329733
10713,Rishabh570,16,0.00030,4766236,89.42729,5329733
10714,rmarcum,16,0.00030,4766252,89.42759,5329733
10715,robx,16,0.00030,4766268,89.42789,5329733
10716,ronnylt,16,0.00030,4766284,89.42819,5329733
10717,rubberydub,16,0.00030,4766300,89.42849,5329733
10718,rvansa,16,0.00030,4766316,89.42880,5329733
10719,ryan-lane,16,0.00030,4766332,89.42910,5329733
10720,rzarzynski,16,0.00030,4766348,89.42940,5329733
10721,s4nch3z,16,0.00030,4766364,89.42970,5329733
10722,saamalik,16,0.00030,4766380,89.43000,5329733
10723,samdamana,16,0.00030,4766396,89.43030,5329733
10724,SamSaffron,16,0.00030,4766412,89.43060,5329733
10725,sanderploegsma,16,0.00030,4766428,89.43090,5329733
10726,sbawaska,16,0.00030,4766444,89.43120,5329733
10727,scjody,16,0.00030,4766460,89.43150,5329733
10728,scottbuettner,16,0.00030,4766476,89.43180,5329733
10729,shatil,16,0.00030,4766492,89.43210,5329733
10730,Shelvey-Kansal,16,0.00030,4766508,89.43240,5329733
10731,shuji-koike,16,0.00030,4766524,89.43270,5329733
10732,sidharta-s,16,0.00030,4766540,89.43300,5329733
10733,skottler,16,0.00030,4766556,89.43330,5329733
10734,slaws,16,0.00030,4766572,89.43360,5329733
10735,smukherj1,16,0.00030,4766588,89.43390,5329733
10736,songshuone,16,0.00030,4766604,89.43420,5329733
10737,southwolf,16,0.00030,4766620,89.43450,5329733
10738,Sovietaced,16,0.00030,4766636,89.43480,5329733
10739,st4nson,16,0.00030,4766652,89.43510,5329733
10740,swtch1,16,0.00030,4766668,89.43540,5329733
10741,sykesm,16,0.00030,4766684,89.43570,5329733
10742,Szetty,16,0.00030,4766700,89.43600,5329733
10743,TaLoN1x,16,0.00030,4766716,89.43630,5329733
10744,tasdikrahman,16,0.00030,4766732,89.43660,5329733
10745,TeBoring,16,0.00030,4766748,89.43690,5329733
10746,Teeed,16,0.00030,4766764,89.43720,5329733
10747,theobouwman,16,0.00030,4766780,89.43750,5329733
10748,tivvit,16,0.00030,4766796,89.43780,5329733
10749,tnguyen-rh,16,0.00030,4766812,89.43810,5329733
10750,tombenner,16,0.00030,4766828,89.43840,5329733
10751,toru-takahashi,16,0.00030,4766844,89.43870,5329733
10752,trjordan,16,0.00030,4766860,89.43900,5329733
10753,trstringer,16,0.00030,4766876,89.43930,5329733
10754,tvs,16,0.00030,4766892,89.43960,5329733
10755,typingduck,16,0.00030,4766908,89.43990,5329733
10756,vasu1124,16,0.00030,4766924,89.44020,5329733
10757,victoru,16,0.00030,4766940,89.44050,5329733
10758,vise890,16,0.00030,4766956,89.44080,5329733
10759,vitorarins,16,0.00030,4766972,89.44110,5329733
10760,webner,16,0.00030,4766988,89.44140,5329733
10761,wlodekb,16,0.00030,4767004,89.44170,5329733
10762,wsargent,16,0.00030,4767020,89.44200,5329733
10763,wuub,16,0.00030,4767036,89.44230,5329733
10764,wwsean08,16,0.00030,4767052,89.44260,5329733
10765,XinhaiWang,16,0.00030,4767068,89.44290,5329733
10766,yantang-msft,16,0.00030,4767084,89.44320,5329733
10767,yktsubo,16,0.00030,4767100,89.44350,5329733
10768,yogeswaran,16,0.00030,4767116,89.44381,5329733
10769,yokawasa,16,0.00030,4767132,89.44411,5329733
10770,Zhomart,16,0.00030,4767148,89.44441,5329733
10771,zohaib85,16,0.00030,4767164,89.44471,5329733
10772,3cky,15,0.00028,4767179,89.44499,5329733
10773,adam-26,15,0.00028,4767194,89.44527,5329733
10774,adamhosier,15,0.00028,4767209,89.44555,5329733
10775,adfernandes,15,0.00028,4767224,89.44583,5329733
10776,adityabyreddy74,15,0.00028,4767239,89.44611,5329733
10777,adrianliechti,15,0.00028,4767254,89.44639,5329733
10778,adyada,15,0.00028,4767269,89.44668,5329733
10779,afoninsky,15,0.00028,4767284,89.44696,5329733
10780,ahuret,15,0.00028,4767299,89.44724,5329733
10781,alexanderKhaustov,15,0.00028,4767314,89.44752,5329733
10782,AlexB138,15,0.00028,4767329,89.44780,5329733
10783,alexfridlyand,15,0.00028,4767344,89.44808,5329733
10784,alisinabh,15,0.00028,4767359,89.44836,5329733
10785,andreyvelich,15,0.00028,4767374,89.44865,5329733
10786,andrsp,15,0.00028,4767389,89.44893,5329733
10787,angapov,15,0.00028,4767404,89.44921,5329733
10788,angry-cellophane,15,0.00028,4767419,89.44949,5329733
10789,anshumanbh,15,0.00028,4767434,89.44977,5329733
10790,anyscoding,15,0.00028,4767449,89.45005,5329733
10791,aravindvnair99,15,0.00028,4767464,89.45033,5329733
10792,archcosmo,15,0.00028,4767479,89.45062,5329733
10793,arthurlm44,15,0.00028,4767494,89.45090,5329733
10794,aschepis,15,0.00028,4767509,89.45118,5329733
10795,ashw7n,15,0.00028,4767524,89.45146,5329733
10796,asoorm,15,0.00028,4767539,89.45174,5329733
10797,asosso,15,0.00028,4767554,89.45202,5329733
10798,audebert,15,0.00028,4767569,89.45230,5329733
10799,bia,15,0.00028,4767584,89.45259,5329733
10800,blazedd,15,0.00028,4767599,89.45287,5329733
10801,bobveznat,15,0.00028,4767614,89.45315,5329733
10802,bonhamjp,15,0.00028,4767629,89.45343,5329733
10803,bpasson,15,0.00028,4767644,89.45371,5329733
10804,BrennanConroy,15,0.00028,4767659,89.45399,5329733
10805,brunoborges,15,0.00028,4767674,89.45427,5329733
10806,buaazp,15,0.00028,4767689,89.45456,5329733
10807,CaptainYarb,15,0.00028,4767704,89.45484,5329733
10808,CarpathianUA,15,0.00028,4767719,89.45512,5329733
10809,caskey,15,0.00028,4767734,89.45540,5329733
10810,cbh34680,15,0.00028,4767749,89.45568,5329733
10811,Chazzledazzle1,15,0.00028,4767764,89.45596,5329733
10812,code0x9,15,0.00028,4767779,89.45624,5329733
10813,cog-qlik,15,0.00028,4767794,89.45653,5329733
10814,cristianoveiga,15,0.00028,4767809,89.45681,5329733
10815,danail-branekov,15,0.00028,4767824,89.45709,5329733
10816,danburkert,15,0.00028,4767839,89.45737,5329733
10817,dannyzaken,15,0.00028,4767854,89.45765,5329733
10818,deadmoose,15,0.00028,4767869,89.45793,5329733
10819,DerekHeldtWerle,15,0.00028,4767884,89.45821,5329733
10820,djwhatle,15,0.00028,4767899,89.45850,5329733
10821,dlaidlaw,15,0.00028,4767914,89.45878,5329733
10822,dnavre,15,0.00028,4767929,89.45906,5329733
10823,dtimm,15,0.00028,4767944,89.45934,5329733
10824,elgalu,15,0.00028,4767959,89.45962,5329733
10825,Elgarni,15,0.00028,4767974,89.45990,5329733
10826,EliZucker,15,0.00028,4767989,89.46018,5329733
10827,emilevauge,15,0.00028,4768004,89.46047,5329733
10828,enudler,15,0.00028,4768019,89.46075,5329733
10829,ericis,15,0.00028,4768034,89.46103,5329733
10830,erleene,15,0.00028,4768049,89.46131,5329733
10831,Escalion,15,0.00028,4768064,89.46159,5329733
10832,fenngwd,15,0.00028,4768079,89.46187,5329733
10833,filipre,15,0.00028,4768094,89.46216,5329733
10834,fjbsantiago,15,0.00028,4768109,89.46244,5329733
10835,ForestEckhardt,15,0.00028,4768124,89.46272,5329733
10836,frioux,15,0.00028,4768139,89.46300,5329733
10837,fsouza,15,0.00028,4768154,89.46328,5329733
10838,gabel,15,0.00028,4768169,89.46356,5329733
10839,gabemeola,15,0.00028,4768184,89.46384,5329733
10840,gabrielf,15,0.00028,4768199,89.46413,5329733
10841,gabrielprioli,15,0.00028,4768214,89.46441,5329733
10842,geeknoid,15,0.00028,4768229,89.46469,5329733
10843,GeorgeSapkin,15,0.00028,4768244,89.46497,5329733
10844,girgen,15,0.00028,4768259,89.46525,5329733
10845,glothriel,15,0.00028,4768274,89.46553,5329733
10846,gobengo,15,0.00028,4768289,89.46581,5329733
10847,gswallow,15,0.00028,4768304,89.46610,5329733
10848,guillaumerose,15,0.00028,4768319,89.46638,5329733
10849,h7kanna,15,0.00028,4768334,89.46666,5329733
10850,hangpark,15,0.00028,4768349,89.46694,5329733
10851,hermanbanken,15,0.00028,4768364,89.46722,5329733
10852,hnrytrn,15,0.00028,4768379,89.46750,5329733
10853,hpedrorodrigues,15,0.00028,4768394,89.46778,5329733
10854,Hronom,15,0.00028,4768409,89.46807,5329733
10855,idcmp,15,0.00028,4768424,89.46835,5329733
10856,ignertic,15,0.00028,4768439,89.46863,5329733
10857,imcsk8,15,0.00028,4768454,89.46891,5329733
10858,jaypatrickhoward,15,0.00028,4768469,89.46919,5329733
10859,jazzdan,15,0.00028,4768484,89.46947,5329733
10860,jbaxleyiii,15,0.00028,4768499,89.46975,5329733
10861,jcderose,15,0.00028,4768514,89.47004,5329733
10862,joeblackwaslike,15,0.00028,4768529,89.47032,5329733
10863,jonfairbanks,15,0.00028,4768544,89.47060,5329733
10864,JonGilmore,15,0.00028,4768559,89.47088,5329733
10865,joseph-lanoux,15,0.00028,4768574,89.47116,5329733
10866,joshes,15,0.00028,4768589,89.47144,5329733
10867,joshgav,15,0.00028,4768604,89.47172,5329733
10868,jotak,15,0.00028,4768619,89.47201,5329733
10869,jrcichra,15,0.00028,4768634,89.47229,5329733
10870,j-sandy,15,0.00028,4768649,89.47257,5329733
10871,jsenko,15,0.00028,4768664,89.47285,5329733
10872,jtnord,15,0.00028,4768679,89.47313,5329733
10873,karolz-ms,15,0.00028,4768694,89.47341,5329733
10874,katerinapat,15,0.00028,4768709,89.47369,5329733
10875,kchristidis,15,0.00028,4768724,89.47398,5329733
10876,Kenblair1226,15,0.00028,4768739,89.47426,5329733
10877,Kent-H,15,0.00028,4768754,89.47454,5329733
10878,kerrick-lyft,15,0.00028,4768769,89.47482,5329733
10879,knisbet,15,0.00028,4768784,89.47510,5329733
10880,ksteigerwald,15,0.00028,4768799,89.47538,5329733
10881,ktbartholomew,15,0.00028,4768814,89.47566,5329733
10882,lcarva,15,0.00028,4768829,89.47595,5329733
10883,LeendersR,15,0.00028,4768844,89.47623,5329733
10884,LEW21,15,0.00028,4768859,89.47651,5329733
10885,lhotrifork,15,0.00028,4768874,89.47679,5329733
10886,liangyuanpeng,15,0.00028,4768889,89.47707,5329733
10887,Ma-Dan,15,0.00028,4768904,89.47735,5329733
10888,MarcDufresne,15,0.00028,4768919,89.47763,5329733
10889,marcosflobo,15,0.00028,4768934,89.47792,5329733
10890,markstgodard,15,0.00028,4768949,89.47820,5329733
10891,masteinhauser,15,0.00028,4768964,89.47848,5329733
10892,mattheworiordan,15,0.00028,4768979,89.47876,5329733
10893,mattsdni,15,0.00028,4768994,89.47904,5329733
10894,maurorappa,15,0.00028,4769009,89.47932,5329733
10895,MaxKam,15,0.00028,4769024,89.47960,5329733
10896,michal-hudy,15,0.00028,4769039,89.47989,5329733
10897,mkmik,15,0.00028,4769054,89.48017,5329733
10898,mlycore,15,0.00028,4769069,89.48045,5329733
10899,mmueen,15,0.00028,4769084,89.48073,5329733
10900,mogthesprog,15,0.00028,4769099,89.48101,5329733
10901,Montana,15,0.00028,4769114,89.48129,5329733
10902,movikbence,15,0.00028,4769129,89.48157,5329733
10903,mt-inside,15,0.00028,4769144,89.48186,5329733
10904,muellerbe,15,0.00028,4769159,89.48214,5329733
10905,mvle,15,0.00028,4769174,89.48242,5329733
10906,niels-s,15,0.00028,4769189,89.48270,5329733
10907,nimakaviani,15,0.00028,4769204,89.48298,5329733
10908,Nirmalyasen,15,0.00028,4769219,89.48326,5329733
10909,notque,15,0.00028,4769234,89.48354,5329733
10910,obi1kenobi,15,0.00028,4769249,89.48383,5329733
10911,ohtake,15,0.00028,4769264,89.48411,5329733
10912,osxi,15,0.00028,4769279,89.48439,5329733
10913,pafuent,15,0.00028,4769294,89.48467,5329733
10914,patstrom,15,0.00028,4769309,89.48495,5329733
10915,pcarrier,15,0.00028,4769324,89.48523,5329733
10916,peonone,15,0.00028,4769339,89.48551,5329733
10917,PhilGrayson,15,0.00028,4769354,89.48580,5329733
10918,philwo,15,0.00028,4769369,89.48608,5329733
10919,plytro,15,0.00028,4769384,89.48636,5329733
10920,pydima,15,0.00028,4769399,89.48664,5329733
10921,qinlifeiustack,15,0.00028,4769414,89.48692,5329733
10922,ramukima,15,0.00028,4769429,89.48720,5329733
10923,rcoh,15,0.00028,4769444,89.48748,5329733
10924,Rigdon,15,0.00028,4769459,89.48777,5329733
10925,rlubke,15,0.00028,4769474,89.48805,5329733
10926,Rulox,15,0.00028,4769489,89.48833,5329733
10927,sallydeng,15,0.00028,4769504,89.48861,5329733
10928,samizuh,15,0.00028,4769519,89.48889,5329733
10929,sathyatvrcbe,15,0.00028,4769534,89.48917,5329733
10930,segrax,15,0.00028,4769549,89.48945,5329733
10931,selvamt94,15,0.00028,4769564,89.48974,5329733
10932,sfabel,15,0.00028,4769579,89.49002,5329733
10933,shimmerjs,15,0.00028,4769594,89.49030,5329733
10934,siamaksade,15,0.00028,4769609,89.49058,5329733
10935,simon,15,0.00028,4769624,89.49086,5329733
10936,snormore,15,0.00028,4769639,89.49114,5329733
10937,softkot,15,0.00028,4769654,89.49142,5329733
10938,soutaro,15,0.00028,4769669,89.49171,5329733
10939,spoonben,15,0.00028,4769684,89.49199,5329733
10940,srijs,15,0.00028,4769699,89.49227,5329733
10941,srm912,15,0.00028,4769714,89.49255,5329733
10942,stacyped,15,0.00028,4769729,89.49283,5329733
10943,steelecliftonberry,15,0.00028,4769744,89.49311,5329733
10944,stefanhans,15,0.00028,4769759,89.49339,5329733
10945,stenwt,15,0.00028,4769774,89.49368,5329733
10946,stonith,15,0.00028,4769789,89.49396,5329733
10947,streadway,15,0.00028,4769804,89.49424,5329733
10948,suever,15,0.00028,4769819,89.49452,5329733
10949,supriyagarg,15,0.00028,4769834,89.49480,5329733
10950,swankjesse,15,0.00028,4769849,89.49508,5329733
10951,swordbeta,15,0.00028,4769864,89.49536,5329733
10952,tallpauley,15,0.00028,4769879,89.49565,5329733
10953,taoeffect,15,0.00028,4769894,89.49593,5329733
10954,taoyu27,15,0.00028,4769909,89.49621,5329733
10955,tarasglek,15,0.00028,4769924,89.49649,5329733
10956,tbroyer,15,0.00028,4769939,89.49677,5329733
10957,TDabasinskas,15,0.00028,4769954,89.49705,5329733
10958,tduzan,15,0.00028,4769969,89.49734,5329733
10959,tenderlove,15,0.00028,4769984,89.49762,5329733
10960,terorie,15,0.00028,4769999,89.49790,5329733
10961,tgxworld,15,0.00028,4770014,89.49818,5329733
10962,thecanadianbaker,15,0.00028,4770029,89.49846,5329733
10963,thejmazz,15,0.00028,4770044,89.49874,5329733
10964,theomessin,15,0.00028,4770059,89.49902,5329733
10965,thomaschaaf,15,0.00028,4770074,89.49931,5329733
10966,thomasmckay,15,0.00028,4770089,89.49959,5329733
10967,tmshort,15,0.00028,4770104,89.49987,5329733
10968,tomprince,15,0.00028,4770119,89.50015,5329733
10969,travishaagen,15,0.00028,4770134,89.50043,5329733
10970,travis-sobeck,15,0.00028,4770149,89.50071,5329733
10971,ugvddm,15,0.00028,4770164,89.50099,5329733
10972,utka,15,0.00028,4770179,89.50128,5329733
10973,victorsalaun,15,0.00028,4770194,89.50156,5329733
10974,vikramk7,15,0.00028,4770209,89.50184,5329733
10975,Vimal-Raghubir,15,0.00028,4770224,89.50212,5329733
10976,vjeux,15,0.00028,4770239,89.50240,5329733
10977,vmanucharyan,15,0.00028,4770254,89.50268,5329733
10978,woernfl,15,0.00028,4770269,89.50296,5329733
10979,wuurrd,15,0.00028,4770284,89.50325,5329733
10980,wwojcik,15,0.00028,4770299,89.50353,5329733
10981,xcaspar,15,0.00028,4770314,89.50381,5329733
10982,y0ssar1an,15,0.00028,4770329,89.50409,5329733
10983,yuriipolishchuk,15,0.00028,4770344,89.50437,5329733
10984,zachncst,15,0.00028,4770359,89.50465,5329733
10985,zbwright,15,0.00028,4770374,89.50493,5329733
10986,zklapow,15,0.00028,4770389,89.50522,5329733
10987,zoumo,15,0.00028,4770404,89.50550,5329733
10988,123tap,14,0.00026,4770418,89.50576,5329733
10989,31z4,14,0.00026,4770432,89.50602,5329733
10990,aalexand,14,0.00026,4770446,89.50628,5329733
10991,aaronbee,14,0.00026,4770460,89.50655,5329733
10992,AdamLeMmon01,14,0.00026,4770474,89.50681,5329733
10993,agalitsyn,14,0.00026,4770488,89.50707,5329733
10994,ahenobarbi,14,0.00026,4770502,89.50734,5329733
10995,aioue,14,0.00026,4770516,89.50760,5329733
10996,akhy,14,0.00026,4770530,89.50786,5329733
10997,alexanderawitin,14,0.00026,4770544,89.50812,5329733
10998,ameetkotian,14,0.00026,4770558,89.50839,5329733
10999,andir,14,0.00026,4770572,89.50865,5329733
11000,andrewklau,14,0.00026,4770586,89.50891,5329733
11001,andysnowden,14,0.00026,4770600,89.50917,5329733
11002,arajitsamanta,14,0.00026,4770614,89.50944,5329733
11003,arnaud-deprez,14,0.00026,4770628,89.50970,5329733
11004,atotto,14,0.00026,4770642,89.50996,5329733
11005,ayj,14,0.00026,4770656,89.51022,5329733
11006,b1zzu,14,0.00026,4770670,89.51049,5329733
11007,bbc88ks,14,0.00026,4770684,89.51075,5329733
11008,beeradb,14,0.00026,4770698,89.51101,5329733
11009,BenManifold,14,0.00026,4770712,89.51128,5329733
11010,bithavoc,14,0.00026,4770726,89.51154,5329733
11011,bkw,14,0.00026,4770740,89.51180,5329733
11012,blkperl,14,0.00026,4770754,89.51206,5329733
11013,BooleanCat,14,0.00026,4770768,89.51233,5329733
11014,boosty,14,0.00026,4770782,89.51259,5329733
11015,braceinhz,14,0.00026,4770796,89.51285,5329733
11016,bshi,14,0.00026,4770810,89.51311,5329733
11017,bstick12,14,0.00026,4770824,89.51338,5329733
11018,btc,14,0.00026,4770838,89.51364,5329733
11019,c1t1d0s7,14,0.00026,4770852,89.51390,5329733
11020,caiobegotti,14,0.00026,4770866,89.51417,5329733
11021,cgthayer,14,0.00026,4770880,89.51443,5329733
11022,chatton,14,0.00026,4770894,89.51469,5329733
11023,chenzhihao,14,0.00026,4770908,89.51495,5329733
11024,chiradeep,14,0.00026,4770922,89.51522,5329733
11025,clairew,14,0.00026,4770936,89.51548,5329733
11026,codeStryke,14,0.00026,4770950,89.51574,5329733
11027,continuum-vikrant-tyagi,14,0.00026,4770964,89.51600,5329733
11028,coopstah13,14,0.00026,4770978,89.51627,5329733
11029,corlettb,14,0.00026,4770992,89.51653,5329733
11030,crlf0710,14,0.00026,4771006,89.51679,5329733
11031,crunk1,14,0.00026,4771020,89.51705,5329733
11032,cryptobioz,14,0.00026,4771034,89.51732,5329733
11033,d2iq-shadowbq,14,0.00026,4771048,89.51758,5329733
11034,danieldreier,14,0.00026,4771062,89.51784,5329733
11035,danielfbm,14,0.00026,4771076,89.51811,5329733
11036,davideagle,14,0.00026,4771090,89.51837,5329733
11037,David-Igou,14,0.00026,4771104,89.51863,5329733
11038,dhananjaysathe,14,0.00026,4771118,89.51889,5329733
11039,diogonicoleti,14,0.00026,4771132,89.51916,5329733
11040,djensen47,14,0.00026,4771146,89.51942,5329733
11041,djKooks,14,0.00026,4771160,89.51968,5329733
11042,dkelmer,14,0.00026,4771174,89.51994,5329733
11043,dklesev,14,0.00026,4771188,89.52021,5329733
11044,docteurklein,14,0.00026,4771202,89.52047,5329733
11045,dpb587-pivotal,14,0.00026,4771216,89.52073,5329733
11046,dwj300,14,0.00026,4771230,89.52099,5329733
11047,dwwoelfel,14,0.00026,4771244,89.52126,5329733
11048,dyema,14,0.00026,4771258,89.52152,5329733
11049,ebkalderon,14,0.00026,4771272,89.52178,5329733
11050,edam,14,0.00026,4771286,89.52205,5329733
11051,eliothedeman,14,0.00026,4771300,89.52231,5329733
11052,enflo,14,0.00026,4771314,89.52257,5329733
11053,ericsmalling,14,0.00026,4771328,89.52283,5329733
11054,eroldan,14,0.00026,4771342,89.52310,5329733
11055,etiennedi,14,0.00026,4771356,89.52336,5329733
11056,fazalmajid,14,0.00026,4771370,89.52362,5329733
11057,foobarto,14,0.00026,4771384,89.52388,5329733
11058,gacopl,14,0.00026,4771398,89.52415,5329733
11059,ggarnier,14,0.00026,4771412,89.52441,5329733
11060,Gilbert88,14,0.00026,4771426,89.52467,5329733
11061,givia,14,0.00026,4771440,89.52493,5329733
11062,gunjan01,14,0.00026,4771454,89.52520,5329733
11063,harshita-sharma011,14,0.00026,4771468,89.52546,5329733
11064,hashmap,14,0.00026,4771482,89.52572,5329733
11065,hasit,14,0.00026,4771496,89.52599,5329733
11066,hazim1093,14,0.00026,4771510,89.52625,5329733
11067,hbina,14,0.00026,4771524,89.52651,5329733
11068,henrywangx,14,0.00026,4771538,89.52677,5329733
11069,heydenb,14,0.00026,4771552,89.52704,5329733
11070,hjet,14,0.00026,4771566,89.52730,5329733
11071,hkailantzis,14,0.00026,4771580,89.52756,5329733
11072,iamrare,14,0.00026,4771594,89.52782,5329733
11073,iamseth,14,0.00026,4771608,89.52809,5329733
11074,IlyaSemenov,14,0.00026,4771622,89.52835,5329733
11075,imumesh18,14,0.00026,4771636,89.52861,5329733
11076,irisgve,14,0.00026,4771650,89.52888,5329733
11077,j3p0uk,14,0.00026,4771664,89.52914,5329733
11078,jacktuck,14,0.00026,4771678,89.52940,5329733
11079,JakubOnderka,14,0.00026,4771692,89.52966,5329733
11080,javabrett,14,0.00026,4771706,89.52993,5329733
11081,jaymccon,14,0.00026,4771720,89.53019,5329733
11082,jdconley,14,0.00026,4771734,89.53045,5329733
11083,jeffqwb2017,14,0.00026,4771748,89.53071,5329733
11084,jia-jerry,14,0.00026,4771762,89.53098,5329733
11085,jksgit,14,0.00026,4771776,89.53124,5329733
11086,jmwaks,14,0.00026,4771790,89.53150,5329733
11087,johnjbarton,14,0.00026,4771804,89.53176,5329733
11088,jonasrutishauser,14,0.00026,4771818,89.53203,5329733
11089,JonathanSun,14,0.00026,4771832,89.53229,5329733
11090,jonmosco,14,0.00026,4771846,89.53255,5329733
11091,JordanFaust,14,0.00026,4771860,89.53282,5329733
11092,jordigilh,14,0.00026,4771874,89.53308,5329733
11093,joshuaspence,14,0.00026,4771888,89.53334,5329733
11094,jputrino,14,0.00026,4771902,89.53360,5329733
11095,jquense,14,0.00026,4771916,89.53387,5329733
11096,jsharpe,14,0.00026,4771930,89.53413,5329733
11097,jsolbrig,14,0.00026,4771944,89.53439,5329733
11098,juanluisvaladas,14,0.00026,4771958,89.53465,5329733
11099,juergenhoetzel,14,0.00026,4771972,89.53492,5329733
11100,juneldnerosa23,14,0.00026,4771986,89.53518,5329733
11101,jurgenhaas,14,0.00026,4772000,89.53544,5329733
11102,kalise,14,0.00026,4772014,89.53570,5329733
11103,katcipis,14,0.00026,4772028,89.53597,5329733
11104,kavehmz,14,0.00026,4772042,89.53623,5329733
11105,kbalka,14,0.00026,4772056,89.53649,5329733
11106,kenmoore,14,0.00026,4772070,89.53676,5329733
11107,kevmoo,14,0.00026,4772084,89.53702,5329733
11108,kivikakk,14,0.00026,4772098,89.53728,5329733
11109,KostyaSha,14,0.00026,4772112,89.53754,5329733
11110,kraj,14,0.00026,4772126,89.53781,5329733
11111,ksophocleous,14,0.00026,4772140,89.53807,5329733
11112,kyleconroy,14,0.00026,4772154,89.53833,5329733
11113,lamek,14,0.00026,4772168,89.53859,5329733
11114,larmog,14,0.00026,4772182,89.53886,5329733
11115,ldd91,14,0.00026,4772196,89.53912,5329733
11116,lei-tang,14,0.00026,4772210,89.53938,5329733
11117,lewiscowper,14,0.00026,4772224,89.53964,5329733
11118,lightpriest,14,0.00026,4772238,89.53991,5329733
11119,LinEricYang,14,0.00026,4772252,89.54017,5329733
11120,liron-l,14,0.00026,4772266,89.54043,5329733
11121,liuzheng,14,0.00026,4772280,89.54070,5329733
11122,lmzqwer2,14,0.00026,4772294,89.54096,5329733
11123,loewenstein,14,0.00026,4772308,89.54122,5329733
11124,lokanadham100,14,0.00026,4772322,89.54148,5329733
11125,luhn,14,0.00026,4772336,89.54175,5329733
11126,luizbafilho,14,0.00026,4772350,89.54201,5329733
11127,lypht,14,0.00026,4772364,89.54227,5329733
11128,maci0,14,0.00026,4772378,89.54253,5329733
11129,mackeyja92,14,0.00026,4772392,89.54280,5329733
11130,Manuri,14,0.00026,4772406,89.54306,5329733
11131,marcacohen,14,0.00026,4772420,89.54332,5329733
11132,marcbachmann,14,0.00026,4772434,89.54359,5329733
11133,marekaf,14,0.00026,4772448,89.54385,5329733
11134,Mario54,14,0.00026,4772462,89.54411,5329733
11135,MarkFreebairn,14,0.00026,4772476,89.54437,5329733
11136,masahide,14,0.00026,4772490,89.54464,5329733
11137,matheusneder,14,0.00026,4772504,89.54490,5329733
11138,mattmendick,14,0.00026,4772518,89.54516,5329733
11139,mattrobenolt,14,0.00026,4772532,89.54542,5329733
11140,maximbaz,14,0.00026,4772546,89.54569,5329733
11141,mburtless,14,0.00026,4772560,89.54595,5329733
11142,mdonkers,14,0.00026,4772574,89.54621,5329733
11143,Mistobaan,14,0.00026,4772588,89.54647,5329733
11144,mkogan1,14,0.00026,4772602,89.54674,5329733
11145,mojochao,14,0.00026,4772616,89.54700,5329733
11146,mootpt,14,0.00026,4772630,89.54726,5329733
11147,moutai,14,0.00026,4772644,89.54753,5329733
11148,mpeltonen,14,0.00026,4772658,89.54779,5329733
11149,mychen66,14,0.00026,4772672,89.54805,5329733
11150,mynameiswhm,14,0.00026,4772686,89.54831,5329733
11151,nickbroon,14,0.00026,4772700,89.54858,5329733
11152,nicolaiskogheim,14,0.00026,4772714,89.54884,5329733
11153,nicolerenee,14,0.00026,4772728,89.54910,5329733
11154,noelbundick,14,0.00026,4772742,89.54936,5329733
11155,norbertbuchmueller,14,0.00026,4772756,89.54963,5329733
11156,olamy,14,0.00026,4772770,89.54989,5329733
11157,olblak,14,0.00026,4772784,89.55015,5329733
11158,oneilcin,14,0.00026,4772798,89.55041,5329733
11159,palade,14,0.00026,4772812,89.55068,5329733
11160,pat2man,14,0.00026,4772826,89.55094,5329733
11161,perrymanuk,14,0.00026,4772840,89.55120,5329733
11162,peterbale,14,0.00026,4772854,89.55147,5329733
11163,physcat,14,0.00026,4772868,89.55173,5329733
11164,pnyheim,14,0.00026,4772882,89.55199,5329733
11165,primalmotion,14,0.00026,4772896,89.55225,5329733
11166,privalof,14,0.00026,4772910,89.55252,5329733
11167,Qwerios,14,0.00026,4772924,89.55278,5329733
11168,radeksimko,14,0.00026,4772938,89.55304,5329733
11169,rassie,14,0.00026,4772952,89.55330,5329733
11170,redhotpenguin,14,0.00026,4772966,89.55357,5329733
11171,reidab,14,0.00026,4772980,89.55383,5329733
11172,rfvermut,14,0.00026,4772994,89.55409,5329733
11173,rishabh96b,14,0.00026,4773008,89.55435,5329733
11174,rolpat,14,0.00026,4773022,89.55462,5329733
11175,RoyJacobs,14,0.00026,4773036,89.55488,5329733
11176,rst0git,14,0.00026,4773050,89.55514,5329733
11177,rtmie,14,0.00026,4773064,89.55541,5329733
11178,rucciva,14,0.00026,4773078,89.55567,5329733
11179,rugwirobaker,14,0.00026,4773092,89.55593,5329733
11180,rwehner,14,0.00026,4773106,89.55619,5329733
11181,Satvindar,14,0.00026,4773120,89.55646,5329733
11182,scboffspring,14,0.00026,4773134,89.55672,5329733
11183,Schnitzel,14,0.00026,4773148,89.55698,5329733
11184,scottmwebber,14,0.00026,4773162,89.55724,5329733
11185,shanna,14,0.00026,4773176,89.55751,5329733
11186,skreuzer,14,0.00026,4773190,89.55777,5329733
11187,sladyn98,14,0.00026,4773204,89.55803,5329733
11188,splisson-altair,14,0.00026,4773218,89.55829,5329733
11189,suleisl2000,14,0.00026,4773232,89.55856,5329733
11190,svozza,14,0.00026,4773246,89.55882,5329733
11191,tangfeixiong,14,0.00026,4773260,89.55908,5329733
11192,taxpon,14,0.00026,4773274,89.55935,5329733
11193,tbouvet,14,0.00026,4773288,89.55961,5329733
11194,thirdeyenick,14,0.00026,4773302,89.55987,5329733
11195,thomaso-mirodin,14,0.00026,4773316,89.56013,5329733
11196,tiagomeireles,14,0.00026,4773330,89.56040,5329733
11197,timboudreau,14,0.00026,4773344,89.56066,5329733
11198,TimvdLippe,14,0.00026,4773358,89.56092,5329733
11199,tonyd3,14,0.00026,4773372,89.56118,5329733
11200,tonytcampbell,14,0.00026,4773386,89.56145,5329733
11201,topikachu,14,0.00026,4773400,89.56171,5329733
11202,toshi0607,14,0.00026,4773414,89.56197,5329733
11203,tthebst,14,0.00026,4773428,89.56224,5329733
11204,tunblr,14,0.00026,4773442,89.56250,5329733
11205,tylercloke,14,0.00026,4773456,89.56276,5329733
11206,var-const,14,0.00026,4773470,89.56302,5329733
11207,VDuleb,14,0.00026,4773484,89.56329,5329733
11208,vermavis,14,0.00026,4773498,89.56355,5329733
11209,Vlatombe,14,0.00026,4773512,89.56381,5329733
11210,vuil,14,0.00026,4773526,89.56407,5329733
11211,wannabesrevenge,14,0.00026,4773540,89.56434,5329733
11212,westurner,14,0.00026,4773554,89.56460,5329733
11213,willseeyou,14,0.00026,4773568,89.56486,5329733
11214,wombat,14,0.00026,4773582,89.56512,5329733
11215,x1022as,14,0.00026,4773596,89.56539,5329733
11216,xfxyjwf,14,0.00026,4773610,89.56565,5329733
11217,xtellurian,14,0.00026,4773624,89.56591,5329733
11218,xuechunL,14,0.00026,4773638,89.56618,5329733
11219,Xuxe,14,0.00026,4773652,89.56644,5329733
11220,yebrahim,14,0.00026,4773666,89.56670,5329733
11221,yoanisgil,14,0.00026,4773680,89.56696,5329733
11222,yuansisi,14,0.00026,4773694,89.56723,5329733
11223,yuansmin,14,0.00026,4773708,89.56749,5329733
11224,yubobo,14,0.00026,4773722,89.56775,5329733
11225,zscholl,14,0.00026,4773736,89.56801,5329733
11226,zwopiR,14,0.00026,4773750,89.56828,5329733
11227,AarshiyaGuneja,13,0.00024,4773763,89.56852,5329733
11228,AbdullahBM,13,0.00024,4773776,89.56876,5329733
11229,adambom,13,0.00024,4773789,89.56901,5329733
11230,adjackura,13,0.00024,4773802,89.56925,5329733
11231,agemooij,13,0.00024,4773815,89.56950,5329733
11232,albatross0,13,0.00024,4773828,89.56974,5329733
11233,albertocsm,13,0.00024,4773841,89.56998,5329733
11234,AlbertoPeon,13,0.00024,4773854,89.57023,5329733
11235,alexouzounis,13,0.00024,4773867,89.57047,5329733
11236,aloktiagi,13,0.00024,4773880,89.57072,5329733
11237,amyth,13,0.00024,4773893,89.57096,5329733
11238,andrewsomething,13,0.00024,4773906,89.57120,5329733
11239,andybug,13,0.00024,4773919,89.57145,5329733
11240,andy-v-h,13,0.00024,4773932,89.57169,5329733
11241,antonmatsiuk,13,0.00024,4773945,89.57194,5329733
11242,appledaily0,13,0.00024,4773958,89.57218,5329733
11243,aravinder111,13,0.00024,4773971,89.57242,5329733
11244,arugaki,13,0.00024,4773984,89.57267,5329733
11245,aslafy-z,13,0.00024,4773997,89.57291,5329733
11246,astoycos,13,0.00024,4774010,89.57315,5329733
11247,b2jrock,13,0.00024,4774023,89.57340,5329733
11248,baichinger,13,0.00024,4774036,89.57364,5329733
11249,bartosh,13,0.00024,4774049,89.57389,5329733
11250,bat9r,13,0.00024,4774062,89.57413,5329733
11251,bb1314,13,0.00024,4774075,89.57437,5329733
11252,bcotton,13,0.00024,4774088,89.57462,5329733
11253,benbc,13,0.00024,4774101,89.57486,5329733
11254,berendt,13,0.00024,4774114,89.57511,5329733
11255,Bert-R,13,0.00024,4774127,89.57535,5329733
11256,billowqiu,13,0.00024,4774140,89.57559,5329733
11257,bkim54,13,0.00024,4774153,89.57584,5329733
11258,blelump,13,0.00024,4774166,89.57608,5329733
11259,blowdart,13,0.00024,4774179,89.57633,5329733
11260,brycecarman,13,0.00024,4774192,89.57657,5329733
11261,cagrev,13,0.00024,4774205,89.57681,5329733
11262,camilorivera,13,0.00024,4774218,89.57706,5329733
11263,carolove,13,0.00024,4774231,89.57730,5329733
11264,cedrickring,13,0.00024,4774244,89.57755,5329733
11265,cgruver,13,0.00024,4774257,89.57779,5329733
11266,Chilledheart,13,0.00024,4774270,89.57803,5329733
11267,christianvogt,13,0.00024,4774283,89.57828,5329733
11268,chymy,13,0.00024,4774296,89.57852,5329733
11269,cjauvin,13,0.00024,4774309,89.57877,5329733
11270,cjdcordeiro,13,0.00024,4774322,89.57901,5329733
11271,cmendible,13,0.00024,4774335,89.57925,5329733
11272,colthreepv,13,0.00024,4774348,89.57950,5329733
11273,cosmok,13,0.00024,4774361,89.57974,5329733
11274,crobby,13,0.00024,4774374,89.57998,5329733
11275,cschwede,13,0.00024,4774387,89.58023,5329733
11276,ctrox,13,0.00024,4774400,89.58047,5329733
11277,cwiggs,13,0.00024,4774413,89.58072,5329733
11278,daconstenla,13,0.00024,4774426,89.58096,5329733
11279,DanielXLee,13,0.00024,4774439,89.58120,5329733
11280,DavidJSykes,13,0.00024,4774452,89.58145,5329733
11281,davidkazuhiro,13,0.00024,4774465,89.58169,5329733
11282,dbavatar,13,0.00024,4774478,89.58194,5329733
11283,devimc,13,0.00024,4774491,89.58218,5329733
11284,diogogmt,13,0.00024,4774504,89.58242,5329733
11285,dongziming,13,0.00024,4774517,89.58267,5329733
11286,drazhanski,13,0.00024,4774530,89.58291,5329733
11287,dren-dk,13,0.00024,4774543,89.58316,5329733
11288,drf,13,0.00024,4774556,89.58340,5329733
11289,drx777,13,0.00024,4774569,89.58364,5329733
11290,elwinar,13,0.00024,4774582,89.58389,5329733
11291,Erik-Securenative,13,0.00024,4774595,89.58413,5329733
11292,erkolson,13,0.00024,4774608,89.58438,5329733
11293,ernadh,13,0.00024,4774621,89.58462,5329733
11294,ernestojeda,13,0.00024,4774634,89.58486,5329733
11295,f1yegor,13,0.00024,4774647,89.58511,5329733
11296,fbsolo,13,0.00024,4774660,89.58535,5329733
11297,felixest,13,0.00024,4774673,89.58559,5329733
11298,ffscl,13,0.00024,4774686,89.58584,5329733
11299,fjaeckel,13,0.00024,4774699,89.58608,5329733
11300,florianb,13,0.00024,4774712,89.58633,5329733
11301,gfelixc,13,0.00024,4774725,89.58657,5329733
11302,gflarity,13,0.00024,4774738,89.58681,5329733
11303,giovannicandido,13,0.00024,4774751,89.58706,5329733
11304,gorozcoh,13,0.00024,4774764,89.58730,5329733
11305,gregeinfrank,13,0.00024,4774777,89.58755,5329733
11306,GregHanson,13,0.00024,4774790,89.58779,5329733
11307,gsr-shanks,13,0.00024,4774803,89.58803,5329733
11308,heshamMassoud,13,0.00024,4774816,89.58828,5329733
11309,hfzqls,13,0.00024,4774829,89.58852,5329733
11310,hjfreyer,13,0.00024,4774842,89.58877,5329733
11311,hoatle,13,0.00024,4774855,89.58901,5329733
11312,hTrap,13,0.00024,4774868,89.58925,5329733
11313,hwchiu,13,0.00024,4774881,89.58950,5329733
11314,ibreakthecloud,13,0.00024,4774894,89.58974,5329733
11315,imba-tjd,13,0.00024,4774907,89.58999,5329733
11316,insomniacslk,13,0.00024,4774920,89.59023,5329733
11317,irasnyd,13,0.00024,4774933,89.59047,5329733
11318,ivange94,13,0.00024,4774946,89.59072,5329733
11319,Jakeeyturner,13,0.00024,4774959,89.59096,5329733
11320,jamespic,13,0.00024,4774972,89.59120,5329733
11321,jamiesmith,13,0.00024,4774985,89.59145,5329733
11322,jba,13,0.00024,4774998,89.59169,5329733
11323,jeady,13,0.00024,4775011,89.59194,5329733
11324,jevonearth,13,0.00024,4775024,89.59218,5329733
11325,jfathman,13,0.00024,4775037,89.59242,5329733
11326,jfouchard,13,0.00024,4775050,89.59267,5329733
11327,jiaweizhou,13,0.00024,4775063,89.59291,5329733
11328,joar,13,0.00024,4775076,89.59316,5329733
11329,John-Lin,13,0.00024,4775089,89.59340,5329733
11330,johnlinp,13,0.00024,4775102,89.59364,5329733
11331,johnmccabe,13,0.00024,4775115,89.59389,5329733
11332,johnsca,13,0.00024,4775128,89.59413,5329733
11333,JonathanSerafini,13,0.00024,4775141,89.59438,5329733
11334,josephschorr,13,0.00024,4775154,89.59462,5329733
11335,joshperry,13,0.00024,4775167,89.59486,5329733
11336,joshwget,13,0.00024,4775180,89.59511,5329733
11337,jrynyt,13,0.00024,4775193,89.59535,5329733
11338,JWimsingues,13,0.00024,4775206,89.59560,5329733
11339,jzeng4,13,0.00024,4775219,89.59584,5329733
11340,k0kubun,13,0.00024,4775232,89.59608,5329733
11341,KatherineMelnyk,13,0.00024,4775245,89.59633,5329733
11342,kevinburke,13,0.00024,4775258,89.59657,5329733
11343,KevinPike,13,0.00024,4775271,89.59681,5329733
11344,kopper,13,0.00024,4775284,89.59706,5329733
11345,KoryNunn,13,0.00024,4775297,89.59730,5329733
11346,ktdreyer,13,0.00024,4775310,89.59755,5329733
11347,kumaralokgithub,13,0.00024,4775323,89.59779,5329733
11348,kylegordon,13,0.00024,4775336,89.59803,5329733
11349,Lazyshot,13,0.00024,4775349,89.59828,5329733
11350,lberk,13,0.00024,4775362,89.59852,5329733
11351,lfdversluis,13,0.00024,4775375,89.59877,5329733
11352,liudalibj,13,0.00024,4775388,89.59901,5329733
11353,lmickh,13,0.00024,4775401,89.59925,5329733
11354,louisblin,13,0.00024,4775414,89.59950,5329733
11355,lpmi-13,13,0.00024,4775427,89.59974,5329733
11356,lrakai,13,0.00024,4775440,89.59999,5329733
11357,LRuttenCN,13,0.00024,4775453,89.60023,5329733
11358,luisbrandao,13,0.00024,4775466,89.60047,5329733
11359,Malinskiy,13,0.00024,4775479,89.60072,5329733
11360,marktheunissen,13,0.00024,4775492,89.60096,5329733
11361,marshallbrekka,13,0.00024,4775505,89.60121,5329733
11362,mbrannock,13,0.00024,4775518,89.60145,5329733
11363,mehdy,13,0.00024,4775531,89.60169,5329733
11364,mellena1,13,0.00024,4775544,89.60194,5329733
11365,mennanov,13,0.00024,4775557,89.60218,5329733
11366,mfouilleul,13,0.00024,4775570,89.60242,5329733
11367,micahlmartin,13,0.00024,4775583,89.60267,5329733
11368,midoblgsm,13,0.00024,4775596,89.60291,5329733
11369,Mike-Landers,13,0.00024,4775609,89.60316,5329733
11370,mirosval,13,0.00024,4775622,89.60340,5329733
11371,mjura,13,0.00024,4775635,89.60364,5329733
11372,mohamadnikan2013,13,0.00024,4775648,89.60389,5329733
11373,mrcdb,13,0.00024,4775661,89.60413,5329733
11374,msolters,13,0.00024,4775674,89.60438,5329733
11375,muralov,13,0.00024,4775687,89.60462,5329733
11376,nakato,13,0.00024,4775700,89.60486,5329733
11377,nchrisdk,13,0.00024,4775713,89.60511,5329733
11378,nerdyness,13,0.00024,4775726,89.60535,5329733
11379,nickleefly,13,0.00024,4775739,89.60560,5329733
11380,nikkibeesetti,13,0.00024,4775752,89.60584,5329733
11381,NillsF,13,0.00024,4775765,89.60608,5329733
11382,Nitecon,13,0.00024,4775778,89.60633,5329733
11383,nmandery,13,0.00024,4775791,89.60657,5329733
11384,omerzach,13,0.00024,4775804,89.60682,5329733
11385,pabelanger,13,0.00024,4775817,89.60706,5329733
11386,pattyshack,13,0.00024,4775830,89.60730,5329733
11387,paul-rogers,13,0.00024,4775843,89.60755,5329733
11388,pavel-mikhalchuk,13,0.00024,4775856,89.60779,5329733
11389,pengdake,13,0.00024,4775869,89.60803,5329733
11390,PeterDaveHello,13,0.00024,4775882,89.60828,5329733
11391,pgray,13,0.00024,4775895,89.60852,5329733
11392,pliurh,13,0.00024,4775908,89.60877,5329733
11393,psanford,13,0.00024,4775921,89.60901,5329733
11394,purple4reina,13,0.00024,4775934,89.60925,5329733
11395,pwaller,13,0.00024,4775947,89.60950,5329733
11396,qiupeng-huacloud,13,0.00024,4775960,89.60974,5329733
11397,qubusp,13,0.00024,4775973,89.60999,5329733
11398,rachelleahklein,13,0.00024,4775986,89.61023,5329733
11399,rafik8,13,0.00024,4775999,89.61047,5329733
11400,rastislavszabo,13,0.00024,4776012,89.61072,5329733
11401,redborian,13,0.00024,4776025,89.61096,5329733
11402,Redlinkk,13,0.00024,4776038,89.61121,5329733
11403,remohammadi,13,0.00024,4776051,89.61145,5329733
11404,renning22,13,0.00024,4776064,89.61169,5329733
11405,repejota,13,0.00024,4776077,89.61194,5329733
11406,riywo,13,0.00024,4776090,89.61218,5329733
11407,robbiemcmichael,13,0.00024,4776103,89.61243,5329733
11408,rodrigocmn,13,0.00024,4776116,89.61267,5329733
11409,rossbachp,13,0.00024,4776129,89.61291,5329733
11410,rpocase,13,0.00024,4776142,89.61316,5329733
11411,rupalibehera,13,0.00024,4776155,89.61340,5329733
11412,rvandegrift,13,0.00024,4776168,89.61364,5329733
11413,sah4ez,13,0.00024,4776181,89.61389,5329733
11414,salekseev,13,0.00024,4776194,89.61413,5329733
11415,sanverm2,13,0.00024,4776207,89.61438,5329733
11416,sathiyas,13,0.00024,4776220,89.61462,5329733
11417,sayak119,13,0.00024,4776233,89.61486,5329733
11418,scottfrederick,13,0.00024,4776246,89.61511,5329733
11419,sferich888,13,0.00024,4776259,89.61535,5329733
11420,ShimiT,13,0.00024,4776272,89.61560,5329733
11421,silasb,13,0.00024,4776285,89.61584,5329733
11422,sivasamyk,13,0.00024,4776298,89.61608,5329733
11423,skudriashev,13,0.00024,4776311,89.61633,5329733
11424,slobodyanyuk,13,0.00024,4776324,89.61657,5329733
11425,soellman,13,0.00024,4776337,89.61682,5329733
11426,sonnysideup,13,0.00024,4776350,89.61706,5329733
11427,sonnyvan,13,0.00024,4776363,89.61730,5329733
11428,soujiro32167,13,0.00024,4776376,89.61755,5329733
11429,spanichella,13,0.00024,4776389,89.61779,5329733
11430,ssboisen,13,0.00024,4776402,89.61804,5329733
11431,ssteo,13,0.00024,4776415,89.61828,5329733
11432,stieler-it,13,0.00024,4776428,89.61852,5329733
11433,sunshangpp,13,0.00024,4776441,89.61877,5329733
11434,sylvainmouquet,13,0.00024,4776454,89.61901,5329733
11435,t-8ch,13,0.00024,4776467,89.61925,5329733
11436,Taik,13,0.00024,4776480,89.61950,5329733
11437,tdemaret,13,0.00024,4776493,89.61974,5329733
11438,terjesannum,13,0.00024,4776506,89.61999,5329733
11439,thomasdarimont,13,0.00024,4776519,89.62023,5329733
11440,thorhs,13,0.00024,4776532,89.62047,5329733
11441,thrawn01,13,0.00024,4776545,89.62072,5329733
11442,tianquan23,13,0.00024,4776558,89.62096,5329733
11443,timh,13,0.00024,4776571,89.62121,5329733
11444,TimoL,13,0.00024,4776584,89.62145,5329733
11445,tim-zju,13,0.00024,4776597,89.62169,5329733
11446,tksm,13,0.00024,4776610,89.62194,5329733
11447,tmlbl,13,0.00024,4776623,89.62218,5329733
11448,tmmorin,13,0.00024,4776636,89.62243,5329733
11449,ts4z,13,0.00024,4776649,89.62267,5329733
11450,ttelfer,13,0.00024,4776662,89.62291,5329733
11451,ttomsu,13,0.00024,4776675,89.62316,5329733
11452,twang2218,13,0.00024,4776688,89.62340,5329733
11453,tyangliu,13,0.00024,4776701,89.62365,5329733
11454,unterstein,13,0.00024,4776714,89.62389,5329733
11455,vincent99,13,0.00024,4776727,89.62413,5329733
11456,vorlonofportland,13,0.00024,4776740,89.62438,5329733
11457,waseem,13,0.00024,4776753,89.62462,5329733
11458,waynepeking348,13,0.00024,4776766,89.62486,5329733
11459,weisongf,13,0.00024,4776779,89.62511,5329733
11460,welshDoug,13,0.00024,4776792,89.62535,5329733
11461,whitmo,13,0.00024,4776805,89.62560,5329733
11462,wkubiak,13,0.00024,4776818,89.62584,5329733
11463,wojciechka,13,0.00024,4776831,89.62608,5329733
11464,workflow,13,0.00024,4776844,89.62633,5329733
11465,wpalmeri,13,0.00024,4776857,89.62657,5329733
11466,yissacharcw,13,0.00024,4776870,89.62682,5329733
11467,youreddy,13,0.00024,4776883,89.62706,5329733
11468,ypu,13,0.00024,4776896,89.62730,5329733
11469,yunlzheng,13,0.00024,4776909,89.62755,5329733
11470,zshi-redhat,13,0.00024,4776922,89.62779,5329733
11471,ztewyk,13,0.00024,4776935,89.62804,5329733
11472,7ing,12,0.00023,4776947,89.62826,5329733
11473,acro5piano,12,0.00023,4776959,89.62849,5329733
11474,adarshaj,12,0.00023,4776971,89.62871,5329733
11475,adivinho,12,0.00023,4776983,89.62894,5329733
11476,aisotton,12,0.00023,4776995,89.62916,5329733
11477,akshayjshah,12,0.00023,4777007,89.62939,5329733
11478,akshayzendesk,12,0.00023,4777019,89.62961,5329733
11479,al3xisb,12,0.00023,4777031,89.62984,5329733
11480,alaiacano,12,0.00023,4777043,89.63006,5329733
11481,aleonidex,12,0.00023,4777055,89.63029,5329733
11482,alexandernilsson,12,0.00023,4777067,89.63051,5329733
11483,alkaliphile,12,0.00023,4777079,89.63074,5329733
11484,allevato,12,0.00023,4777091,89.63096,5329733
11485,amrutac,12,0.00023,4777103,89.63119,5329733
11486,atinsood,12,0.00023,4777115,89.63141,5329733
11487,atomantic,12,0.00023,4777127,89.63164,5329733
11488,avkonst,12,0.00023,4777139,89.63186,5329733
11489,awdrius,12,0.00023,4777151,89.63209,5329733
11490,barbia,12,0.00023,4777163,89.63231,5329733
11491,bdurette,12,0.00023,4777175,89.63254,5329733
11492,bekbulatov,12,0.00023,4777187,89.63276,5329733
11493,bgilbert,12,0.00023,4777199,89.63299,5329733
11494,bhegazy,12,0.00023,4777211,89.63321,5329733
11495,bmicklea,12,0.00023,4777223,89.63344,5329733
11496,bobsky,12,0.00023,4777235,89.63366,5329733
11497,bostrt,12,0.00023,4777247,89.63389,5329733
11498,bottkars,12,0.00023,4777259,89.63411,5329733
11499,brantlk,12,0.00023,4777271,89.63434,5329733
11500,brimworks,12,0.00023,4777283,89.63457,5329733
11501,bruceauyeung,12,0.00023,4777295,89.63479,5329733
11502,brunoban,12,0.00023,4777307,89.63502,5329733
11503,buo,12,0.00023,4777319,89.63524,5329733
11504,burgwyn,12,0.00023,4777331,89.63547,5329733
11505,bzz,12,0.00023,4777343,89.63569,5329733
11506,caleblloyd,12,0.00023,4777355,89.63592,5329733
11507,carolkng,12,0.00023,4777367,89.63614,5329733
11508,celebdor,12,0.00023,4777379,89.63637,5329733
11509,chaolou,12,0.00023,4777391,89.63659,5329733
11510,chaudum,12,0.00023,4777403,89.63682,5329733
11511,cjhomour,12,0.00023,4777415,89.63704,5329733
11512,cloudnautique,12,0.00023,4777427,89.63727,5329733
11513,cmachler,12,0.00023,4777439,89.63749,5329733
11514,cnuss,12,0.00023,4777451,89.63772,5329733
11515,colonelmo,12,0.00023,4777463,89.63794,5329733
11516,cpeel,12,0.00023,4777475,89.63817,5329733
11517,cpswan,12,0.00023,4777487,89.63839,5329733
11518,craffert0,12,0.00023,4777499,89.63862,5329733
11519,craigfurman,12,0.00023,4777511,89.63884,5329733
11520,cricket007,12,0.00023,4777523,89.63907,5329733
11521,CSharpRU,12,0.00023,4777535,89.63929,5329733
11522,cstlaurent,12,0.00023,4777547,89.63952,5329733
11523,cyberh0me,12,0.00023,4777559,89.63974,5329733
11524,danieldabate,12,0.00023,4777571,89.63997,5329733
11525,danni-m,12,0.00023,4777583,89.64019,5329733
11526,DavidWittman,12,0.00023,4777595,89.64042,5329733
11527,Devatoria,12,0.00023,4777607,89.64064,5329733
11528,dgildeh,12,0.00023,4777619,89.64087,5329733
11529,dhrp,12,0.00023,4777631,89.64109,5329733
11530,Digi59404,12,0.00023,4777643,89.64132,5329733
11531,dileepfrog,12,0.00023,4777655,89.64154,5329733
11532,Dimss,12,0.00023,4777667,89.64177,5329733
11533,dkuerner,12,0.00023,4777679,89.64200,5329733
11534,dnoliver,12,0.00023,4777691,89.64222,5329733
11535,doanac,12,0.00023,4777703,89.64245,5329733
11536,docwhat,12,0.00023,4777715,89.64267,5329733
11537,donato,12,0.00023,4777727,89.64290,5329733
11538,dorsanyvision,12,0.00023,4777739,89.64312,5329733
11539,dsalamancaMS,12,0.00023,4777751,89.64335,5329733
11540,dtan4,12,0.00023,4777763,89.64357,5329733
11541,dturanski,12,0.00023,4777775,89.64380,5329733
11542,dzolotusky,12,0.00023,4777787,89.64402,5329733
11543,edgarlanting,12,0.00023,4777799,89.64425,5329733
11544,eguven,12,0.00023,4777811,89.64447,5329733
11545,ekapratama93,12,0.00023,4777823,89.64470,5329733
11546,Eochs,12,0.00023,4777835,89.64492,5329733
11547,esnible,12,0.00023,4777847,89.64515,5329733
11548,euan-tilley,12,0.00023,4777859,89.64537,5329733
11549,ewoutp,12,0.00023,4777871,89.64560,5329733
11550,farnasirim,12,0.00023,4777883,89.64582,5329733
11551,fhoy,12,0.00023,4777895,89.64605,5329733
11552,FutureSharks,12,0.00023,4777907,89.64627,5329733
11553,gabrieljackson,12,0.00023,4777919,89.64650,5329733
11554,GauntletWizard,12,0.00023,4777931,89.64672,5329733
11555,gcs-github,12,0.00023,4777943,89.64695,5329733
11556,gebi,12,0.00023,4777955,89.64717,5329733
11557,gkop,12,0.00023,4777967,89.64740,5329733
11558,govindgoel,12,0.00023,4777979,89.64762,5329733
11559,graingert,12,0.00023,4777991,89.64785,5329733
11560,grayside,12,0.00023,4778003,89.64807,5329733
11561,guangyouyu,12,0.00023,4778015,89.64830,5329733
11562,guohaifang,12,0.00023,4778027,89.64852,5329733
11563,gupta-ak,12,0.00023,4778039,89.64875,5329733
11564,hemanthmalla,12,0.00023,4778051,89.64897,5329733
11565,Henrod,12,0.00023,4778063,89.64920,5329733
11566,hhtpcd,12,0.00023,4778075,89.64943,5329733
11567,hyunsun,12,0.00023,4778087,89.64965,5329733
11568,hzariv,12,0.00023,4778099,89.64988,5329733
11569,idcrosby,12,0.00023,4778111,89.65010,5329733
11570,idryomov,12,0.00023,4778123,89.65033,5329733
11571,iredwards,12,0.00023,4778135,89.65055,5329733
11572,ishankhare07,12,0.00023,4778147,89.65078,5329733
11573,itsc0lin,12,0.00023,4778159,89.65100,5329733
11574,j14s,12,0.00023,4778171,89.65123,5329733
11575,jakekeeys,12,0.00023,4778183,89.65145,5329733
11576,jamesgunnfiveai,12,0.00023,4778195,89.65168,5329733
11577,jason-magnetic-io,12,0.00023,4778207,89.65190,5329733
11578,javanthropus,12,0.00023,4778219,89.65213,5329733
11579,jaydipdave,12,0.00023,4778231,89.65235,5329733
11580,jbarratt,12,0.00023,4778243,89.65258,5329733
11581,jbdalido,12,0.00023,4778255,89.65280,5329733
11582,jcrugzz,12,0.00023,4778267,89.65303,5329733
11583,jdbaldry,12,0.00023,4778279,89.65325,5329733
11584,jdu,12,0.00023,4778291,89.65348,5329733
11585,jeffpearce,12,0.00023,4778303,89.65370,5329733
11586,jeffreystoke,12,0.00023,4778315,89.65393,5329733
11587,jeremyvisser,12,0.00023,4778327,89.65415,5329733
11588,jhesketh,12,0.00023,4778339,89.65438,5329733
11589,jhoch-palantir,12,0.00023,4778351,89.65460,5329733
11590,jianhuabi,12,0.00023,4778363,89.65483,5329733
11591,Jinchul81,12,0.00023,4778375,89.65505,5329733
11592,jmsutorus,12,0.00023,4778387,89.65528,5329733
11593,jonaskint,12,0.00023,4778399,89.65550,5329733
11594,JRonak,12,0.00023,4778411,89.65573,5329733
11595,jshaughn,12,0.00023,4778423,89.65595,5329733
11596,jupierce,12,0.00023,4778435,89.65618,5329733
11597,kalinon,12,0.00023,4778447,89.65640,5329733
11598,kdembler,12,0.00023,4778459,89.65663,5329733
11599,kdombeck,12,0.00023,4778471,89.65686,5329733
11600,kealexan,12,0.00023,4778483,89.65708,5329733
11601,kevinjkj,12,0.00023,4778495,89.65731,5329733
11602,kevinzs2048,12,0.00023,4778507,89.65753,5329733
11603,kiates,12,0.00023,4778519,89.65776,5329733
11604,kimsterv,12,0.00023,4778531,89.65798,5329733
11605,KinOSurvival,12,0.00023,4778543,89.65821,5329733
11606,kjmkznr,12,0.00023,4778555,89.65843,5329733
11607,kopasiak,12,0.00023,4778567,89.65866,5329733
11608,krotscheck,12,0.00023,4778579,89.65888,5329733
11609,kuenishi,12,0.00023,4778591,89.65911,5329733
11610,kw217,12,0.00023,4778603,89.65933,5329733
11611,labsvisual,12,0.00023,4778615,89.65956,5329733
11612,LanceH,12,0.00023,4778627,89.65978,5329733
11613,laszlocsomor,12,0.00023,4778639,89.66001,5329733
11614,lenage,12,0.00023,4778651,89.66023,5329733
11615,leoluk,12,0.00023,4778663,89.66046,5329733
11616,liusheng,12,0.00023,4778675,89.66068,5329733
11617,ljfranklin,12,0.00023,4778687,89.66091,5329733
11618,logan,12,0.00023,4778699,89.66113,5329733
11619,loginakhil,12,0.00023,4778711,89.66136,5329733
11620,louismunro,12,0.00023,4778723,89.66158,5329733
11621,luckylittle,12,0.00023,4778735,89.66181,5329733
11622,LukaszMarchewka,12,0.00023,4778747,89.66203,5329733
11623,lukibahr,12,0.00023,4778759,89.66226,5329733
11624,mahdi-asadpour-rr,12,0.00023,4778771,89.66248,5329733
11625,MalteJ,12,0.00023,4778783,89.66271,5329733
11626,manlinl,12,0.00023,4778795,89.66293,5329733
11627,manuelbuil,12,0.00023,4778807,89.66316,5329733
11628,maprietom,12,0.00023,4778819,89.66338,5329733
11629,MarkRx,12,0.00023,4778831,89.66361,5329733
11630,Marlinc,12,0.00023,4778843,89.66383,5329733
11631,mat-green,12,0.00023,4778855,89.66406,5329733
11632,mathstuf,12,0.00023,4778867,89.66429,5329733
11633,mattbenjamin,12,0.00023,4778879,89.66451,5329733
11634,matthewfischer,12,0.00023,4778891,89.66474,5329733
11635,mattmb,12,0.00023,4778903,89.66496,5329733
11636,mchangxe,12,0.00023,4778915,89.66519,5329733
11637,mdevilliers,12,0.00023,4778927,89.66541,5329733
11638,mdharamadas1,12,0.00023,4778939,89.66564,5329733
11639,mdzoba,12,0.00023,4778951,89.66586,5329733
11640,merlindorin,12,0.00023,4778963,89.66609,5329733
11641,mffrench,12,0.00023,4778975,89.66631,5329733
11642,mfournier,12,0.00023,4778987,89.66654,5329733
11643,MichelDiz,12,0.00023,4778999,89.66676,5329733
11644,michellemcone,12,0.00023,4779011,89.66699,5329733
11645,miclando,12,0.00023,4779023,89.66721,5329733
11646,minac,12,0.00023,4779035,89.66744,5329733
11647,miselin,12,0.00023,4779047,89.66766,5329733
11648,mistydemeo,12,0.00023,4779059,89.66789,5329733
11649,mlambert890b,12,0.00023,4779071,89.66811,5329733
11650,mluedke,12,0.00023,4779083,89.66834,5329733
11651,mmilata,12,0.00023,4779095,89.66856,5329733
11652,mofei2816,12,0.00023,4779107,89.66879,5329733
11653,mohatagarvit,12,0.00023,4779119,89.66901,5329733
11654,mojtabacazi,12,0.00023,4779131,89.66924,5329733
11655,montaro,12,0.00023,4779143,89.66946,5329733
11656,mpvaniersel,12,0.00023,4779155,89.66969,5329733
11657,ms705,12,0.00023,4779167,89.66991,5329733
11658,mtcode,12,0.00023,4779179,89.67014,5329733
11659,mura-s,12,0.00023,4779191,89.67036,5329733
11660,narqo,12,0.00023,4779203,89.67059,5329733
11661,neumino,12,0.00023,4779215,89.67081,5329733
11662,niqdev,12,0.00023,4779227,89.67104,5329733
11663,NiR-,12,0.00023,4779239,89.67126,5329733
11664,nks5295,12,0.00023,4779251,89.67149,5329733
11665,noseka1,12,0.00023,4779263,89.67172,5329733
11666,nrdlngr,12,0.00023,4779275,89.67194,5329733
11667,olukas,12,0.00023,4779287,89.67217,5329733
11668,paradigm,12,0.00023,4779299,89.67239,5329733
11669,PaulVanStaden,12,0.00023,4779311,89.67262,5329733
11670,philpep,12,0.00023,4779323,89.67284,5329733
11671,phinoceslee,12,0.00023,4779335,89.67307,5329733
11672,pmacik,12,0.00023,4779347,89.67329,5329733
11673,poussa,12,0.00023,4779359,89.67352,5329733
11674,prashant182,12,0.00023,4779371,89.67374,5329733
11675,proligde,12,0.00023,4779383,89.67397,5329733
11676,pskiwi,12,0.00023,4779395,89.67419,5329733
11677,puradox,12,0.00023,4779407,89.67442,5329733
11678,rabi,12,0.00023,4779419,89.67464,5329733
11679,RameshaKaru,12,0.00023,4779431,89.67487,5329733
11680,rasikakale,12,0.00023,4779443,89.67509,5329733
11681,REBELinBLUE,12,0.00023,4779455,89.67532,5329733
11682,reidlai,12,0.00023,4779467,89.67554,5329733
11683,rhysh,12,0.00023,4779479,89.67577,5329733
11684,rib,12,0.00023,4779491,89.67599,5329733
11685,rlisagor,12,0.00023,4779503,89.67622,5329733
11686,rltvty,12,0.00023,4779515,89.67644,5329733
11687,rmaugusto,12,0.00023,4779527,89.67667,5329733
11688,rodesousa,12,0.00023,4779539,89.67689,5329733
11689,rwillmer,12,0.00023,4779551,89.67712,5329733
11690,s1113950,12,0.00023,4779563,89.67734,5329733
11691,saidie,12,0.00023,4779575,89.67757,5329733
11692,SaiedKazemi,12,0.00023,4779587,89.67779,5329733
11693,sajuptpm,12,0.00023,4779599,89.67802,5329733
11694,SamFleming,12,0.00023,4779611,89.67824,5329733
11695,saumanbiswas,12,0.00023,4779623,89.67847,5329733
11696,seeker89,12,0.00023,4779635,89.67869,5329733
11697,seils,12,0.00023,4779647,89.67892,5329733
11698,seregayoga,12,0.00023,4779659,89.67915,5329733
11699,stafwag,12,0.00023,4779671,89.67937,5329733
11700,SteelCrow,12,0.00023,4779683,89.67960,5329733
11701,steveruckdashel,12,0.00023,4779695,89.67982,5329733
11702,stevewolter,12,0.00023,4779707,89.68005,5329733
11703,StevTheDev,12,0.00023,4779719,89.68027,5329733
11704,stuartleeks,12,0.00023,4779731,89.68050,5329733
11705,sujeshthekkepatt,12,0.00023,4779743,89.68072,5329733
11706,suntorytimed,12,0.00023,4779755,89.68095,5329733
11707,superdave,12,0.00023,4779767,89.68117,5329733
11708,sureshvis,12,0.00023,4779779,89.68140,5329733
11709,t0mk,12,0.00023,4779791,89.68162,5329733
11710,tantra35,12,0.00023,4779803,89.68185,5329733
11711,tbrandstetter,12,0.00023,4779815,89.68207,5329733
11712,tdbhacks,12,0.00023,4779827,89.68230,5329733
11713,teemow,12,0.00023,4779839,89.68252,5329733
11714,thecrazyrussian,12,0.00023,4779851,89.68275,5329733
11715,thoslin,12,0.00023,4779863,89.68297,5329733
11716,thtanaka,12,0.00023,4779875,89.68320,5329733
11717,tim-seoss,12,0.00023,4779887,89.68342,5329733
11718,tinnou,12,0.00023,4779899,89.68365,5329733
11719,tmxak,12,0.00023,4779911,89.68387,5329733
11720,tobstarr,12,0.00023,4779923,89.68410,5329733
11721,tomzawadzki,12,0.00023,4779935,89.68432,5329733
11722,ublubu,12,0.00023,4779947,89.68455,5329733
11723,vandot,12,0.00023,4779959,89.68477,5329733
11724,vapier,12,0.00023,4779971,89.68500,5329733
11725,vbatoufflet,12,0.00023,4779983,89.68522,5329733
11726,verma-varsha,12,0.00023,4779995,89.68545,5329733
11727,vertti,12,0.00023,4780007,89.68567,5329733
11728,vladvasiliu,12,0.00023,4780019,89.68590,5329733
11729,vosmith,12,0.00023,4780031,89.68612,5329733
11730,wiardvanrij,12,0.00023,4780043,89.68635,5329733
11731,wjimenez5271,12,0.00023,4780055,89.68658,5329733
11732,wyattanderson,12,0.00023,4780067,89.68680,5329733
11733,wyb1,12,0.00023,4780079,89.68703,5329733
11734,xarses,12,0.00023,4780091,89.68725,5329733
11735,xissy,12,0.00023,4780103,89.68748,5329733
11736,YanFenGuo,12,0.00023,4780115,89.68770,5329733
11737,yyb196,12,0.00023,4780127,89.68793,5329733
11738,zakame,12,0.00023,4780139,89.68815,5329733
11739,zeromsi,12,0.00023,4780151,89.68838,5329733
11740,zoni,12,0.00023,4780163,89.68860,5329733
11741,a1exeyz,11,0.00021,4780174,89.68881,5329733
11742,a8m,11,0.00021,4780185,89.68901,5329733
11743,aberfeldy,11,0.00021,4780196,89.68922,5329733
11744,ahawtho,11,0.00021,4780207,89.68943,5329733
11745,ajschlosser,11,0.00021,4780218,89.68963,5329733
11746,akfaew,11,0.00021,4780229,89.68984,5329733
11747,akranga,11,0.00021,4780240,89.69005,5329733
11748,alanyee,11,0.00021,4780251,89.69025,5329733
11749,aldnav,11,0.00021,4780262,89.69046,5329733
11750,AlecTroemel,11,0.00021,4780273,89.69067,5329733
11751,AlphaB,11,0.00021,4780284,89.69087,5329733
11752,andahme,11,0.00021,4780295,89.69108,5329733
11753,andrewrothstein,11,0.00021,4780306,89.69128,5329733
11754,Anumita,11,0.00021,4780317,89.69149,5329733
11755,apaatsio,11,0.00021,4780328,89.69170,5329733
11756,arashkaffamanesh,11,0.00021,4780339,89.69190,5329733
11757,asafyish,11,0.00021,4780350,89.69211,5329733
11758,ashish-uiet,11,0.00021,4780361,89.69232,5329733
11759,astein-te,11,0.00021,4780372,89.69252,5329733
11760,AstromechZA,11,0.00021,4780383,89.69273,5329733
11761,astub,11,0.00021,4780394,89.69294,5329733
11762,aswinkarthik,11,0.00021,4780405,89.69314,5329733
11763,avikivity,11,0.00021,4780416,89.69335,5329733
11764,axelsteingrimsson,11,0.00021,4780427,89.69356,5329733
11765,b0nete,11,0.00021,4780438,89.69376,5329733
11766,banjot,11,0.00021,4780449,89.69397,5329733
11767,bdotdub,11,0.00021,4780460,89.69417,5329733
11768,benbjohnson,11,0.00021,4780471,89.69438,5329733
11769,benwbooth,11,0.00021,4780482,89.69459,5329733
11770,bergerhoffer,11,0.00021,4780493,89.69479,5329733
11771,bethaitman,11,0.00021,4780504,89.69500,5329733
11772,bgauduch,11,0.00021,4780515,89.69521,5329733
11773,bhudlemeyer,11,0.00021,4780526,89.69541,5329733
11774,bingohuang,11,0.00021,4780537,89.69562,5329733
11775,b-m-f,11,0.00021,4780548,89.69583,5329733
11776,boazy,11,0.00021,4780559,89.69603,5329733
11777,bocon13,11,0.00021,4780570,89.69624,5329733
11778,BouweCeunen,11,0.00021,4780581,89.69644,5329733
11779,briancharous,11,0.00021,4780592,89.69665,5329733
11780,BrianMWest,11,0.00021,4780603,89.69686,5329733
11781,bsctl,11,0.00021,4780614,89.69706,5329733
11782,bshelton229,11,0.00021,4780625,89.69727,5329733
11783,bx-julian,11,0.00021,4780636,89.69748,5329733
11784,camilosantana,11,0.00021,4780647,89.69768,5329733
11785,campionfellin,11,0.00021,4780658,89.69789,5329733
11786,cboornaz17,11,0.00021,4780669,89.69810,5329733
11787,charleslieferando,11,0.00021,4780680,89.69830,5329733
11788,chasemp,11,0.00021,4780691,89.69851,5329733
11789,chemidy,11,0.00021,4780702,89.69871,5329733
11790,cheynewallace,11,0.00021,4780713,89.69892,5329733
11791,chintan8saaras,11,0.00021,4780724,89.69913,5329733
11792,chmouel,11,0.00021,4780735,89.69933,5329733
11793,cihangir,11,0.00021,4780746,89.69954,5329733
11794,Cingulara,11,0.00021,4780757,89.69975,5329733
11795,cjoudrey,11,0.00021,4780768,89.69995,5329733
11796,clairealyssa,11,0.00021,4780779,89.70016,5329733
11797,clintmoyer,11,0.00021,4780790,89.70037,5329733
11798,comicmuse,11,0.00021,4780801,89.70057,5329733
11799,coopr,11,0.00021,4780812,89.70078,5329733
11800,cpcloud,11,0.00021,4780823,89.70099,5329733
11801,Crosse,11,0.00021,4780834,89.70119,5329733
11802,csreegn,11,0.00021,4780845,89.70140,5329733
11803,cyberjaws,11,0.00021,4780856,89.70160,5329733
11804,cyclingwithelephants,11,0.00021,4780867,89.70181,5329733
11805,danacr,11,0.00021,4780878,89.70202,5329733
11806,daniel-ciaglia,11,0.00021,4780889,89.70222,5329733
11807,danielkrainas,11,0.00021,4780900,89.70243,5329733
11808,davidbirdsong,11,0.00021,4780911,89.70264,5329733
11809,deniskril,11,0.00021,4780922,89.70284,5329733
11810,dgoujard,11,0.00021,4780933,89.70305,5329733
11811,dhoeric,11,0.00021,4780944,89.70326,5329733
11812,diwakar-s-maurya,11,0.00021,4780955,89.70346,5329733
11813,dkoston,11,0.00021,4780966,89.70367,5329733
11814,dominikholler,11,0.00021,4780977,89.70387,5329733
11815,dprince,11,0.00021,4780988,89.70408,5329733
11816,dravog7,11,0.00021,4780999,89.70429,5329733
11817,dsvetl,11,0.00021,4781010,89.70449,5329733
11818,dtoubelis,11,0.00021,4781021,89.70470,5329733
11819,dzr0001,11,0.00021,4781032,89.70491,5329733
11820,e9169,11,0.00021,4781043,89.70511,5329733
11821,EamonKeane,11,0.00021,4781054,89.70532,5329733
11822,edude03,11,0.00021,4781065,89.70553,5329733
11823,Egis-Moshe,11,0.00021,4781076,89.70573,5329733
11824,ejamesc,11,0.00021,4781087,89.70594,5329733
11825,elezar,11,0.00021,4781098,89.70614,5329733
11826,ema,11,0.00021,4781109,89.70635,5329733
11827,e-max,11,0.00021,4781120,89.70656,5329733
11828,eranco74,11,0.00021,4781131,89.70676,5329733
11829,evgf,11,0.00021,4781142,89.70697,5329733
11830,evilnick,11,0.00021,4781153,89.70718,5329733
11831,Fahmy-Mohammed,11,0.00021,4781164,89.70738,5329733
11832,felipeweb,11,0.00021,4781175,89.70759,5329733
11833,FGRibreau,11,0.00021,4781186,89.70780,5329733
11834,flowerinthenight,11,0.00021,4781197,89.70800,5329733
11835,flowl,11,0.00021,4781208,89.70821,5329733
11836,foo0x29a,11,0.00021,4781219,89.70842,5329733
11837,friism,11,0.00021,4781230,89.70862,5329733
11838,Frostman,11,0.00021,4781241,89.70883,5329733
11839,gabelevi,11,0.00021,4781252,89.70903,5329733
11840,gadaigadai,11,0.00021,4781263,89.70924,5329733
11841,gavinB-orange,11,0.00021,4781274,89.70945,5329733
11842,gdvalle,11,0.00021,4781285,89.70965,5329733
11843,ghTravis,11,0.00021,4781296,89.70986,5329733
11844,giannisalinetti,11,0.00021,4781307,89.71007,5329733
11845,gnomeontherun,11,0.00021,4781318,89.71027,5329733
11846,greatbsky,11,0.00021,4781329,89.71048,5329733
11847,guilherme-santos,11,0.00021,4781340,89.71069,5329733
11848,Haavare,11,0.00021,4781351,89.71089,5329733
11849,haguenau,11,0.00021,4781362,89.71110,5329733
11850,hall,11,0.00021,4781373,89.71130,5329733
11851,hamelsmu,11,0.00021,4781384,89.71151,5329733
11852,hariharan16s,11,0.00021,4781395,89.71172,5329733
11853,harsha-y,11,0.00021,4781406,89.71192,5329733
11854,hasahni,11,0.00021,4781417,89.71213,5329733
11855,helloli,11,0.00021,4781428,89.71234,5329733
11856,hollinwilkins,11,0.00021,4781439,89.71254,5329733
11857,HuiWang0025,11,0.00021,4781450,89.71275,5329733
11858,hyunchel,11,0.00021,4781461,89.71296,5329733
11859,iakkus,11,0.00021,4781472,89.71316,5329733
11860,ianlancetaylor,11,0.00021,4781483,89.71337,5329733
11861,icecream2368,11,0.00021,4781494,89.71357,5329733
11862,ickymettle,11,0.00021,4781505,89.71378,5329733
11863,ikaruswill,11,0.00021,4781516,89.71399,5329733
11864,ikester,11,0.00021,4781527,89.71419,5329733
11865,infinitydon,11,0.00021,4781538,89.71440,5329733
11866,ipeacocks,11,0.00021,4781549,89.71461,5329733
11867,iphutch,11,0.00021,4781560,89.71481,5329733
11868,jakobehn,11,0.00021,4781571,89.71502,5329733
11869,jamesorlakin,11,0.00021,4781582,89.71523,5329733
11870,JasonLunn,11,0.00021,4781593,89.71543,5329733
11871,jbalonso,11,0.00021,4781604,89.71564,5329733
11872,jeffrey4l,11,0.00021,4781615,89.71585,5329733
11873,jenndodd,11,0.00021,4781626,89.71605,5329733
11874,jesperhansen17,11,0.00021,4781637,89.71626,5329733
11875,jgals,11,0.00021,4781648,89.71646,5329733
11876,jhyelton,11,0.00021,4781659,89.71667,5329733
11877,jlothian,11,0.00021,4781670,89.71688,5329733
11878,jmuk,11,0.00021,4781681,89.71708,5329733
11879,johnbieren,11,0.00021,4781692,89.71729,5329733
11880,johndaviesco,11,0.00021,4781703,89.71750,5329733
11881,Jonher937,11,0.00021,4781714,89.71770,5329733
11882,joselamego,11,0.00021,4781725,89.71791,5329733
11883,josephlewis42,11,0.00021,4781736,89.71812,5329733
11884,jphalip,11,0.00021,4781747,89.71832,5329733
11885,jshearer,11,0.00021,4781758,89.71853,5329733
11886,jtaleric,11,0.00021,4781769,89.71873,5329733
11887,julienlim,11,0.00021,4781780,89.71894,5329733
11888,jwieringa,11,0.00021,4781791,89.71915,5329733
11889,kamikaze,11,0.00021,4781802,89.71935,5329733
11890,kanapuli,11,0.00021,4781813,89.71956,5329733
11891,kanga333,11,0.00021,4781824,89.71977,5329733
11892,kenleezle,11,0.00021,4781835,89.71997,5329733
11893,kerolasa,11,0.00021,4781846,89.72018,5329733
11894,kirek007,11,0.00021,4781857,89.72039,5329733
11895,kivio,11,0.00021,4781868,89.72059,5329733
11896,KowalczykBartek,11,0.00021,4781879,89.72080,5329733
11897,kurtmc,11,0.00021,4781890,89.72100,5329733
11898,kzadorozhny,11,0.00021,4781901,89.72121,5329733
11899,Leen15,11,0.00021,4781912,89.72142,5329733
11900,liuan1986,11,0.00021,4781923,89.72162,5329733
11901,llsheldon,11,0.00021,4781934,89.72183,5329733
11902,m4rcu5,11,0.00021,4781945,89.72204,5329733
11903,mairin,11,0.00021,4781956,89.72224,5329733
11904,majd-asab,11,0.00021,4781967,89.72245,5329733
11905,MarceloLeite2604,11,0.00021,4781978,89.72266,5329733
11906,marco-m,11,0.00021,4781989,89.72286,5329733
11907,marcusportmann,11,0.00021,4782000,89.72307,5329733
11908,matt-deboer,11,0.00021,4782011,89.72328,5329733
11909,mdonoughe,11,0.00021,4782022,89.72348,5329733
11910,mduarte,11,0.00021,4782033,89.72369,5329733
11911,medinandres,11,0.00021,4782044,89.72389,5329733
11912,metadave,11,0.00021,4782055,89.72410,5329733
11913,michal-franc,11,0.00021,4782066,89.72431,5329733
11914,mijailr,11,0.00021,4782077,89.72451,5329733
11915,mirthy,11,0.00021,4782088,89.72472,5329733
11916,mjhopkins,11,0.00021,4782099,89.72493,5329733
11917,mlarrousse,11,0.00021,4782110,89.72513,5329733
11918,mmumshad,11,0.00021,4782121,89.72534,5329733
11919,MohGeek,11,0.00021,4782132,89.72555,5329733
11920,moizjv,11,0.00021,4782143,89.72575,5329733
11921,mosesn,11,0.00021,4782154,89.72596,5329733
11922,mousavian,11,0.00021,4782165,89.72616,5329733
11923,mrunge,11,0.00021,4782176,89.72637,5329733
11924,msvbhat,11,0.00021,4782187,89.72658,5329733
11925,mwhooker,11,0.00021,4782198,89.72678,5329733
11926,mwhudson,11,0.00021,4782209,89.72699,5329733
11927,myauie,11,0.00021,4782220,89.72720,5329733
11928,nachogarcia,11,0.00021,4782231,89.72740,5329733
11929,nataly87s,11,0.00021,4782242,89.72761,5329733
11930,ndesai15,11,0.00021,4782253,89.72782,5329733
11931,ndesh26,11,0.00021,4782264,89.72802,5329733
11932,netzzer,11,0.00021,4782275,89.72823,5329733
11933,neutronth,11,0.00021,4782286,89.72843,5329733
11934,ngavrilo,11,0.00021,4782297,89.72864,5329733
11935,nhorman,11,0.00021,4782308,89.72885,5329733
11936,nickgryg,11,0.00021,4782319,89.72905,5329733
11937,nikhilk,11,0.00021,4782330,89.72926,5329733
11938,ninjarobot,11,0.00021,4782341,89.72947,5329733
11939,njohns-grovo,11,0.00021,4782352,89.72967,5329733
11940,notjames,11,0.00021,4782363,89.72988,5329733
11941,notmaxx,11,0.00021,4782374,89.73009,5329733
11942,notxcain,11,0.00021,4782385,89.73029,5329733
11943,npanpaliya,11,0.00021,4782396,89.73050,5329733
11944,nrcventura,11,0.00021,4782407,89.73071,5329733
11945,nvjmayo,11,0.00021,4782418,89.73091,5329733
11946,obeleh,11,0.00021,4782429,89.73112,5329733
11947,ohthehugemanatee,11,0.00021,4782440,89.73132,5329733
11948,OleksiiDuzhyi,11,0.00021,4782451,89.73153,5329733
11949,Olshansk,11,0.00021,4782462,89.73174,5329733
11950,OneCricketeer,11,0.00021,4782473,89.73194,5329733
11951,optiomas,11,0.00021,4782484,89.73215,5329733
11952,optnfast,11,0.00021,4782495,89.73236,5329733
11953,oszi,11,0.00021,4782506,89.73256,5329733
11954,oyvindio,11,0.00021,4782517,89.73277,5329733
11955,parkr,11,0.00021,4782528,89.73298,5329733
11956,Patstrom,11,0.00021,4782539,89.73318,5329733
11957,paulcostinean,11,0.00021,4782550,89.73339,5329733
11958,pbnj,11,0.00021,4782561,89.73359,5329733
11959,pecameron,11,0.00021,4782572,89.73380,5329733
11960,petvaa01,11,0.00021,4782583,89.73401,5329733
11961,pietromenna,11,0.00021,4782594,89.73421,5329733
11962,pmahoney-raise,11,0.00021,4782605,89.73442,5329733
11963,pmlopes,11,0.00021,4782616,89.73463,5329733
11964,prefer,11,0.00021,4782627,89.73483,5329733
11965,progrium,11,0.00021,4782638,89.73504,5329733
11966,przemek-lal,11,0.00021,4782649,89.73525,5329733
11967,psuriset,11,0.00021,4782660,89.73545,5329733
11968,pyros2097,11,0.00021,4782671,89.73566,5329733
11969,q3k,11,0.00021,4782682,89.73586,5329733
11970,racevedoo,11,0.00021,4782693,89.73607,5329733
11971,radicand,11,0.00021,4782704,89.73628,5329733
11972,raeesiqbal,11,0.00021,4782715,89.73648,5329733
11973,rajivm,11,0.00021,4782726,89.73669,5329733
11974,razaj92,11,0.00021,4782737,89.73690,5329733
11975,rebeccaalpert,11,0.00021,4782748,89.73710,5329733
11976,redallen,11,0.00021,4782759,89.73731,5329733
11977,remonlam,11,0.00021,4782770,89.73752,5329733
11978,remster,11,0.00021,4782781,89.73772,5329733
11979,rfay,11,0.00021,4782792,89.73793,5329733
11980,rgreinho,11,0.00021,4782803,89.73814,5329733
11981,rhazdon,11,0.00021,4782814,89.73834,5329733
11982,RichCzyzewski,11,0.00021,4782825,89.73855,5329733
11983,rlopez133,11,0.00021,4782836,89.73875,5329733
11984,roadrunner,11,0.00021,4782847,89.73896,5329733
11985,robey,11,0.00021,4782858,89.73917,5329733
11986,rohanand,11,0.00021,4782869,89.73937,5329733
11987,ronenschafferibm,11,0.00021,4782880,89.73958,5329733
11988,rongou,11,0.00021,4782891,89.73979,5329733
11989,ryancurtin,11,0.00021,4782902,89.73999,5329733
11990,ryanmoran,11,0.00021,4782913,89.74020,5329733
11991,ryszard,11,0.00021,4782924,89.74041,5329733
11992,saksmt,11,0.00021,4782935,89.74061,5329733
11993,SamuAlfageme,11,0.00021,4782946,89.74082,5329733
11994,Santiclause,11,0.00021,4782957,89.74102,5329733
11995,satazor,11,0.00021,4782968,89.74123,5329733
11996,schantaraud,11,0.00021,4782979,89.74144,5329733
11997,seanturner83,11,0.00021,4782990,89.74164,5329733
11998,sebastienros,11,0.00021,4783001,89.74185,5329733
11999,semihalev,11,0.00021,4783012,89.74206,5329733
12000,sergeohl,11,0.00021,4783023,89.74226,5329733
12001,Sergio-Slobodrian,11,0.00021,4783034,89.74247,5329733
12002,seuf,11,0.00021,4783045,89.74268,5329733
12003,shaneramey,11,0.00021,4783056,89.74288,5329733
12004,shawnbutts,11,0.00021,4783067,89.74309,5329733
12005,shillasaebi,11,0.00021,4783078,89.74329,5329733
12006,snowsky,11,0.00021,4783089,89.74350,5329733
12007,sonicaj,11,0.00021,4783100,89.74371,5329733
12008,spappier,11,0.00021,4783111,89.74391,5329733
12009,splattael,11,0.00021,4783122,89.74412,5329733
12010,spolti,11,0.00021,4783133,89.74433,5329733
12011,sr229,11,0.00021,4783144,89.74453,5329733
12012,sreichar,11,0.00021,4783155,89.74474,5329733
12013,steeve,11,0.00021,4783166,89.74495,5329733
12014,sungjunyoung,11,0.00021,4783177,89.74515,5329733
12015,sylwit,11,0.00021,4783188,89.74536,5329733
12016,tabern,11,0.00021,4783199,89.74557,5329733
12017,tallt0m,11,0.00021,4783210,89.74577,5329733
12018,TAnas0,11,0.00021,4783221,89.74598,5329733
12019,Tanmoytkd,11,0.00021,4783232,89.74618,5329733
12020,tantona,11,0.00021,4783243,89.74639,5329733
12021,tchaikov,11,0.00021,4783254,89.74660,5329733
12022,tealee1992,11,0.00021,4783265,89.74680,5329733
12023,tejal29,11,0.00021,4783276,89.74701,5329733
12024,thefirstofthe300,11,0.00021,4783287,89.74722,5329733
12025,thekuffs,11,0.00021,4783298,89.74742,5329733
12026,thequailman,11,0.00021,4783309,89.74763,5329733
12027,TheStalwart,11,0.00021,4783320,89.74784,5329733
12028,ThomasVestergaard,11,0.00021,4783331,89.74804,5329733
12029,Thubo,11,0.00021,4783342,89.74825,5329733
12030,thuey,11,0.00021,4783353,89.74845,5329733
12031,TimWolla,11,0.00021,4783364,89.74866,5329733
12032,tobernguyen,11,0.00021,4783375,89.74887,5329733
12033,tomasAlabes,11,0.00021,4783386,89.74907,5329733
12034,TomLous,11,0.00021,4783397,89.74928,5329733
12035,traghave,11,0.00021,4783408,89.74949,5329733
12036,treyhyde,11,0.00021,4783419,89.74969,5329733
12037,trimbo,11,0.00021,4783430,89.74990,5329733
12038,trollr,11,0.00021,4783441,89.75011,5329733
12039,tssurya,11,0.00021,4783452,89.75031,5329733
12040,ttencate,11,0.00021,4783463,89.75052,5329733
12041,ttjiaa,11,0.00021,4783474,89.75072,5329733
12042,tvieira,11,0.00021,4783485,89.75093,5329733
12043,twoism,11,0.00021,4783496,89.75114,5329733
12044,ueokande,11,0.00021,4783507,89.75134,5329733
12045,upengs,11,0.00021,4783518,89.75155,5329733
12046,vainikkaj,11,0.00021,4783529,89.75176,5329733
12047,vandewilly,11,0.00021,4783540,89.75196,5329733
12048,VDuda,11,0.00021,4783551,89.75217,5329733
12049,VikramTiwari,11,0.00021,4783562,89.75238,5329733
12050,vincepii,11,0.00021,4783573,89.75258,5329733
12051,watercraft,11,0.00021,4783584,89.75279,5329733
12052,wbiller,11,0.00021,4783595,89.75300,5329733
12053,WoLfulus,11,0.00021,4783606,89.75320,5329733
12054,woodsaj,11,0.00021,4783617,89.75341,5329733
12055,wryun,11,0.00021,4783628,89.75361,5329733
12056,xaka,11,0.00021,4783639,89.75382,5329733
12057,xiao-zhou,11,0.00021,4783650,89.75403,5329733
12058,xiejunan,11,0.00021,4783661,89.75423,5329733
12059,xiyanxiyan10,11,0.00021,4783672,89.75444,5329733
12060,xogeny,11,0.00021,4783683,89.75465,5329733
12061,xrain0610,11,0.00021,4783694,89.75485,5329733
12062,xujunjie-cover,11,0.00021,4783705,89.75506,5329733
12063,yogendra,11,0.00021,4783716,89.75527,5329733
12064,yprokule,11,0.00021,4783727,89.75547,5329733
12065,yuce,11,0.00021,4783738,89.75568,5329733
12066,01deyishu,10,0.00019,4783748,89.75587,5329733
12067,90wukai,10,0.00019,4783758,89.75605,5329733
12068,aboyett,10,0.00019,4783768,89.75624,5329733
12069,adamelliotfields,10,0.00019,4783778,89.75643,5329733
12070,AdityaGupta1,10,0.00019,4783788,89.75662,5329733
12071,aee11,10,0.00019,4783798,89.75680,5329733
12072,ainoya,10,0.00019,4783808,89.75699,5329733
12073,aknrdureegaesr,10,0.00019,4783818,89.75718,5329733
12074,alaudazs,10,0.00019,4783828,89.75737,5329733
12075,AlecAivazis,10,0.00019,4783838,89.75755,5329733
12076,alexchan,10,0.00019,4783848,89.75774,5329733
12077,AlexChesser,10,0.00019,4783858,89.75793,5329733
12078,alexfrieden,10,0.00019,4783868,89.75812,5329733
12079,alexmavr,10,0.00019,4783878,89.75830,5329733
12080,aliciasteen,10,0.00019,4783888,89.75849,5329733
12081,allenpetersen,10,0.00019,4783898,89.75868,5329733
12082,Alphasite,10,0.00019,4783908,89.75887,5329733
12083,ALRubinger,10,0.00019,4783918,89.75906,5329733
12084,alxrem,10,0.00019,4783928,89.75924,5329733
12085,Andarist,10,0.00019,4783938,89.75943,5329733
12086,andor-pierdelacabeza,10,0.00019,4783948,89.75962,5329733
12087,andreas131989,10,0.00019,4783958,89.75981,5329733
12088,andrewmeissner,10,0.00019,4783968,89.75999,5329733
12089,anhdat,10,0.00019,4783978,89.76018,5329733
12090,ansiwen,10,0.00019,4783988,89.76037,5329733
12091,aoboturov,10,0.00019,4783998,89.76056,5329733
12092,areed,10,0.00019,4784008,89.76074,5329733
12093,artem-sidorenko,10,0.00019,4784018,89.76093,5329733
12094,ashleydavis,10,0.00019,4784028,89.76112,5329733
12095,asim,10,0.00019,4784038,89.76131,5329733
12096,asterite,10,0.00019,4784048,89.76149,5329733
12097,aulanov,10,0.00019,4784058,89.76168,5329733
12098,avatarneil,10,0.00019,4784068,89.76187,5329733
12099,babariviere,10,0.00019,4784078,89.76206,5329733
12100,bayetovsky,10,0.00019,4784088,89.76225,5329733
12101,bbruun,10,0.00019,4784098,89.76243,5329733
12102,benoitf,10,0.00019,4784108,89.76262,5329733
12103,bkleef,10,0.00019,4784118,89.76281,5329733
12104,blade2005,10,0.00019,4784128,89.76300,5329733
12105,blakelapierre,10,0.00019,4784138,89.76318,5329733
12106,bobby-stripe,10,0.00019,4784148,89.76337,5329733
12107,bobelev,10,0.00019,4784158,89.76356,5329733
12108,BrentDorsey,10,0.00019,4784168,89.76375,5329733
12109,bripkens,10,0.00019,4784178,89.76393,5329733
12110,brunomcustodio,10,0.00019,4784188,89.76412,5329733
12111,bruno-ortiz,10,0.00019,4784198,89.76431,5329733
12112,brunowoo,10,0.00019,4784208,89.76450,5329733
12113,bsnchan,10,0.00019,4784218,89.76468,5329733
12114,buckhx,10,0.00019,4784228,89.76487,5329733
12115,caleno,10,0.00019,4784238,89.76506,5329733
12116,cberner,10,0.00019,4784248,89.76525,5329733
12117,cbodley,10,0.00019,4784258,89.76543,5329733
12118,cflee,10,0.00019,4784268,89.76562,5329733
12119,chaintng,10,0.00019,4784278,89.76581,5329733
12120,chawlanikhil24,10,0.00019,4784288,89.76600,5329733
12121,chingor13,10,0.00019,4784298,89.76619,5329733
12122,christensenemc,10,0.00019,4784308,89.76637,5329733
12123,Cjen1,10,0.00019,4784318,89.76656,5329733
12124,cjheppell,10,0.00019,4784328,89.76675,5329733
12125,colmm99,10,0.00019,4784338,89.76694,5329733
12126,CuBiC3D,10,0.00019,4784348,89.76712,5329733
12127,cushon,10,0.00019,4784358,89.76731,5329733
12128,cvle,10,0.00019,4784368,89.76750,5329733
12129,dadadom,10,0.00019,4784378,89.76769,5329733
12130,damianoneill,10,0.00019,4784388,89.76787,5329733
12131,danajp,10,0.00019,4784398,89.76806,5329733
12132,Daniel-B-Smith,10,0.00019,4784408,89.76825,5329733
12133,daniel-kun,10,0.00019,4784418,89.76844,5329733
12134,daniyalj,10,0.00019,4784428,89.76862,5329733
12135,davepacheco,10,0.00019,4784438,89.76881,5329733
12136,daveworth,10,0.00019,4784448,89.76900,5329733
12137,david-martin,10,0.00019,4784458,89.76919,5329733
12138,dbachrach,10,0.00019,4784468,89.76937,5329733
12139,ddbmh,10,0.00019,4784478,89.76956,5329733
12140,deas,10,0.00019,4784488,89.76975,5329733
12141,deiwin,10,0.00019,4784498,89.76994,5329733
12142,delfick,10,0.00019,4784508,89.77013,5329733
12143,DennisRutjes,10,0.00019,4784518,89.77031,5329733
12144,DesmondH0,10,0.00019,4784528,89.77050,5329733
12145,diptadas,10,0.00019,4784538,89.77069,5329733
12146,divyam3897,10,0.00019,4784548,89.77088,5329733
12147,dkkapur,10,0.00019,4784558,89.77106,5329733
12148,dmitris,10,0.00019,4784568,89.77125,5329733
12149,domesticmouse,10,0.00019,4784578,89.77144,5329733
12150,dontlaugh,10,0.00019,4784588,89.77163,5329733
12151,dr0pdb,10,0.00019,4784598,89.77181,5329733
12152,ducas,10,0.00019,4784608,89.77200,5329733
12153,duelinmarkers,10,0.00019,4784618,89.77219,5329733
12154,dwaynebradley,10,0.00019,4784628,89.77238,5329733
12155,earhart,10,0.00019,4784638,89.77256,5329733
12156,eden,10,0.00019,4784648,89.77275,5329733
12157,EdEngle,10,0.00019,4784658,89.77294,5329733
12158,elliotkennedy,10,0.00019,4784668,89.77313,5329733
12159,elucidsoft,10,0.00019,4784678,89.77332,5329733
12160,epiphenie,10,0.00019,4784688,89.77350,5329733
12161,erikmcc,10,0.00019,4784698,89.77369,5329733
12162,ernie,10,0.00019,4784708,89.77388,5329733
12163,EtienneCoutaud,10,0.00019,4784718,89.77407,5329733
12164,evildandelions,10,0.00019,4784728,89.77425,5329733
12165,eywoon,10,0.00019,4784738,89.77444,5329733
12166,frew,10,0.00019,4784748,89.77463,5329733
12167,Frusty,10,0.00019,4784758,89.77482,5329733
12168,gaziqbal,10,0.00019,4784768,89.77500,5329733
12169,genedna,10,0.00019,4784778,89.77519,5329733
12170,goern,10,0.00019,4784788,89.77538,5329733
12171,GrantSeltzer,10,0.00019,4784798,89.77557,5329733
12172,Gregoirevda,10,0.00019,4784808,89.77575,5329733
12173,gresrun,10,0.00019,4784818,89.77594,5329733
12174,gtrevg,10,0.00019,4784828,89.77613,5329733
12175,HariSekhon,10,0.00019,4784838,89.77632,5329733
12176,heckdevice,10,0.00019,4784848,89.77650,5329733
12177,hhoover,10,0.00019,4784858,89.77669,5329733
12178,highb,10,0.00019,4784868,89.77688,5329733
12179,hoang-tranviet,10,0.00019,4784878,89.77707,5329733
12180,hongxu-jia,10,0.00019,4784888,89.77726,5329733
12181,hoskeri,10,0.00019,4784898,89.77744,5329733
12182,HSBawa,10,0.00019,4784908,89.77763,5329733
12183,hvolkmer,10,0.00019,4784918,89.77782,5329733
12184,ilmerovingio,10,0.00019,4784928,89.77801,5329733
12185,indrayam,10,0.00019,4784938,89.77819,5329733
12186,isubuz,10,0.00019,4784948,89.77838,5329733
12187,ivansenic,10,0.00019,4784958,89.77857,5329733
12188,izzymsft,10,0.00019,4784968,89.77876,5329733
12189,j,10,0.00019,4784978,89.77894,5329733
12190,jamadeo,10,0.00019,4784988,89.77913,5329733
12191,JamesJJ,10,0.00019,4784998,89.77932,5329733
12192,jamiemoore,10,0.00019,4785008,89.77951,5329733
12193,javaniecampbell,10,0.00019,4785018,89.77969,5329733
12194,javierbq,10,0.00019,4785028,89.77988,5329733
12195,jelmersnoeck,10,0.00019,4785038,89.78007,5329733
12196,jenmalloy,10,0.00019,4785048,89.78026,5329733
12197,jennyowen,10,0.00019,4785058,89.78044,5329733
12198,JHDST,10,0.00019,4785068,89.78063,5329733
12199,jhughes2112,10,0.00019,4785078,89.78082,5329733
12200,jkremser,10,0.00019,4785088,89.78101,5329733
12201,jMonsinjon,10,0.00019,4785098,89.78120,5329733
12202,jmpcyc,10,0.00019,4785108,89.78138,5329733
12203,jmphilli,10,0.00019,4785118,89.78157,5329733
12204,jmspring,10,0.00019,4785128,89.78176,5329733
12205,jmthvt,10,0.00019,4785138,89.78195,5329733
12206,jnewmano,10,0.00019,4785148,89.78213,5329733
12207,JoelColledge,10,0.00019,4785158,89.78232,5329733
12208,Joematpal,10,0.00019,4785168,89.78251,5329733
12209,johnlabarge,10,0.00019,4785178,89.78270,5329733
12210,johnrusaw,10,0.00019,4785188,89.78288,5329733
12211,jonathana,10,0.00019,4785198,89.78307,5329733
12212,JonathanGiles,10,0.00019,4785208,89.78326,5329733
12213,josebiro,10,0.00019,4785218,89.78345,5329733
12214,jose-sanchezm,10,0.00019,4785228,89.78363,5329733
12215,josharian,10,0.00019,4785238,89.78382,5329733
12216,JoshRosso,10,0.00019,4785248,89.78401,5329733
12217,justingrayston,10,0.00019,4785258,89.78420,5329733
12218,justinyoo,10,0.00019,4785268,89.78439,5329733
12219,jwmatthews,10,0.00019,4785278,89.78457,5329733
12220,kajanth,10,0.00019,4785288,89.78476,5329733
12221,karthik-vijayaraju,10,0.00019,4785298,89.78495,5329733
12222,kenegozi,10,0.00019,4785308,89.78514,5329733
12223,keyan,10,0.00019,4785318,89.78532,5329733
12224,khushmeen,10,0.00019,4785328,89.78551,5329733
12225,kincl,10,0.00019,4785338,89.78570,5329733
12226,kissgyorgy,10,0.00019,4785348,89.78589,5329733
12227,kmcgrath,10,0.00019,4785358,89.78607,5329733
12228,komal-SkyNET,10,0.00019,4785368,89.78626,5329733
12229,Korijn,10,0.00019,4785378,89.78645,5329733
12230,kostis-codefresh,10,0.00019,4785388,89.78664,5329733
12231,koudaiii,10,0.00019,4785398,89.78682,5329733
12232,KoviaX,10,0.00019,4785408,89.78701,5329733
12233,K-Phoen,10,0.00019,4785418,89.78720,5329733
12234,kraman,10,0.00019,4785428,89.78739,5329733
12235,latchmihay,10,0.00019,4785438,89.78757,5329733
12236,lbragstad,10,0.00019,4785448,89.78776,5329733
12237,lcastellano,10,0.00019,4785458,89.78795,5329733
12238,lcrisci,10,0.00019,4785468,89.78814,5329733
12239,lebauce,10,0.00019,4785478,89.78833,5329733
12240,levilovelock,10,0.00019,4785488,89.78851,5329733
12241,LexiNadolski,10,0.00019,4785498,89.78870,5329733
12242,liangxiaoping,10,0.00019,4785508,89.78889,5329733
12243,lidalei,10,0.00019,4785518,89.78908,5329733
12244,Limess,10,0.00019,4785528,89.78926,5329733
12245,linericyang,10,0.00019,4785538,89.78945,5329733
12246,lingz,10,0.00019,4785548,89.78964,5329733
12247,LipingMao,10,0.00019,4785558,89.78983,5329733
12248,liutongxuan,10,0.00019,4785568,89.79001,5329733
12249,lkirill,10,0.00019,4785578,89.79020,5329733
12250,L-MA,10,0.00019,4785588,89.79039,5329733
12251,loadwiki,10,0.00019,4785598,89.79058,5329733
12252,Lohann,10,0.00019,4785608,89.79076,5329733
12253,longsleep,10,0.00019,4785618,89.79095,5329733
12254,lvijay,10,0.00019,4785628,89.79114,5329733
12255,lw346,10,0.00019,4785638,89.79133,5329733
12256,marcovc,10,0.00019,4785648,89.79151,5329733
12257,Marmelatze,10,0.00019,4785658,89.79170,5329733
12258,marrobi,10,0.00019,4785668,89.79189,5329733
12259,MartinRoss-IBM,10,0.00019,4785678,89.79208,5329733
12260,martint,10,0.00019,4785688,89.79227,5329733
12261,masoudbahar,10,0.00019,4785698,89.79245,5329733
12262,mastertinner,10,0.00019,4785708,89.79264,5329733
12263,mbode,10,0.00019,4785718,89.79283,5329733
12264,mccraigmccraig,10,0.00019,4785728,89.79302,5329733
12265,mdbooth,10,0.00019,4785738,89.79320,5329733
12266,miabbott,10,0.00019,4785748,89.79339,5329733
12267,miguel250,10,0.00019,4785758,89.79358,5329733
12268,MikeCongdon1,10,0.00019,4785768,89.79377,5329733
12269,mikekim,10,0.00019,4785778,89.79395,5329733
12270,mindreframer,10,0.00019,4785788,89.79414,5329733
12271,mindscratch,10,0.00019,4785798,89.79433,5329733
12272,mitchdraft,10,0.00019,4785808,89.79452,5329733
12273,mjasion,10,0.00019,4785818,89.79470,5329733
12274,mlebrun,10,0.00019,4785828,89.79489,5329733
12275,mmellin,10,0.00019,4785838,89.79508,5329733
12276,momokatte,10,0.00019,4785848,89.79527,5329733
12277,morgante,10,0.00019,4785858,89.79546,5329733
12278,moritzheiber,10,0.00019,4785868,89.79564,5329733
12279,murielsilveira,10,0.00019,4785878,89.79583,5329733
12280,mwoodson,10,0.00019,4785888,89.79602,5329733
12281,naeemkhan12,10,0.00019,4785898,89.79621,5329733
12282,nanjj,10,0.00019,4785908,89.79639,5329733
12283,natehart,10,0.00019,4785918,89.79658,5329733
12284,neogeno,10,0.00019,4785928,89.79677,5329733
12285,nicholaslam,10,0.00019,4785938,89.79696,5329733
12286,niuhp,10,0.00019,4785948,89.79714,5329733
12287,Nomon,10,0.00019,4785958,89.79733,5329733
12288,NWCalvank,10,0.00019,4785968,89.79752,5329733
12289,nwohlgemuth,10,0.00019,4785978,89.79771,5329733
12290,orangemi,10,0.00019,4785988,89.79789,5329733
12291,oreissig,10,0.00019,4785998,89.79808,5329733
12292,pditommaso,10,0.00019,4786008,89.79827,5329733
12293,PeteE,10,0.00019,4786018,89.79846,5329733
12294,petomalina,10,0.00019,4786028,89.79864,5329733
12295,pgrimaud,10,0.00019,4786038,89.79883,5329733
12296,piroor,10,0.00019,4786048,89.79902,5329733
12297,polarn,10,0.00019,4786058,89.79921,5329733
12298,potterhe,10,0.00019,4786068,89.79940,5329733
12299,pseudometric,10,0.00019,4786078,89.79958,5329733
12300,psiwczak,10,0.00019,4786088,89.79977,5329733
12301,rajasec,10,0.00019,4786098,89.79996,5329733
12302,rdelpret,10,0.00019,4786108,89.80015,5329733
12303,renanberto,10,0.00019,4786118,89.80033,5329733
12304,rkd-msw,10,0.00019,4786128,89.80052,5329733
12305,rockymadden,10,0.00019,4786138,89.80071,5329733
12306,RPing,10,0.00019,4786148,89.80090,5329733
12307,rtyler,10,0.00019,4786158,89.80108,5329733
12308,ruairitobrien,10,0.00019,4786168,89.80127,5329733
12309,ruippeixotog,10,0.00019,4786178,89.80146,5329733
12310,SamiHiltunen,10,0.00019,4786188,89.80165,5329733
12311,sampowers,10,0.00019,4786198,89.80183,5329733
12312,sawanoboly,10,0.00019,4786208,89.80202,5329733
12313,scarvel8,10,0.00019,4786218,89.80221,5329733
12314,scharissis,10,0.00019,4786228,89.80240,5329733
12315,sckott,10,0.00019,4786238,89.80258,5329733
12316,sctlee,10,0.00019,4786248,89.80277,5329733
12317,sebikul,10,0.00019,4786258,89.80296,5329733
12318,sel,10,0.00019,4786268,89.80315,5329733
12319,selstam,10,0.00019,4786278,89.80334,5329733
12320,SEQUOIIA,10,0.00019,4786288,89.80352,5329733
12321,sercand,10,0.00019,4786298,89.80371,5329733
12322,serialx,10,0.00019,4786308,89.80390,5329733
12323,seslattery,10,0.00019,4786318,89.80409,5329733
12324,sevenfourk,10,0.00019,4786328,89.80427,5329733
12325,ShalomCohen,10,0.00019,4786338,89.80446,5329733
12326,shamsalmon,10,0.00019,4786348,89.80465,5329733
12327,shantanubansal,10,0.00019,4786358,89.80484,5329733
12328,simonkuang,10,0.00019,4786368,89.80502,5329733
12329,sjthespian,10,0.00019,4786378,89.80521,5329733
12330,skaegi,10,0.00019,4786388,89.80540,5329733
12331,skozlov,10,0.00019,4786398,89.80559,5329733
12332,skuda,10,0.00019,4786408,89.80577,5329733
12333,slash-lib,10,0.00019,4786418,89.80596,5329733
12334,slopezz,10,0.00019,4786428,89.80615,5329733
12335,somak12,10,0.00019,4786438,89.80634,5329733
12336,spaghettifunk,10,0.00019,4786448,89.80653,5329733
12337,SpamapS,10,0.00019,4786458,89.80671,5329733
12338,spencerkimball,10,0.00019,4786468,89.80690,5329733
12339,sphansekar-cci,10,0.00019,4786478,89.80709,5329733
12340,ssoroka,10,0.00019,4786488,89.80728,5329733
12341,stcheng,10,0.00019,4786498,89.80746,5329733
12342,stephenc,10,0.00019,4786508,89.80765,5329733
12343,Stibbons,10,0.00019,4786518,89.80784,5329733
12344,sudoshweta,10,0.00019,4786528,89.80803,5329733
12345,supershabam,10,0.00019,4786538,89.80821,5329733
12346,swapnild2111,10,0.00019,4786548,89.80840,5329733
12347,swizzlr,10,0.00019,4786558,89.80859,5329733
12348,tehsphinx,10,0.00019,4786568,89.80878,5329733
12349,teivah,10,0.00019,4786578,89.80896,5329733
12350,thdotnet,10,0.00019,4786588,89.80915,5329733
12351,thebigjc,10,0.00019,4786598,89.80934,5329733
12352,thedch,10,0.00019,4786608,89.80953,5329733
12353,thomasdesr,10,0.00019,4786618,89.80971,5329733
12354,tiggerlee2,10,0.00019,4786628,89.80990,5329733
12355,timBrockman,10,0.00019,4786638,89.81009,5329733
12356,timdorr,10,0.00019,4786648,89.81028,5329733
12357,TimDumol,10,0.00019,4786658,89.81047,5329733
12358,tomaslin,10,0.00019,4786668,89.81065,5329733
12359,tommy-sho,10,0.00019,4786678,89.81084,5329733
12360,tommywo,10,0.00019,4786688,89.81103,5329733
12361,topherbullock,10,0.00019,4786698,89.81122,5329733
12362,tpdownes,10,0.00019,4786708,89.81140,5329733
12363,travissalascox,10,0.00019,4786718,89.81159,5329733
12364,TrevorEdwards,10,0.00019,4786728,89.81178,5329733
12365,turb,10,0.00019,4786738,89.81197,5329733
12366,twiedenbein,10,0.00019,4786748,89.81215,5329733
12367,umitseremet,10,0.00019,4786758,89.81234,5329733
12368,UseTheApi,10,0.00019,4786768,89.81253,5329733
12369,vallard,10,0.00019,4786778,89.81272,5329733
12370,vgkowski,10,0.00019,4786788,89.81290,5329733
12371,VictorDenisov,10,0.00019,4786798,89.81309,5329733
12372,vk9,10,0.00019,4786808,89.81328,5329733
12373,vmassol,10,0.00019,4786818,89.81347,5329733
12374,VsMaX,10,0.00019,4786828,89.81365,5329733
12375,vulpecula,10,0.00019,4786838,89.81384,5329733
12376,waterdrink,10,0.00019,4786848,89.81403,5329733
12377,weizhanxu,10,0.00019,4786858,89.81422,5329733
12378,WillCup,10,0.00019,4786868,89.81441,5329733
12379,wyc,10,0.00019,4786878,89.81459,5329733
12380,xavierbaude,10,0.00019,4786888,89.81478,5329733
12381,XciD,10,0.00019,4786898,89.81497,5329733
12382,xhzhf,10,0.00019,4786908,89.81516,5329733
12383,xkwangcn,10,0.00019,4786918,89.81534,5329733
12384,xorgy,10,0.00019,4786928,89.81553,5329733
12385,yawn,10,0.00019,4786938,89.81572,5329733
12386,yoojinl,10,0.00019,4786948,89.81591,5329733
12387,yujunzhang,10,0.00019,4786958,89.81609,5329733
12388,yzhuge,10,0.00019,4786968,89.81628,5329733
12389,ZackButcher,10,0.00019,4786978,89.81647,5329733
12390,zbjornson,10,0.00019,4786988,89.81666,5329733
12391,zburgermeiszter,10,0.00019,4786998,89.81684,5329733
12392,zdw,10,0.00019,4787008,89.81703,5329733
12393,zherman0,10,0.00019,4787018,89.81722,5329733
12394,zimbatm,10,0.00019,4787028,89.81741,5329733
12395,zousheng,10,0.00019,4787038,89.81759,5329733
12396,256dpi,9,0.00017,4787047,89.81776,5329733
12397,3dinfluence,9,0.00017,4787056,89.81793,5329733
12398,a01fe,9,0.00017,4787065,89.81810,5329733
12399,AgoodMITer,9,0.00017,4787074,89.81827,5329733
12400,akabos,9,0.00017,4787083,89.81844,5329733
12401,AlbanSeurat,9,0.00017,4787092,89.81861,5329733
12402,alexandrfox,9,0.00017,4787101,89.81878,5329733
12403,alexplischke,9,0.00017,4787110,89.81895,5329733
12404,aloismayr,9,0.00017,4787119,89.81911,5329733
12405,alop,9,0.00017,4787128,89.81928,5329733
12406,anandolee,9,0.00017,4787137,89.81945,5329733
12407,andre2007,9,0.00017,4787146,89.81962,5329733
12408,andremedeiros,9,0.00017,4787155,89.81979,5329733
12409,andrey-ko,9,0.00017,4787164,89.81996,5329733
12410,andyz-rafay,9,0.00017,4787173,89.82013,5329733
12411,Ant59,9,0.00017,4787182,89.82030,5329733
12412,antonakv,9,0.00017,4787191,89.82047,5329733
12413,apoydence,9,0.00017,4787200,89.82063,5329733
12414,ascheman,9,0.00017,4787209,89.82080,5329733
12415,ashishgandhi,9,0.00017,4787218,89.82097,5329733
12416,Ashutosh-Shukla,9,0.00017,4787227,89.82114,5329733
12417,aukevanleeuwen,9,0.00017,4787236,89.82131,5329733
12418,bakito,9,0.00017,4787245,89.82148,5329733
12419,balamuru,9,0.00017,4787254,89.82165,5329733
12420,baodongli,9,0.00017,4787263,89.82182,5329733
12421,barrachri,9,0.00017,4787272,89.82199,5329733
12422,benc-uk,9,0.00017,4787281,89.82215,5329733
12423,ben-st,9,0.00017,4787290,89.82232,5329733
12424,bitfactory-henno-schooljan,9,0.00017,4787299,89.82249,5329733
12425,bjarkevad,9,0.00017,4787308,89.82266,5329733
12426,blackpiglet,9,0.00017,4787317,89.82283,5329733
12427,bmoylan,9,0.00017,4787326,89.82300,5329733
12428,bobzilladev,9,0.00017,4787335,89.82317,5329733
12429,bpot,9,0.00017,4787344,89.82334,5329733
12430,bruecktech,9,0.00017,4787353,89.82351,5329733
12431,brunopadz,9,0.00017,4787362,89.82367,5329733
12432,c0dyhi11,9,0.00017,4787371,89.82384,5329733
12433,CameronAckermanSEL,9,0.00017,4787380,89.82401,5329733
12434,caniggiagoal,9,0.00017,4787389,89.82418,5329733
12435,cbuchacher,9,0.00017,4787398,89.82435,5329733
12436,ccl0326,9,0.00017,4787407,89.82452,5329733
12437,cdelpinogeo,9,0.00017,4787416,89.82469,5329733
12438,ChadiEM,9,0.00017,4787425,89.82486,5329733
12439,ChaoticMind,9,0.00017,4787434,89.82503,5329733
12440,cherrot,9,0.00017,4787443,89.82519,5329733
12441,CheyiLin,9,0.00017,4787452,89.82536,5329733
12442,chirauki,9,0.00017,4787461,89.82553,5329733
12443,christian-schlichtherle,9,0.00017,4787470,89.82570,5329733
12444,chsigg,9,0.00017,4787479,89.82587,5329733
12445,cjhkramer,9,0.00017,4787488,89.82604,5329733
12446,clchiou,9,0.00017,4787497,89.82621,5329733
12447,clelange,9,0.00017,4787506,89.82638,5329733
12448,clrbuilder,9,0.00017,4787515,89.82654,5329733
12449,cmceniry,9,0.00017,4787524,89.82671,5329733
12450,coryb,9,0.00017,4787533,89.82688,5329733
12451,cpitman,9,0.00017,4787542,89.82705,5329733
12452,crizCraig,9,0.00017,4787551,89.82722,5329733
12453,ctlam,9,0.00017,4787560,89.82739,5329733
12454,ctodea,9,0.00017,4787569,89.82756,5329733
12455,damianpumar,9,0.00017,4787578,89.82773,5329733
12456,danhhz,9,0.00017,4787587,89.82790,5329733
12457,danielvmw,9,0.00017,4787596,89.82806,5329733
12458,danzh1989,9,0.00017,4787605,89.82823,5329733
12459,dariopb,9,0.00017,4787614,89.82840,5329733
12460,darobs,9,0.00017,4787623,89.82857,5329733
12461,david50407,9,0.00017,4787632,89.82874,5329733
12462,davidbhlm-github,9,0.00017,4787641,89.82891,5329733
12463,davidmontoyago,9,0.00017,4787650,89.82908,5329733
12464,dbenque-1a,9,0.00017,4787659,89.82925,5329733
12465,decarboxy,9,0.00017,4787668,89.82942,5329733
12466,dfarr,9,0.00017,4787677,89.82958,5329733
12467,discreet,9,0.00017,4787686,89.82975,5329733
12468,d-kowalski,9,0.00017,4787695,89.82992,5329733
12469,dlackty,9,0.00017,4787704,89.83009,5329733
12470,dmitriykovalev,9,0.00017,4787713,89.83026,5329733
12471,DmitryGrayscale,9,0.00017,4787722,89.83043,5329733
12472,docent-net,9,0.00017,4787731,89.83060,5329733
12473,donaldrauscher,9,0.00017,4787740,89.83077,5329733
12474,DoriftoShoes,9,0.00017,4787749,89.83094,5329733
12475,drcapulet,9,0.00017,4787758,89.83110,5329733
12476,drewrobb,9,0.00017,4787767,89.83127,5329733
12477,dshcherb,9,0.00017,4787776,89.83144,5329733
12478,dtaylor113,9,0.00017,4787785,89.83161,5329733
12479,duanshiqiang,9,0.00017,4787794,89.83178,5329733
12480,dvyukov,9,0.00017,4787803,89.83195,5329733
12481,eb129,9,0.00017,4787812,89.83212,5329733
12482,ebekker,9,0.00017,4787821,89.83229,5329733
12483,eddiesimeon,9,0.00017,4787830,89.83246,5329733
12484,edrex,9,0.00017,4787839,89.83262,5329733
12485,elblivion,9,0.00017,4787848,89.83279,5329733
12486,elipapa,9,0.00017,4787857,89.83296,5329733
12487,e-nikolov,9,0.00017,4787866,89.83313,5329733
12488,ermazi,9,0.00017,4787875,89.83330,5329733
12489,ethanocentricity,9,0.00017,4787884,89.83347,5329733
12490,etoews,9,0.00017,4787893,89.83364,5329733
12491,Excaleo,9,0.00017,4787902,89.83381,5329733
12492,eytanhanig,9,0.00017,4787911,89.83397,5329733
12493,f33rx,9,0.00017,4787920,89.83414,5329733
12494,fajran,9,0.00017,4787929,89.83431,5329733
12495,farrellit,9,0.00017,4787938,89.83448,5329733
12496,ff8eyes,9,0.00017,4787947,89.83465,5329733
12497,FlorianOnmyown,9,0.00017,4787956,89.83482,5329733
12498,franklinwise,9,0.00017,4787965,89.83499,5329733
12499,fred,9,0.00017,4787974,89.83516,5329733
12500,frozenice,9,0.00017,4787983,89.83533,5329733
12501,futureperfect,9,0.00017,4787992,89.83549,5329733
12502,gaetansnl,9,0.00017,4788001,89.83566,5329733
12503,gao-feng,9,0.00017,4788010,89.83583,5329733
12504,garrardkitchen,9,0.00017,4788019,89.83600,5329733
12505,gbzhu,9,0.00017,4788028,89.83617,5329733
12506,geekdave,9,0.00017,4788037,89.83634,5329733
12507,geekSiddharth,9,0.00017,4788046,89.83651,5329733
12508,GeethOnion,9,0.00017,4788055,89.83668,5329733
12509,geoL86,9,0.00017,4788064,89.83685,5329733
12510,gerson24,9,0.00017,4788073,89.83701,5329733
12511,gianlucaborello,9,0.00017,4788082,89.83718,5329733
12512,Gimi,9,0.00017,4788091,89.83735,5329733
12513,glaubitz,9,0.00017,4788100,89.83752,5329733
12514,GoelDeepak,9,0.00017,4788109,89.83769,5329733
12515,gsserge,9,0.00017,4788118,89.83786,5329733
12516,Haleygo,9,0.00017,4788127,89.83803,5329733
12517,hamedhsn,9,0.00017,4788136,89.83820,5329733
12518,hanahmily,9,0.00017,4788145,89.83837,5329733
12519,hello2dj,9,0.00017,4788154,89.83853,5329733
12520,hlamer,9,0.00017,4788163,89.83870,5329733
12521,hobochild,9,0.00017,4788172,89.83887,5329733
12522,huanwei,9,0.00017,4788181,89.83904,5329733
12523,iamjarvo,9,0.00017,4788190,89.83921,5329733
12524,ianburrell,9,0.00017,4788199,89.83938,5329733
12525,ilevine,9,0.00017,4788208,89.83955,5329733
12526,invenfantasy,9,0.00017,4788217,89.83972,5329733
12527,isimluk,9,0.00017,4788226,89.83989,5329733
12528,ivandov,9,0.00017,4788235,89.84005,5329733
12529,ivanstanev,9,0.00017,4788244,89.84022,5329733
12530,jackskj,9,0.00017,4788253,89.84039,5329733
12531,jahstreet,9,0.00017,4788262,89.84056,5329733
12532,jakebolam,9,0.00017,4788271,89.84073,5329733
12533,jamesog,9,0.00017,4788280,89.84090,5329733
12534,jasmdk,9,0.00017,4788289,89.84107,5329733
12535,jayanth-sai-v,9,0.00017,4788298,89.84124,5329733
12536,jchorl,9,0.00017,4788307,89.84140,5329733
12537,jdelgadillo,9,0.00017,4788316,89.84157,5329733
12538,jeffersongirao,9,0.00017,4788325,89.84174,5329733
12539,jeremyjjbrown,9,0.00017,4788334,89.84191,5329733
12540,jhaber,9,0.00017,4788343,89.84208,5329733
12541,jimengliu,9,0.00017,4788352,89.84225,5329733
12542,Jmainguy,9,0.00017,4788361,89.84242,5329733
12543,johanhubens,9,0.00017,4788370,89.84259,5329733
12544,john-pettigrew,9,0.00017,4788379,89.84276,5329733
12545,jokogr,9,0.00017,4788388,89.84292,5329733
12546,jonkatora,9,0.00017,4788397,89.84309,5329733
12547,josefkarasek,9,0.00017,4788406,89.84326,5329733
12548,jskswamy,9,0.00017,4788415,89.84343,5329733
12549,juhtie01,9,0.00017,4788424,89.84360,5329733
12550,jumal,9,0.00017,4788433,89.84377,5329733
12551,jupp0r,9,0.00017,4788442,89.84394,5329733
12552,kamigerami,9,0.00017,4788451,89.84411,5329733
12553,karinnainiguez,9,0.00017,4788460,89.84428,5329733
12554,karliky,9,0.00017,4788469,89.84444,5329733
12555,kebe7jun,9,0.00017,4788478,89.84461,5329733
12556,kerinin,9,0.00017,4788487,89.84478,5329733
12557,kitch,9,0.00017,4788496,89.84495,5329733
12558,klippx,9,0.00017,4788505,89.84512,5329733
12559,kmrov,9,0.00017,4788514,89.84529,5329733
12560,kokosing,9,0.00017,4788523,89.84546,5329733
12561,korfuri,9,0.00017,4788532,89.84563,5329733
12562,kradalby,9,0.00017,4788541,89.84580,5329733
12563,lanfeust69,9,0.00017,4788550,89.84596,5329733
12564,Lastpixl,9,0.00017,4788559,89.84613,5329733
12565,lchi,9,0.00017,4788568,89.84630,5329733
12566,leonklingele,9,0.00017,4788577,89.84647,5329733
12567,lianghuiyuan,9,0.00017,4788586,89.84664,5329733
12568,loganking,9,0.00017,4788595,89.84681,5329733
12569,logston,9,0.00017,4788604,89.84698,5329733
12570,louis-paul,9,0.00017,4788613,89.84715,5329733
12571,lpaulmp,9,0.00017,4788622,89.84732,5329733
12572,ls-devon-hakel-kinko,9,0.00017,4788631,89.84748,5329733
12573,luan-cestari,9,0.00017,4788640,89.84765,5329733
12574,Lugoues,9,0.00017,4788649,89.84782,5329733
12575,lukasmalkmus,9,0.00017,4788658,89.84799,5329733
12576,lurraca,9,0.00017,4788667,89.84816,5329733
12577,maiamcc,9,0.00017,4788676,89.84833,5329733
12578,manifoldQAQ,9,0.00017,4788685,89.84850,5329733
12579,maria,9,0.00017,4788694,89.84867,5329733
12580,markxnelson,9,0.00017,4788703,89.84883,5329733
12581,maruqu,9,0.00017,4788712,89.84900,5329733
12582,maschmid,9,0.00017,4788721,89.84917,5329733
12583,matthiasak,9,0.00017,4788730,89.84934,5329733
12584,max-k,9,0.00017,4788739,89.84951,5329733
12585,mbentley,9,0.00017,4788748,89.84968,5329733
12586,mbhinder,9,0.00017,4788757,89.84985,5329733
12587,mccricardo,9,0.00017,4788766,89.85002,5329733
12588,mceaglens,9,0.00017,4788775,89.85019,5329733
12589,MetalMatze,9,0.00017,4788784,89.85035,5329733
12590,mildewey,9,0.00017,4788793,89.85052,5329733
12591,mironov,9,0.00017,4788802,89.85069,5329733
12592,mixj93,9,0.00017,4788811,89.85086,5329733
12593,moelsayed,9,0.00017,4788820,89.85103,5329733
12594,Moep90,9,0.00017,4788829,89.85120,5329733
12595,MohamedBassem,9,0.00017,4788838,89.85137,5329733
12596,mptap,9,0.00017,4788847,89.85154,5329733
12597,mrobinet,9,0.00017,4788856,89.85171,5329733
12598,mureinik,9,0.00017,4788865,89.85187,5329733
12599,NaurisSadovskis,9,0.00017,4788874,89.85204,5329733
12600,nbouron,9,0.00017,4788883,89.85221,5329733
12601,nerdoftech,9,0.00017,4788892,89.85238,5329733
12602,nicdesousa,9,0.00017,4788901,89.85255,5329733
12603,nickboldt,9,0.00017,4788910,89.85272,5329733
12604,nictuku,9,0.00017,4788919,89.85289,5329733
12605,nnordrum,9,0.00017,4788928,89.85306,5329733
12606,nordicdyno,9,0.00017,4788937,89.85323,5329733
12607,northtyphoon,9,0.00017,4788946,89.85339,5329733
12608,npramod,9,0.00017,4788955,89.85356,5329733
12609,nutellinoit,9,0.00017,4788964,89.85373,5329733
12610,oblalex,9,0.00017,4788973,89.85390,5329733
12611,ogibayashi,9,0.00017,4788982,89.85407,5329733
12612,ohaiwalt,9,0.00017,4788991,89.85424,5329733
12613,ojarjur,9,0.00017,4789000,89.85441,5329733
12614,ojongerius,9,0.00017,4789009,89.85458,5329733
12615,oritwas,9,0.00017,4789018,89.85475,5329733
12616,ozoder,9,0.00017,4789027,89.85491,5329733
12617,p8952,9,0.00017,4789036,89.85508,5329733
12618,paidhi,9,0.00017,4789045,89.85525,5329733
12619,parasyte,9,0.00017,4789054,89.85542,5329733
12620,PatrickAuld,9,0.00017,4789063,89.85559,5329733
12621,patrobinson,9,0.00017,4789072,89.85576,5329733
12622,PaulCapestany,9,0.00017,4789081,89.85593,5329733
12623,pengqinglan,9,0.00017,4789090,89.85610,5329733
12624,petercgrant,9,0.00017,4789099,89.85626,5329733
12625,petermd,9,0.00017,4789108,89.85643,5329733
12626,peterwald,9,0.00017,4789117,89.85660,5329733
12627,phedoreanu,9,0.00017,4789126,89.85677,5329733
12628,phifty,9,0.00017,4789135,89.85694,5329733
12629,philipfoulkes,9,0.00017,4789144,89.85711,5329733
12630,philipsparrow,9,0.00017,4789153,89.85728,5329733
12631,pivotal-jamil-shamy,9,0.00017,4789162,89.85745,5329733
12632,pkern,9,0.00017,4789171,89.85762,5329733
12633,pvorb,9,0.00017,4789180,89.85778,5329733
12634,pwhittlesea,9,0.00017,4789189,89.85795,5329733
12635,qujinping,9,0.00017,4789198,89.85812,5329733
12636,r8k,9,0.00017,4789207,89.85829,5329733
12637,rashmi43,9,0.00017,4789216,89.85846,5329733
12638,Ravenwater,9,0.00017,4789225,89.85863,5329733
12639,ravi-kumar,9,0.00017,4789234,89.85880,5329733
12640,rbaumgar,9,0.00017,4789243,89.85897,5329733
12641,reconbot,9,0.00017,4789252,89.85914,5329733
12642,retrohacker,9,0.00017,4789261,89.85930,5329733
12643,rexxar-liang,9,0.00017,4789270,89.85947,5329733
12644,ric03uec,9,0.00017,4789279,89.85964,5329733
12645,RichardBronosky,9,0.00017,4789288,89.85981,5329733
12646,riginoommen,9,0.00017,4789297,89.85998,5329733
12647,rogerwelin,9,0.00017,4789306,89.86015,5329733
12648,rojopolis,9,0.00017,4789315,89.86032,5329733
12649,rollulus,9,0.00017,4789324,89.86049,5329733
12650,roopakparikh,9,0.00017,4789333,89.86066,5329733
12651,rrmckinley,9,0.00017,4789342,89.86082,5329733
12652,RTodorov,9,0.00017,4789351,89.86099,5329733
12653,russgold,9,0.00017,4789360,89.86116,5329733
12654,RustyBower,9,0.00017,4789369,89.86133,5329733
12655,rvsingh011,9,0.00017,4789378,89.86150,5329733
12656,ryadav88,9,0.00017,4789387,89.86167,5329733
12657,ryanhanks,9,0.00017,4789396,89.86184,5329733
12658,rybit,9,0.00017,4789405,89.86201,5329733
12659,SaphMB,9,0.00017,4789414,89.86218,5329733
12660,sayanh,9,0.00017,4789423,89.86234,5329733
12661,sbar95,9,0.00017,4789432,89.86251,5329733
12662,sbernheim,9,0.00017,4789441,89.86268,5329733
12663,sd2k,9,0.00017,4789450,89.86285,5329733
12664,sebzz,9,0.00017,4789459,89.86302,5329733
12665,selvik,9,0.00017,4789468,89.86319,5329733
12666,senorflor,9,0.00017,4789477,89.86336,5329733
12667,Seth-Karlo,9,0.00017,4789486,89.86353,5329733
12668,sfriedel,9,0.00017,4789495,89.86369,5329733
12669,sgallagher,9,0.00017,4789504,89.86386,5329733
12670,Shimi,9,0.00017,4789513,89.86403,5329733
12671,shredder12,9,0.00017,4789522,89.86420,5329733
12672,simpsonw,9,0.00017,4789531,89.86437,5329733
12673,singhshweta42,9,0.00017,4789540,89.86454,5329733
12674,sitnik,9,0.00017,4789549,89.86471,5329733
12675,sjungwirth,9,0.00017,4789558,89.86488,5329733
12676,skloss,9,0.00017,4789567,89.86505,5329733
12677,smwyzi,9,0.00017,4789576,89.86521,5329733
12678,snelis,9,0.00017,4789585,89.86538,5329733
12679,south37,9,0.00017,4789594,89.86555,5329733
12680,StephenKing,9,0.00017,4789603,89.86572,5329733
12681,stephentoub,9,0.00017,4789612,89.86589,5329733
12682,stevendanna,9,0.00017,4789621,89.86606,5329733
12683,subashd,9,0.00017,4789630,89.86623,5329733
12684,subodh-dharma,9,0.00017,4789639,89.86640,5329733
12685,suquant,9,0.00017,4789648,89.86657,5329733
12686,szibis,9,0.00017,4789657,89.86673,5329733
12687,taintedkernel,9,0.00017,4789666,89.86690,5329733
12688,tcarmet,9,0.00017,4789675,89.86707,5329733
12689,Tchinmai7,9,0.00017,4789684,89.86724,5329733
12690,Techcadia,9,0.00017,4789693,89.86741,5329733
12691,tessalt,9,0.00017,4789702,89.86758,5329733
12692,thassss,9,0.00017,4789711,89.86775,5329733
12693,thbkrkr,9,0.00017,4789720,89.86792,5329733
12694,theadactyl,9,0.00017,4789729,89.86809,5329733
12695,thebithead,9,0.00017,4789738,89.86825,5329733
12696,themez,9,0.00017,4789747,89.86842,5329733
12697,thomas-b-jackson,9,0.00017,4789756,89.86859,5329733
12698,thomasf,9,0.00017,4789765,89.86876,5329733
12699,thom-sd,9,0.00017,4789774,89.86893,5329733
12700,thylong,9,0.00017,4789783,89.86910,5329733
12701,tima,9,0.00017,4789792,89.86927,5329733
12702,tiwillia,9,0.00017,4789801,89.86944,5329733
12703,Tomcli,9,0.00017,4789810,89.86961,5329733
12704,tomgco,9,0.00017,4789819,89.86977,5329733
12705,tongda,9,0.00017,4789828,89.86994,5329733
12706,toothbrush,9,0.00017,4789837,89.87011,5329733
12707,Torgen,9,0.00017,4789846,89.87028,5329733
12708,torosent,9,0.00017,4789855,89.87045,5329733
12709,totahuanocotl,9,0.00017,4789864,89.87062,5329733
12710,tr8dr,9,0.00017,4789873,89.87079,5329733
12711,ttripp,9,0.00017,4789882,89.87096,5329733
12712,tuxtof,9,0.00017,4789891,89.87112,5329733
12713,twolfy,9,0.00017,4789900,89.87129,5329733
12714,tych0,9,0.00017,4789909,89.87146,5329733
12715,udondan,9,0.00017,4789918,89.87163,5329733
12716,vcaesar,9,0.00017,4789927,89.87180,5329733
12717,VcamX,9,0.00017,4789936,89.87197,5329733
12718,Verhaeg,9,0.00017,4789945,89.87214,5329733
12719,vgarcia-te,9,0.00017,4789954,89.87231,5329733
12720,vieux,9,0.00017,4789963,89.87248,5329733
12721,vjpr,9,0.00017,4789972,89.87264,5329733
12722,vlad-stoian,9,0.00017,4789981,89.87281,5329733
12723,vmtyler,9,0.00017,4789990,89.87298,5329733
12724,vturecek,9,0.00017,4789999,89.87315,5329733
12725,walkamongus,9,0.00017,4790008,89.87332,5329733
12726,Walliee,9,0.00017,4790017,89.87349,5329733
12727,wanlinus,9,0.00017,4790026,89.87366,5329733
12728,whoward,9,0.00017,4790035,89.87383,5329733
12729,wiliamsouza,9,0.00017,4790044,89.87400,5329733
12730,williamcaban,9,0.00017,4790053,89.87416,5329733
12731,wlynch,9,0.00017,4790062,89.87433,5329733
12732,wrigtim,9,0.00017,4790071,89.87450,5329733
12733,wshaffer,9,0.00017,4790080,89.87467,5329733
12734,wzhx78,9,0.00017,4790089,89.87484,5329733
12735,xelalexv,9,0.00017,4790098,89.87501,5329733
12736,xizhao,9,0.00017,4790107,89.87518,5329733
12737,xstevens,9,0.00017,4790116,89.87535,5329733
12738,yanivoliver,9,0.00017,4790125,89.87552,5329733
12739,yanshuai615270,9,0.00017,4790134,89.87568,5329733
12740,yeasy,9,0.00017,4790143,89.87585,5329733
12741,YianZong,9,0.00017,4790152,89.87602,5329733
12742,Yogendra0Sharma,9,0.00017,4790161,89.87619,5329733
12743,yoichi,9,0.00017,4790170,89.87636,5329733
12744,ys8,9,0.00017,4790179,89.87653,5329733
12745,ysolt,9,0.00017,4790188,89.87670,5329733
12746,zacharyzhao,9,0.00017,4790197,89.87687,5329733
12747,zackhsi,9,0.00017,4790206,89.87704,5329733
12748,zjwzte,9,0.00017,4790215,89.87720,5329733
12749,zkanda,9,0.00017,4790224,89.87737,5329733
12750,zmunro,9,0.00017,4790233,89.87754,5329733
12751,zodraz,9,0.00017,4790242,89.87771,5329733
12752,4nte,8,0.00015,4790250,89.87786,5329733
12753,aaparmeggiani,8,0.00015,4790258,89.87801,5329733
12754,AAzza,8,0.00015,4790266,89.87816,5329733
12755,abaiken,8,0.00015,4790274,89.87831,5329733
12756,acarl005,8,0.00015,4790282,89.87846,5329733
12757,adrianotto,8,0.00015,4790290,89.87861,5329733
12758,aead,8,0.00015,4790298,89.87876,5329733
12759,aexvir,8,0.00015,4790306,89.87891,5329733
12760,agcooke,8,0.00015,4790314,89.87906,5329733
12761,ah3rz,8,0.00015,4790322,89.87921,5329733
12762,ahl,8,0.00015,4790330,89.87936,5329733
12763,ahmedmagdiosman,8,0.00015,4790338,89.87951,5329733
12764,ahrkrak,8,0.00015,4790346,89.87966,5329733
12765,ahus1,8,0.00015,4790354,89.87981,5329733
12766,ajkerrigan,8,0.00015,4790362,89.87996,5329733
12767,aka-bo,8,0.00015,4790370,89.88011,5329733
12768,akshaisarathy,8,0.00015,4790378,89.88026,5329733
12769,aku105,8,0.00015,4790386,89.88041,5329733
12770,AlekseyMarchuk,8,0.00015,4790394,89.88056,5329733
12771,alexissavin,8,0.00015,4790402,89.88071,5329733
12772,alex-laties,8,0.00015,4790410,89.88086,5329733
12773,alfsuse,8,0.00015,4790418,89.88101,5329733
12774,Allenhaozi,8,0.00015,4790426,89.88116,5329733
12775,alobbs,8,0.00015,4790434,89.88131,5329733
12776,amacneil,8,0.00015,4790442,89.88146,5329733
12777,AmandaHassoun,8,0.00015,4790450,89.88161,5329733
12778,andreimatei,8,0.00015,4790458,89.88176,5329733
12779,Andrey9kin,8,0.00015,4790466,89.88191,5329733
12780,AndriiNeverov,8,0.00015,4790474,89.88206,5329733
12781,antony360,8,0.00015,4790482,89.88221,5329733
12782,anwarchk,8,0.00015,4790490,89.88236,5329733
12783,aosman-tibco,8,0.00015,4790498,89.88251,5329733
12784,apuchitnis,8,0.00015,4790506,89.88266,5329733
12785,ardan-bkennedy,8,0.00015,4790514,89.88281,5329733
12786,arieljatib,8,0.00015,4790522,89.88296,5329733
12787,ArjonBu,8,0.00015,4790530,89.88311,5329733
12788,arkadykanevsky,8,0.00015,4790538,89.88326,5329733
12789,armandleopold,8,0.00015,4790546,89.88341,5329733
12790,armen,8,0.00015,4790554,89.88356,5329733
12791,arnoldbechtoldt,8,0.00015,4790562,89.88371,5329733
12792,a-roberts,8,0.00015,4790570,89.88386,5329733
12793,arthurbarr,8,0.00015,4790578,89.88401,5329733
12794,ashwanikhemani,8,0.00015,4790586,89.88416,5329733
12795,aswinkarthik93,8,0.00015,4790594,89.88432,5329733
12796,audunstrand,8,0.00015,4790602,89.88447,5329733
12797,AviKndr,8,0.00015,4790610,89.88462,5329733
12798,aviweit,8,0.00015,4790618,89.88477,5329733
12799,avranju,8,0.00015,4790626,89.88492,5329733
12800,aywrite,8,0.00015,4790634,89.88507,5329733
12801,azhurbilo,8,0.00015,4790642,89.88522,5329733
12802,baconmania,8,0.00015,4790650,89.88537,5329733
12803,bartonjs,8,0.00015,4790658,89.88552,5329733
12804,bastelfreak,8,0.00015,4790666,89.88567,5329733
12805,bbhoss,8,0.00015,4790674,89.88582,5329733
12806,ben51,8,0.00015,4790682,89.88597,5329733
12807,BenElgar,8,0.00015,4790690,89.88612,5329733
12808,bflorat,8,0.00015,4790698,89.88627,5329733
12809,bgvladedivac,8,0.00015,4790706,89.88642,5329733
12810,bigwheel,8,0.00015,4790714,89.88657,5329733
12811,bitfehler,8,0.00015,4790722,89.88672,5329733
12812,blacktoe,8,0.00015,4790730,89.88687,5329733
12813,blockspacer,8,0.00015,4790738,89.88702,5329733
12814,bostrowski13,8,0.00015,4790746,89.88717,5329733
12815,brindasanth,8,0.00015,4790754,89.88732,5329733
12816,bryteise,8,0.00015,4790762,89.88747,5329733
12817,btison,8,0.00015,4790770,89.88762,5329733
12818,burningion,8,0.00015,4790778,89.88777,5329733
12819,buzzsurfr,8,0.00015,4790786,89.88792,5329733
12820,bwarminski,8,0.00015,4790794,89.88807,5329733
12821,calvinmetcalf,8,0.00015,4790802,89.88822,5329733
12822,camillol,8,0.00015,4790810,89.88837,5329733
12823,cangencer,8,0.00015,4790818,89.88852,5329733
12824,cgurnik,8,0.00015,4790826,89.88867,5329733
12825,ChanYiLin,8,0.00015,4790834,89.88882,5329733
12826,cholick,8,0.00015,4790842,89.88897,5329733
12827,chrishantha,8,0.00015,4790850,89.88912,5329733
12828,chriszs,8,0.00015,4790858,89.88927,5329733
12829,clintonk,8,0.00015,4790866,89.88942,5329733
12830,cmc476,8,0.00015,4790874,89.88957,5329733
12831,codeskyblue,8,0.00015,4790882,89.88972,5329733
12832,codeyq,8,0.00015,4790890,89.88987,5329733
12833,codytrey,8,0.00015,4790898,89.89002,5329733
12834,coldTea214,8,0.00015,4790906,89.89017,5329733
12835,coryfklein,8,0.00015,4790914,89.89032,5329733
12836,cosmicnag,8,0.00015,4790922,89.89047,5329733
12837,crigor,8,0.00015,4790930,89.89062,5329733
12838,csfrancis,8,0.00015,4790938,89.89077,5329733
12839,cvuillemez,8,0.00015,4790946,89.89092,5329733
12840,davenso,8,0.00015,4790954,89.89107,5329733
12841,davidgasquez,8,0.00015,4790962,89.89122,5329733
12842,davidholsgrove,8,0.00015,4790970,89.89137,5329733
12843,dawud,8,0.00015,4790978,89.89152,5329733
12844,dcberg,8,0.00015,4790986,89.89167,5329733
12845,deployable,8,0.00015,4790994,89.89182,5329733
12846,dgarros,8,0.00015,4791002,89.89197,5329733
12847,dgorst,8,0.00015,4791010,89.89212,5329733
12848,dioptre,8,0.00015,4791018,89.89227,5329733
12849,djgalloway,8,0.00015,4791026,89.89242,5329733
12850,Dlotan,8,0.00015,4791034,89.89257,5329733
12851,dmaciel,8,0.00015,4791042,89.89272,5329733
12852,dmclain,8,0.00015,4791050,89.89287,5329733
12853,dmegyesi,8,0.00015,4791058,89.89302,5329733
12854,dmexe,8,0.00015,4791066,89.89317,5329733
12855,dosire,8,0.00015,4791074,89.89332,5329733
12856,dosullivan,8,0.00015,4791082,89.89347,5329733
12857,DreamRivulet,8,0.00015,4791090,89.89362,5329733
12858,DSchmidtDev,8,0.00015,4791098,89.89377,5329733
12859,DTMad,8,0.00015,4791106,89.89392,5329733
12860,dtourde,8,0.00015,4791114,89.89407,5329733
12861,duga3,8,0.00015,4791122,89.89422,5329733
12862,duhenglucky,8,0.00015,4791130,89.89437,5329733
12863,dwalter,8,0.00015,4791138,89.89452,5329733
12864,dzuelke,8,0.00015,4791146,89.89467,5329733
12865,eamontaaffe,8,0.00015,4791154,89.89482,5329733
12866,eatnumber1,8,0.00015,4791162,89.89497,5329733
12867,ebuildy,8,0.00015,4791170,89.89512,5329733
12868,eddelbuettel,8,0.00015,4791178,89.89527,5329733
12869,edjee,8,0.00015,4791186,89.89542,5329733
12870,egoon,8,0.00015,4791194,89.89557,5329733
12871,eLco,8,0.00015,4791202,89.89572,5329733
12872,elliot,8,0.00015,4791210,89.89587,5329733
12873,elyzov-plesk,8,0.00015,4791218,89.89602,5329733
12874,emailksravi,8,0.00015,4791226,89.89617,5329733
12875,Envek,8,0.00015,4791234,89.89632,5329733
12876,esevan,8,0.00015,4791242,89.89647,5329733
12877,fdeswardt,8,0.00015,4791250,89.89662,5329733
12878,ferdinandhuebner,8,0.00015,4791258,89.89677,5329733
12879,feynmanliang,8,0.00015,4791266,89.89692,5329733
12880,fgogolli,8,0.00015,4791274,89.89707,5329733
12881,firrae,8,0.00015,4791282,89.89722,5329733
12882,fitex,8,0.00015,4791290,89.89737,5329733
12883,forrestwaters,8,0.00015,4791298,89.89752,5329733
12884,frandbf,8,0.00015,4791306,89.89767,5329733
12885,freeekanayaka,8,0.00015,4791314,89.89782,5329733
12886,gabrielweyer,8,0.00015,4791322,89.89797,5329733
12887,gangefors,8,0.00015,4791330,89.89812,5329733
12888,gaplyk,8,0.00015,4791338,89.89827,5329733
12889,GavinAF,8,0.00015,4791346,89.89842,5329733
12890,gazialankus,8,0.00015,4791354,89.89857,5329733
12891,gbolo,8,0.00015,4791362,89.89872,5329733
12892,gdi2290,8,0.00015,4791370,89.89887,5329733
12893,geekard,8,0.00015,4791378,89.89902,5329733
12894,ghaydtner,8,0.00015,4791386,89.89918,5329733
12895,ghugo,8,0.00015,4791394,89.89933,5329733
12896,gislan,8,0.00015,4791402,89.89948,5329733
12897,GnawNom,8,0.00015,4791410,89.89963,5329733
12898,gongomgra,8,0.00015,4791418,89.89978,5329733
12899,gongysh2004,8,0.00015,4791426,89.89993,5329733
12900,grafuls,8,0.00015,4791434,89.90008,5329733
12901,gtr32x,8,0.00015,4791442,89.90023,5329733
12902,gunyarakun,8,0.00015,4791450,89.90038,5329733
12903,h4xnoodle,8,0.00015,4791458,89.90053,5329733
12904,haoch,8,0.00015,4791466,89.90068,5329733
12905,harper1011,8,0.00015,4791474,89.90083,5329733
12906,henrysher,8,0.00015,4791482,89.90098,5329733
12907,hidai,8,0.00015,4791490,89.90113,5329733
12908,highfield,8,0.00015,4791498,89.90128,5329733
12909,hmdfsn,8,0.00015,4791506,89.90143,5329733
12910,hoffin,8,0.00015,4791514,89.90158,5329733
12911,holgpar,8,0.00015,4791522,89.90173,5329733
12912,hostirosti,8,0.00015,4791530,89.90188,5329733
12913,hsahuntnx,8,0.00015,4791538,89.90203,5329733
12914,hzgu-ibm,8,0.00015,4791546,89.90218,5329733
12915,ievgen-kolomiiets,8,0.00015,4791554,89.90233,5329733
12916,ifraixedes,8,0.00015,4791562,89.90248,5329733
12917,imWildCat,8,0.00015,4791570,89.90263,5329733
12918,inferno-chromium,8,0.00015,4791578,89.90278,5329733
12919,ingvarch,8,0.00015,4791586,89.90293,5329733
12920,isturdy,8,0.00015,4791594,89.90308,5329733
12921,jacobweinstock,8,0.00015,4791602,89.90323,5329733
12922,jainh,8,0.00015,4791610,89.90338,5329733
12923,jamessewell,8,0.00015,4791618,89.90353,5329733
12924,jan11011977,8,0.00015,4791626,89.90368,5329733
12925,jbaruch,8,0.00015,4791634,89.90383,5329733
12926,jbhannah,8,0.00015,4791642,89.90398,5329733
12927,jbrawdy,8,0.00015,4791650,89.90413,5329733
12928,jcdickinson,8,0.00015,4791658,89.90428,5329733
12929,jdartigalongue,8,0.00015,4791666,89.90443,5329733
12930,jeblair,8,0.00015,4791674,89.90458,5329733
12931,jeffkight,8,0.00015,4791682,89.90473,5329733
12932,JeffPaine,8,0.00015,4791690,89.90488,5329733
12933,jengelh,8,0.00015,4791698,89.90503,5329733
12934,jerryrelmore,8,0.00015,4791706,89.90518,5329733
12935,jetsanix,8,0.00015,4791714,89.90533,5329733
12936,jhsiaosuse,8,0.00015,4791722,89.90548,5329733
12937,jhuntoo,8,0.00015,4791730,89.90563,5329733
12938,jiacona,8,0.00015,4791738,89.90578,5329733
12939,jihed,8,0.00015,4791746,89.90593,5329733
12940,jimharris,8,0.00015,4791754,89.90608,5329733
12941,Jimmy-Xu,8,0.00015,4791762,89.90623,5329733
12942,jlind23,8,0.00015,4791770,89.90638,5329733
12943,johnmcollier,8,0.00015,4791778,89.90653,5329733
12944,JohnTheNerd,8,0.00015,4791786,89.90668,5329733
12945,jonk,8,0.00015,4791794,89.90683,5329733
12946,jonkerj,8,0.00015,4791802,89.90698,5329733
12947,jordanyaker,8,0.00015,4791810,89.90713,5329733
12948,jrossiter,8,0.00015,4791818,89.90728,5329733
12949,jstarks,8,0.00015,4791826,89.90743,5329733
12950,juliusmilan,8,0.00015,4791834,89.90758,5329733
12951,juvlarN,8,0.00015,4791842,89.90773,5329733
12952,jyparketc,8,0.00015,4791850,89.90788,5329733
12953,karlatec,8,0.00015,4791858,89.90803,5329733
12954,kbacha,8,0.00015,4791866,89.90818,5329733
12955,keith-mcclellan,8,0.00015,4791874,89.90833,5329733
12956,kemitche,8,0.00015,4791882,89.90848,5329733
12957,kenowens12,8,0.00015,4791890,89.90863,5329733
12958,kfirstri,8,0.00015,4791898,89.90878,5329733
12959,kgoldbla,8,0.00015,4791906,89.90893,5329733
12960,kiawin,8,0.00015,4791914,89.90908,5329733
12961,kidiyoor,8,0.00015,4791922,89.90923,5329733
12962,killuazhu,8,0.00015,4791930,89.90938,5329733
12963,KingEmet,8,0.00015,4791938,89.90953,5329733
12964,kleesc,8,0.00015,4791946,89.90968,5329733
12965,kobtea,8,0.00015,4791954,89.90983,5329733
12966,kramerul,8,0.00015,4791962,89.90998,5329733
12967,kristiandrucker,8,0.00015,4791970,89.91013,5329733
12968,ktravis,8,0.00015,4791978,89.91028,5329733
12969,kumaravel29,8,0.00015,4791986,89.91043,5329733
12970,kurbar,8,0.00015,4791994,89.91058,5329733
12971,kyleschlosser,8,0.00015,4792002,89.91073,5329733
12972,larryrensing,8,0.00015,4792010,89.91088,5329733
12973,lausser,8,0.00015,4792018,89.91103,5329733
12974,leomindez,8,0.00015,4792026,89.91118,5329733
12975,lgarciaaco,8,0.00015,4792034,89.91133,5329733
12976,limx59,8,0.00015,4792042,89.91148,5329733
12977,lishuai87,8,0.00015,4792050,89.91163,5329733
12978,lmcarreiro,8,0.00015,4792058,89.91178,5329733
12979,lorenanicole,8,0.00015,4792066,89.91193,5329733
12980,lorrin,8,0.00015,4792074,89.91208,5329733
12981,louislepper,8,0.00015,4792082,89.91223,5329733
12982,lucasponce,8,0.00015,4792090,89.91238,5329733
12983,luthermonson,8,0.00015,4792098,89.91253,5329733
12984,mainephd,8,0.00015,4792106,89.91268,5329733
12985,malaDev,8,0.00015,4792114,89.91283,5329733
12986,markeijsermans,8,0.00015,4792122,89.91298,5329733
12987,maryshak1996,8,0.00015,4792130,89.91313,5329733
12988,maryyliu,8,0.00015,4792138,89.91328,5329733
12989,mashrin,8,0.00015,4792146,89.91343,5329733
12990,MatejB,8,0.00015,4792154,89.91358,5329733
12991,mateusbraga,8,0.00015,4792162,89.91373,5329733
12992,MatthewDavidCampbell,8,0.00015,4792170,89.91388,5329733
12993,mdevan,8,0.00015,4792178,89.91404,5329733
12994,Meghna-singh,8,0.00015,4792186,89.91419,5329733
12995,mhamrah,8,0.00015,4792194,89.91434,5329733
12996,mhoeger,8,0.00015,4792202,89.91449,5329733
12997,michaelkipper,8,0.00015,4792210,89.91464,5329733
12998,mikesir87,8,0.00015,4792218,89.91479,5329733
12999,mikeykhalil,8,0.00015,4792226,89.91494,5329733
13000,mileszhang2016,8,0.00015,4792234,89.91509,5329733
13001,mjlodge,8,0.00015,4792242,89.91524,5329733
13002,mmb,8,0.00015,4792250,89.91539,5329733
13003,mnltejaswini,8,0.00015,4792258,89.91554,5329733
13004,mohamed-eldafrawi,8,0.00015,4792266,89.91569,5329733
13005,mohammadshamma,8,0.00015,4792274,89.91584,5329733
13006,msiedlarek,8,0.00015,4792282,89.91599,5329733
13007,naiduasn,8,0.00015,4792290,89.91614,5329733
13008,nalbury-handy,8,0.00015,4792298,89.91629,5329733
13009,nanaze,8,0.00015,4792306,89.91644,5329733
13010,narethim,8,0.00015,4792314,89.91659,5329733
13011,navidsh,8,0.00015,4792322,89.91674,5329733
13012,neil-ca-moore,8,0.00015,4792330,89.91689,5329733
13013,netmonk,8,0.00015,4792338,89.91704,5329733
13014,nfons,8,0.00015,4792346,89.91719,5329733
13015,NickLavrov,8,0.00015,4792354,89.91734,5329733
13016,nicolethoen,8,0.00015,4792362,89.91749,5329733
13017,nijotz,8,0.00015,4792370,89.91764,5329733
13018,Niksko,8,0.00015,4792378,89.91779,5329733
13019,nkvoll,8,0.00015,4792386,89.91794,5329733
13020,nkysg,8,0.00015,4792394,89.91809,5329733
13021,nuistzyw,8,0.00015,4792402,89.91824,5329733
13022,nunziox,8,0.00015,4792410,89.91839,5329733
13023,ohookins,8,0.00015,4792418,89.91854,5329733
13024,okahashi117,8,0.00015,4792426,89.91869,5329733
13025,OlivierBoucher,8,0.00015,4792434,89.91884,5329733
13026,olostan,8,0.00015,4792442,89.91899,5329733
13027,onet-git,8,0.00015,4792450,89.91914,5329733
13028,orrchen,8,0.00015,4792458,89.91929,5329733
13029,overtrue,8,0.00015,4792466,89.91944,5329733
13030,paddybyers,8,0.00015,4792474,89.91959,5329733
13031,palemtnrider,8,0.00015,4792482,89.91974,5329733
13032,ParagDoke,8,0.00015,4792490,89.91989,5329733
13033,PatOConnor43,8,0.00015,4792498,89.92004,5329733
13034,pbouillet,8,0.00015,4792506,89.92019,5329733
13035,pcrews,8,0.00015,4792514,89.92034,5329733
13036,pcx,8,0.00015,4792522,89.92049,5329733
13037,pdh,8,0.00015,4792530,89.92064,5329733
13038,pebrc,8,0.00015,4792538,89.92079,5329733
13039,petetnt,8,0.00015,4792546,89.92094,5329733
13040,petrutlucian94,8,0.00015,4792554,89.92109,5329733
13041,pgerv12,8,0.00015,4792562,89.92124,5329733
13042,phanimullapudi,8,0.00015,4792570,89.92139,5329733
13043,Philmod,8,0.00015,4792578,89.92154,5329733
13044,pierrebeaucamp,8,0.00015,4792586,89.92169,5329733
13045,pju-d2si,8,0.00015,4792594,89.92184,5329733
13046,pkalemba,8,0.00015,4792602,89.92199,5329733
13047,Qix-,8,0.00015,4792610,89.92214,5329733
13048,qixuanl1,8,0.00015,4792618,89.92229,5329733
13049,r3kzi,8,0.00015,4792626,89.92244,5329733
13050,rajdhandus,8,0.00015,4792634,89.92259,5329733
13051,rajneesh-ops,8,0.00015,4792642,89.92274,5329733
13052,razvan-wework,8,0.00015,4792650,89.92289,5329733
13053,r-dilip,8,0.00015,4792658,89.92304,5329733
13054,readygodom,8,0.00015,4792666,89.92319,5329733
13055,remore,8,0.00015,4792674,89.92334,5329733
13056,reuvenharrison,8,0.00015,4792682,89.92349,5329733
13057,robertgzr,8,0.00015,4792690,89.92364,5329733
13058,ryandgoulding,8,0.00015,4792698,89.92379,5329733
13059,samanthakem,8,0.00015,4792706,89.92394,5329733
13060,SaMnCo,8,0.00015,4792714,89.92409,5329733
13061,sandhose,8,0.00015,4792722,89.92424,5329733
13062,sanjaynaikwadi,8,0.00015,4792730,89.92439,5329733
13063,santoshsahoo,8,0.00015,4792738,89.92454,5329733
13064,sdomula,8,0.00015,4792746,89.92469,5329733
13065,sfroment,8,0.00015,4792754,89.92484,5329733
13066,sgraczyk,8,0.00015,4792762,89.92499,5329733
13067,sgringwe,8,0.00015,4792770,89.92514,5329733
13068,shahidhk,8,0.00015,4792778,89.92529,5329733
13069,shamrin,8,0.00015,4792786,89.92544,5329733
13070,shanepeckham,8,0.00015,4792794,89.92559,5329733
13071,Sheshagiri,8,0.00015,4792802,89.92574,5329733
13072,shiftkey,8,0.00015,4792810,89.92589,5329733
13073,shishir-a412ed,8,0.00015,4792818,89.92604,5329733
13074,silverjam,8,0.00015,4792826,89.92619,5329733
13075,silvia-odwyer,8,0.00015,4792834,89.92634,5329733
13076,simmessa,8,0.00015,4792842,89.92649,5329733
13077,sjernigan,8,0.00015,4792850,89.92664,5329733
13078,sjwaight,8,0.00015,4792858,89.92679,5329733
13079,SkinyMonkey,8,0.00015,4792866,89.92694,5329733
13080,smawson,8,0.00015,4792874,89.92709,5329733
13081,sostheim,8,0.00015,4792882,89.92724,5329733
13082,sotiris84,8,0.00015,4792890,89.92739,5329733
13083,spesnova,8,0.00015,4792898,89.92754,5329733
13084,srikumar-b,8,0.00015,4792906,89.92769,5329733
13085,sssilver,8,0.00015,4792914,89.92784,5329733
13086,staugust,8,0.00015,4792922,89.92799,5329733
13087,steelbrain,8,0.00015,4792930,89.92814,5329733
13088,stephen-soltesz,8,0.00015,4792938,89.92829,5329733
13089,stiopaa1,8,0.00015,4792946,89.92844,5329733
13090,StoneRelax,8,0.00015,4792954,89.92859,5329733
13091,Strech,8,0.00015,4792962,89.92875,5329733
13092,stuart-mclaren,8,0.00015,4792970,89.92890,5329733
13093,swhsiang,8,0.00015,4792978,89.92905,5329733
13094,szbjb,8,0.00015,4792986,89.92920,5329733
13095,tavish-stripe,8,0.00015,4792994,89.92935,5329733
13096,taylorsmithgg,8,0.00015,4793002,89.92950,5329733
13097,Tenaria,8,0.00015,4793010,89.92965,5329733
13098,teresy,8,0.00015,4793018,89.92980,5329733
13099,tessr,8,0.00015,4793026,89.92995,5329733
13100,Thaina,8,0.00015,4793034,89.93010,5329733
13101,theeltahir,8,0.00015,4793042,89.93025,5329733
13102,TheoBrigitte,8,0.00015,4793050,89.93040,5329733
13103,theRealWardo,8,0.00015,4793058,89.93055,5329733
13104,thiagodasilva,8,0.00015,4793066,89.93070,5329733
13105,thomasfricke,8,0.00015,4793074,89.93085,5329733
13106,thomaspeitz,8,0.00015,4793082,89.93100,5329733
13107,thourfor,8,0.00015,4793090,89.93115,5329733
13108,timtoum,8,0.00015,4793098,89.93130,5329733
13109,t-matsuo,8,0.00015,4793106,89.93145,5329733
13110,tomassedovic,8,0.00015,4793114,89.93160,5329733
13111,tpot,8,0.00015,4793122,89.93175,5329733
13112,trthomps,8,0.00015,4793130,89.93190,5329733
13113,tzd-sh,8,0.00015,4793138,89.93205,5329733
13114,ukai,8,0.00015,4793146,89.93220,5329733
13115,vania-pooh,8,0.00015,4793154,89.93235,5329733
13116,vasukulkarni,8,0.00015,4793162,89.93250,5329733
13117,vFondevilla,8,0.00015,4793170,89.93265,5329733
13118,vitalybuka,8,0.00015,4793178,89.93280,5329733
13119,vivkong,8,0.00015,4793186,89.93295,5329733
13120,vkryachko,8,0.00015,4793194,89.93310,5329733
13121,vmbrasseur,8,0.00015,4793202,89.93325,5329733
13122,vvishal1,8,0.00015,4793210,89.93340,5329733
13123,wangtjia,8,0.00015,4793218,89.93355,5329733
13124,waynebrantley,8,0.00015,4793226,89.93370,5329733
13125,wgordon17,8,0.00015,4793234,89.93385,5329733
13126,williammartin,8,0.00015,4793242,89.93400,5329733
13127,willmadison,8,0.00015,4793250,89.93415,5329733
13128,wilsonwen,8,0.00015,4793258,89.93430,5329733
13129,wjin,8,0.00015,4793266,89.93445,5329733
13130,wuman,8,0.00015,4793274,89.93460,5329733
13131,xenolog,8,0.00015,4793282,89.93475,5329733
13132,xianghu1314,8,0.00015,4793290,89.93490,5329733
13133,xuwang,8,0.00015,4793298,89.93505,5329733
13134,Yan-J,8,0.00015,4793306,89.93520,5329733
13135,yehudasa,8,0.00015,4793314,89.93535,5329733
13136,Yhg1s,8,0.00015,4793322,89.93550,5329733
13137,zhihuiwu,8,0.00015,4793330,89.93565,5329733
13138,zhonglin6666,8,0.00015,4793338,89.93580,5329733
13139,zhucebuliaolongchuan,8,0.00015,4793346,89.93595,5329733
13140,zigmax,8,0.00015,4793354,89.93610,5329733
13141,zmedico,8,0.00015,4793362,89.93625,5329733
13142,zsais,8,0.00015,4793370,89.93640,5329733
13143,zsolt-keseru-epam,8,0.00015,4793378,89.93655,5329733
13144,16yuki0702,7,0.00013,4793385,89.93668,5329733
13145,2PacIsAlive,7,0.00013,4793392,89.93681,5329733
13146,9to6,7,0.00013,4793399,89.93694,5329733
13147,aarononeal,7,0.00013,4793406,89.93708,5329733
13148,aaronSig,7,0.00013,4793413,89.93721,5329733
13149,abronan,7,0.00013,4793420,89.93734,5329733
13150,adarshaJha,7,0.00013,4793427,89.93747,5329733
13151,adberglund,7,0.00013,4793434,89.93760,5329733
13152,aerdei,7,0.00013,4793441,89.93773,5329733
13153,aerokite,7,0.00013,4793448,89.93786,5329733
13154,afirago,7,0.00013,4793455,89.93800,5329733
13155,afmsavage,7,0.00013,4793462,89.93813,5329733
13156,aforward,7,0.00013,4793469,89.93826,5329733
13157,agardnerIT,7,0.00013,4793476,89.93839,5329733
13158,aheckmann,7,0.00013,4793483,89.93852,5329733
13159,akhenakh,7,0.00013,4793490,89.93865,5329733
13160,akieling,7,0.00013,4793497,89.93878,5329733
13161,akreiling,7,0.00013,4793504,89.93891,5329733
13162,akupila,7,0.00013,4793511,89.93905,5329733
13163,albertoleal,7,0.00013,4793518,89.93918,5329733
13164,alde,7,0.00013,4793525,89.93931,5329733
13165,alexcope,7,0.00013,4793532,89.93944,5329733
13166,alexlo03,7,0.00013,4793539,89.93957,5329733
13167,aliench0,7,0.00013,4793546,89.93970,5329733
13168,AmetPreply,7,0.00013,4793553,89.93983,5329733
13169,amotoki,7,0.00013,4793560,89.93997,5329733
13170,andrebrait,7,0.00013,4793567,89.94010,5329733
13171,andybons,7,0.00013,4793574,89.94023,5329733
13172,andypost,7,0.00013,4793581,89.94036,5329733
13173,andyyoung01,7,0.00013,4793588,89.94049,5329733
13174,aneeshep,7,0.00013,4793595,89.94062,5329733
13175,anikin-aa,7,0.00013,4793602,89.94075,5329733
13176,anilarora,7,0.00013,4793609,89.94088,5329733
13177,ankushagarwal,7,0.00013,4793616,89.94102,5329733
13178,arfaian,7,0.00013,4793623,89.94115,5329733
13179,ariestiyansyah,7,0.00013,4793630,89.94128,5329733
13180,arslanbekov,7,0.00013,4793637,89.94141,5329733
13181,artburkart,7,0.00013,4793644,89.94154,5329733
13182,arunramachandran15,7,0.00013,4793651,89.94167,5329733
13183,ashald,7,0.00013,4793658,89.94180,5329733
13184,asincu,7,0.00013,4793665,89.94194,5329733
13185,asomers,7,0.00013,4793672,89.94207,5329733
13186,aureq,7,0.00013,4793679,89.94220,5329733
13187,avinash-rath,7,0.00013,4793686,89.94233,5329733
13188,birdayz,7,0.00013,4793693,89.94246,5329733
13189,blaise-sumo,7,0.00013,4793700,89.94259,5329733
13190,blake,7,0.00013,4793707,89.94272,5329733
13191,blixt,7,0.00013,4793714,89.94285,5329733
13192,blueyed,7,0.00013,4793721,89.94299,5329733
13193,bmatcuk,7,0.00013,4793728,89.94312,5329733
13194,bmizerany,7,0.00013,4793735,89.94325,5329733
13195,bogard1203,7,0.00013,4793742,89.94338,5329733
13196,borekb,7,0.00013,4793749,89.94351,5329733
13197,Boskey,7,0.00013,4793756,89.94364,5329733
13198,bradcypert,7,0.00013,4793763,89.94377,5329733
13199,bsherman,7,0.00013,4793770,89.94391,5329733
13200,burr86,7,0.00013,4793777,89.94404,5329733
13201,c0d1ngm0nk3y,7,0.00013,4793784,89.94417,5329733
13202,c3mb0,7,0.00013,4793791,89.94430,5329733
13203,c9s,7,0.00013,4793798,89.94443,5329733
13204,caiobrentano,7,0.00013,4793805,89.94456,5329733
13205,camerondavison,7,0.00013,4793812,89.94469,5329733
13206,CandiceGuo,7,0.00013,4793819,89.94482,5329733
13207,carlsverre,7,0.00013,4793826,89.94496,5329733
13208,cartr,7,0.00013,4793833,89.94509,5329733
13209,cedbossneo,7,0.00013,4793840,89.94522,5329733
13210,ceralena,7,0.00013,4793847,89.94535,5329733
13211,cgag,7,0.00013,4793854,89.94548,5329733
13212,chees,7,0.00013,4793861,89.94561,5329733
13213,chenquanzhao,7,0.00013,4793868,89.94574,5329733
13214,Cherry,7,0.00013,4793875,89.94588,5329733
13215,clintberry,7,0.00013,4793882,89.94601,5329733
13216,CMartinUdden,7,0.00013,4793889,89.94614,5329733
13217,cnadeau,7,0.00013,4793896,89.94627,5329733
13218,colindev,7,0.00013,4793903,89.94640,5329733
13219,commarla,7,0.00013,4793910,89.94653,5329733
13220,cortextual,7,0.00013,4793917,89.94666,5329733
13221,corymsmith,7,0.00013,4793924,89.94679,5329733
13222,craicoverflow,7,0.00013,4793931,89.94693,5329733
13223,crccheck,7,0.00013,4793938,89.94706,5329733
13224,creinig,7,0.00013,4793945,89.94719,5329733
13225,crunchie84,7,0.00013,4793952,89.94732,5329733
13226,ctozzi,7,0.00013,4793959,89.94745,5329733
13227,cwedgwood,7,0.00013,4793966,89.94758,5329733
13228,cychiang,7,0.00013,4793973,89.94771,5329733
13229,dacleyra,7,0.00013,4793980,89.94785,5329733
13230,dahc,7,0.00013,4793987,89.94798,5329733
13231,dalvizu,7,0.00013,4793994,89.94811,5329733
13232,danp,7,0.00013,4794001,89.94824,5329733
13233,DaveKriegerEmerald,7,0.00013,4794008,89.94837,5329733
13234,davidblewett,7,0.00013,4794015,89.94850,5329733
13235,davidcurrie,7,0.00013,4794022,89.94863,5329733
13236,davideagen,7,0.00013,4794029,89.94876,5329733
13237,davidebelloni,7,0.00013,4794036,89.94890,5329733
13238,DavidRotert,7,0.00013,4794043,89.94903,5329733
13239,davidwilliamson,7,0.00013,4794050,89.94916,5329733
13240,ddelbondio,7,0.00013,4794057,89.94929,5329733
13241,ddompe,7,0.00013,4794064,89.94942,5329733
13242,dgem,7,0.00013,4794071,89.94955,5329733
13243,dhay,7,0.00013,4794078,89.94968,5329733
13244,dhrupadb,7,0.00013,4794085,89.94982,5329733
13245,dhxgit,7,0.00013,4794092,89.94995,5329733
13246,divanikus,7,0.00013,4794099,89.95008,5329733
13247,djtaylor,7,0.00013,4794106,89.95021,5329733
13248,djvirgen,7,0.00013,4794113,89.95034,5329733
13249,dlashua,7,0.00013,4794120,89.95047,5329733
13250,dln,7,0.00013,4794127,89.95060,5329733
13251,dmitryzykov,7,0.00013,4794134,89.95073,5329733
13252,dncarley,7,0.00013,4794141,89.95087,5329733
13253,domhauton,7,0.00013,4794148,89.95100,5329733
13254,drukelly,7,0.00013,4794155,89.95113,5329733
13255,dseynaev,7,0.00013,4794162,89.95126,5329733
13256,ducwindow,7,0.00013,4794169,89.95139,5329733
13257,DungLai,7,0.00013,4794176,89.95152,5329733
13258,dungpa,7,0.00013,4794183,89.95165,5329733
13259,dustinlessard-wf,7,0.00013,4794190,89.95179,5329733
13260,dwelch2344,7,0.00013,4794197,89.95192,5329733
13261,dwittmer,7,0.00013,4794204,89.95205,5329733
13262,dzavalkinolx,7,0.00013,4794211,89.95218,5329733
13263,eaglo,7,0.00013,4794218,89.95231,5329733
13264,earies,7,0.00013,4794225,89.95244,5329733
13265,eduardobcastro,7,0.00013,4794232,89.95257,5329733
13266,efranford,7,0.00013,4794239,89.95270,5329733
13267,egilsster,7,0.00013,4794246,89.95284,5329733
13268,ehardon,7,0.00013,4794253,89.95297,5329733
13269,eigokor,7,0.00013,4794260,89.95310,5329733
13270,eik3,7,0.00013,4794267,89.95323,5329733
13271,ekaakurniawan,7,0.00013,4794274,89.95336,5329733
13272,elvanja,7,0.00013,4794281,89.95349,5329733
13273,emerlinsky,7,0.00013,4794288,89.95362,5329733
13274,EngHabu,7,0.00013,4794295,89.95376,5329733
13275,ento,7,0.00013,4794302,89.95389,5329733
13276,eohtake,7,0.00013,4794309,89.95402,5329733
13277,eric4545,7,0.00013,4794316,89.95415,5329733
13278,erickhun,7,0.00013,4794323,89.95428,5329733
13279,erik777,7,0.00013,4794330,89.95441,5329733
13280,eripa,7,0.00013,4794337,89.95454,5329733
13281,esanchezm,7,0.00013,4794344,89.95468,5329733
13282,evanscastonguay,7,0.00013,4794351,89.95481,5329733
13283,fahlmant,7,0.00013,4794358,89.95494,5329733
13284,Fank,7,0.00013,4794365,89.95507,5329733
13285,farquet,7,0.00013,4794372,89.95520,5329733
13286,fearoffish,7,0.00013,4794379,89.95533,5329733
13287,feicun,7,0.00013,4794386,89.95546,5329733
13288,feikesteenbergen,7,0.00013,4794393,89.95559,5329733
13289,felixonmars,7,0.00013,4794400,89.95573,5329733
13290,fengjingchao,7,0.00013,4794407,89.95586,5329733
13291,ferrantim,7,0.00013,4794414,89.95599,5329733
13292,FogDong,7,0.00013,4794421,89.95612,5329733
13293,fogine,7,0.00013,4794428,89.95625,5329733
13294,FournierAlexandre,7,0.00013,4794435,89.95638,5329733
13295,frankbu,7,0.00013,4794442,89.95651,5329733
13296,freedev,7,0.00013,4794449,89.95665,5329733
13297,FreedomBen,7,0.00013,4794456,89.95678,5329733
13298,frimik,7,0.00013,4794463,89.95691,5329733
13299,fungi,7,0.00013,4794470,89.95704,5329733
13300,fussybeaver,7,0.00013,4794477,89.95717,5329733
13301,gaurav36,7,0.00013,4794484,89.95730,5329733
13302,gauthierbl,7,0.00013,4794491,89.95743,5329733
13303,gearoidibm,7,0.00013,4794498,89.95756,5329733
13304,ghost974,7,0.00013,4794505,89.95770,5329733
13305,gibson042,7,0.00013,4794512,89.95783,5329733
13306,gillesdemey,7,0.00013,4794519,89.95796,5329733
13307,giorgioazzinnaro,7,0.00013,4794526,89.95809,5329733
13308,gmiretti,7,0.00013,4794533,89.95822,5329733
13309,gnustavo,7,0.00013,4794540,89.95835,5329733
13310,gssxd,7,0.00013,4794547,89.95848,5329733
13311,guilhermeoki,7,0.00013,4794554,89.95862,5329733
13312,gust1n,7,0.00013,4794561,89.95875,5329733
13313,gyulaweber,7,0.00013,4794568,89.95888,5329733
13314,hemildesai,7,0.00013,4794575,89.95901,5329733
13315,heppu,7,0.00013,4794582,89.95914,5329733
13316,horaceheaven,7,0.00013,4794589,89.95927,5329733
13317,hstan,7,0.00013,4794596,89.95940,5329733
13318,hubinix,7,0.00013,4794603,89.95953,5329733
13319,iancoffey,7,0.00013,4794610,89.95967,5329733
13320,ianfisk,7,0.00013,4794617,89.95980,5329733
13321,ib-steffen,7,0.00013,4794624,89.95993,5329733
13322,iceycake,7,0.00013,4794631,89.96006,5329733
13323,idanshahar,7,0.00013,4794638,89.96019,5329733
13324,idouba,7,0.00013,4794645,89.96032,5329733
13325,igalic,7,0.00013,4794652,89.96045,5329733
13326,ikmrgrv,7,0.00013,4794659,89.96059,5329733
13327,ikoevska,7,0.00013,4794666,89.96072,5329733
13328,ikropotov,7,0.00013,4794673,89.96085,5329733
13329,iremmats,7,0.00013,4794680,89.96098,5329733
13330,IsaacAnastasoff,7,0.00013,4794687,89.96111,5329733
13331,iwasakims,7,0.00013,4794694,89.96124,5329733
13332,izaac,7,0.00013,4794701,89.96137,5329733
13333,Jagatjot,7,0.00013,4794708,89.96150,5329733
13334,JamesDeFabia,7,0.00013,4794715,89.96164,5329733
13335,jamiefang,7,0.00013,4794722,89.96177,5329733
13336,janekbaraniewski,7,0.00013,4794729,89.96190,5329733
13337,jaxi,7,0.00013,4794736,89.96203,5329733
13338,jcaianirh,7,0.00013,4794743,89.96216,5329733
13339,jcezarms,7,0.00013,4794750,89.96229,5329733
13340,jcmackie,7,0.00013,4794757,89.96242,5329733
13341,jdalton,7,0.00013,4794764,89.96256,5329733
13342,jdavis7257,7,0.00013,4794771,89.96269,5329733
13343,jdmulloy,7,0.00013,4794778,89.96282,5329733
13344,jdoss,7,0.00013,4794785,89.96295,5329733
13345,JeffWuBJ,7,0.00013,4794792,89.96308,5329733
13346,jenspinney,7,0.00013,4794799,89.96321,5329733
13347,jgelens,7,0.00013,4794806,89.96334,5329733
13348,JHK,7,0.00013,4794813,89.96347,5329733
13349,jirenius,7,0.00013,4794820,89.96361,5329733
13350,jlyheden,7,0.00013,4794827,89.96374,5329733
13351,jmcshane,7,0.00013,4794834,89.96387,5329733
13352,jmeulemans,7,0.00013,4794841,89.96400,5329733
13353,joegaffey,7,0.00013,4794848,89.96413,5329733
13354,joejstuart,7,0.00013,4794855,89.96426,5329733
13355,johnsusi,7,0.00013,4794862,89.96439,5329733
13356,JoHuang,7,0.00013,4794869,89.96453,5329733
13357,jojje,7,0.00013,4794876,89.96466,5329733
13358,JoooostB,7,0.00013,4794883,89.96479,5329733
13359,jorneilander,7,0.00013,4794890,89.96492,5329733
13360,josh-tepper,7,0.00013,4794897,89.96505,5329733
13361,jpeterson88,7,0.00013,4794904,89.96518,5329733
13362,juliens,7,0.00013,4794911,89.96531,5329733
13363,juneharton,7,0.00013,4794918,89.96544,5329733
13364,jwolski2,7,0.00013,4794925,89.96558,5329733
13365,kasperbe,7,0.00013,4794932,89.96571,5329733
13366,Kazmirchuk,7,0.00013,4794939,89.96584,5329733
13367,KevinBetterQ,7,0.00013,4794946,89.96597,5329733
13368,khelll,7,0.00013,4794953,89.96610,5329733
13369,kiela,7,0.00013,4794960,89.96623,5329733
13370,Kikimora,7,0.00013,4794967,89.96636,5329733
13371,Kingwl,7,0.00013,4794974,89.96650,5329733
13372,kirooha,7,0.00013,4794981,89.96663,5329733
13373,knarz,7,0.00013,4794988,89.96676,5329733
13374,knowncitizen,7,0.00013,4794995,89.96689,5329733
13375,korzonek,7,0.00013,4795002,89.96702,5329733
13376,kristofre,7,0.00013,4795009,89.96715,5329733
13377,kshithijiyer,7,0.00013,4795016,89.96728,5329733
13378,Kunde21,7,0.00013,4795023,89.96741,5329733
13379,kuscsik,7,0.00013,4795030,89.96755,5329733
13380,kxxoling,7,0.00013,4795037,89.96768,5329733
13381,ladmitry,7,0.00013,4795044,89.96781,5329733
13382,larkinscott,7,0.00013,4795051,89.96794,5329733
13383,leandrocr,7,0.00013,4795058,89.96807,5329733
13384,lemonkey,7,0.00013,4795065,89.96820,5329733
13385,leo1971,7,0.00013,4795072,89.96833,5329733
13386,linlynn,7,0.00013,4795079,89.96847,5329733
13387,ljupchokotev,7,0.00013,4795086,89.96860,5329733
13388,lorenzoisidori21,7,0.00013,4795093,89.96873,5329733
13389,lorisbc,7,0.00013,4795100,89.96886,5329733
13390,lparam,7,0.00013,4795107,89.96899,5329733
13391,lucaspimentel,7,0.00013,4795114,89.96912,5329733
13392,luigidellaquila,7,0.00013,4795121,89.96925,5329733
13393,lynic,7,0.00013,4795128,89.96938,5329733
13394,m42u,7,0.00013,4795135,89.96952,5329733
13395,mad-it,7,0.00013,4795142,89.96965,5329733
13396,magrossm,7,0.00013,4795149,89.96978,5329733
13397,majkrzak,7,0.00013,4795156,89.96991,5329733
13398,makroiss,7,0.00013,4795163,89.97004,5329733
13399,maksd,7,0.00013,4795170,89.97017,5329733
13400,malikbenkirane,7,0.00013,4795177,89.97030,5329733
13401,mandaltu123,7,0.00013,4795184,89.97044,5329733
13402,maniksurtani,7,0.00013,4795191,89.97057,5329733
13403,marc-obrien,7,0.00013,4795198,89.97070,5329733
13404,markacola,7,0.00013,4795205,89.97083,5329733
13405,mark-adams,7,0.00013,4795212,89.97096,5329733
13406,martinheidegger,7,0.00013,4795219,89.97109,5329733
13407,matipan,7,0.00013,4795226,89.97122,5329733
13408,matschaffer,7,0.00013,4795233,89.97136,5329733
13409,matt-tyler,7,0.00013,4795240,89.97149,5329733
13410,mcritchlow,7,0.00013,4795247,89.97162,5329733
13411,mehdihadeli,7,0.00013,4795254,89.97175,5329733
13412,metacosm,7,0.00013,4795261,89.97188,5329733
13413,mflendrich,7,0.00013,4795268,89.97201,5329733
13414,mgilbir,7,0.00013,4795275,89.97214,5329733
13415,mhrabovcin,7,0.00013,4795282,89.97227,5329733
13416,mhzed,7,0.00013,4795289,89.97241,5329733
13417,mikedickey,7,0.00013,4795296,89.97254,5329733
13418,mikejgray,7,0.00013,4795303,89.97267,5329733
13419,mikhailshilkov,7,0.00013,4795310,89.97280,5329733
13420,mingyang91,7,0.00013,4795317,89.97293,5329733
13421,miraclesu,7,0.00013,4795324,89.97306,5329733
13422,mkobetic,7,0.00013,4795331,89.97319,5329733
13423,mleenhardt,7,0.00013,4795338,89.97333,5329733
13424,mm0,7,0.00013,4795345,89.97346,5329733
13425,mmailhos,7,0.00013,4795352,89.97359,5329733
13426,mohitsoni,7,0.00013,4795359,89.97372,5329733
13427,moio,7,0.00013,4795366,89.97385,5329733
13428,molepigeon,7,0.00013,4795373,89.97398,5329733
13429,mortensteenrasmussen,7,0.00013,4795380,89.97411,5329733
13430,mos3abof,7,0.00013,4795387,89.97424,5329733
13431,mostaphaRoudsari,7,0.00013,4795394,89.97438,5329733
13432,mpatelcz,7,0.00013,4795401,89.97451,5329733
13433,mrbobfrog,7,0.00013,4795408,89.97464,5329733
13434,msau42-tmp,7,0.00013,4795415,89.97477,5329733
13435,mzac,7,0.00013,4795422,89.97490,5329733
13436,mzsanford,7,0.00013,4795429,89.97503,5329733
13437,nammn,7,0.00013,4795436,89.97516,5329733
13438,Nanopy,7,0.00013,4795443,89.97530,5329733
13439,NauxLiu,7,0.00013,4795450,89.97543,5329733
13440,nbeckman,7,0.00013,4795457,89.97556,5329733
13441,nicolaevladescu,7,0.00013,4795464,89.97569,5329733
13442,njern,7,0.00013,4795471,89.97582,5329733
13443,norrs,7,0.00013,4795478,89.97595,5329733
13444,notsureifkevin,7,0.00013,4795485,89.97608,5329733
13445,ofaz,7,0.00013,4795492,89.97621,5329733
13446,olicuzo,7,0.00013,4795499,89.97635,5329733
13447,olimpias,7,0.00013,4795506,89.97648,5329733
13448,onlymellb,7,0.00013,4795513,89.97661,5329733
13449,opyh,7,0.00013,4795520,89.97674,5329733
13450,Orphis,7,0.00013,4795527,89.97687,5329733
13451,Oskoss,7,0.00013,4795534,89.97700,5329733
13452,osswangxining,7,0.00013,4795541,89.97713,5329733
13453,ovekyc,7,0.00013,4795548,89.97727,5329733
13454,pamelachristie,7,0.00013,4795555,89.97740,5329733
13455,paravmellanox,7,0.00013,4795562,89.97753,5329733
13456,paroga,7,0.00013,4795569,89.97766,5329733
13457,patrickeasters,7,0.00013,4795576,89.97779,5329733
13458,paulbakker,7,0.00013,4795583,89.97792,5329733
13459,paweloczadly,7,0.00013,4795590,89.97805,5329733
13460,pcantea,7,0.00013,4795597,89.97818,5329733
13461,pengzhisun,7,0.00013,4795604,89.97832,5329733
13462,phelinor,7,0.00013,4795611,89.97845,5329733
13463,pjvds,7,0.00013,4795618,89.97858,5329733
13464,poweld,7,0.00013,4795625,89.97871,5329733
13465,ppmathis,7,0.00013,4795632,89.97884,5329733
13466,proydakov,7,0.00013,4795639,89.97897,5329733
13467,ptescher,7,0.00013,4795646,89.97910,5329733
13468,pyk,7,0.00013,4795653,89.97924,5329733
13469,qq12157138,7,0.00013,4795660,89.97937,5329733
13470,qtheya,7,0.00013,4795667,89.97950,5329733
13471,r00tat,7,0.00013,4795674,89.97963,5329733
13472,rafax,7,0.00013,4795681,89.97976,5329733
13473,raviqqe,7,0.00013,4795688,89.97989,5329733
13474,rbutcher,7,0.00013,4795695,89.98002,5329733
13475,RedbackThomson,7,0.00013,4795702,89.98015,5329733
13476,reillywatson,7,0.00013,4795709,89.98029,5329733
13477,Renol7,7,0.00013,4795716,89.98042,5329733
13478,responsible,7,0.00013,4795723,89.98055,5329733
13479,rflorenc,7,0.00013,4795730,89.98068,5329733
13480,RGPosadas,7,0.00013,4795737,89.98081,5329733
13481,RichardAvendano,7,0.00013,4795744,89.98094,5329733
13482,rickard-von-essen,7,0.00013,4795751,89.98107,5329733
13483,Rick-Jongbloed,7,0.00013,4795758,89.98121,5329733
13484,riconnon,7,0.00013,4795765,89.98134,5329733
13485,riupie,7,0.00013,4795772,89.98147,5329733
13486,rkralston,7,0.00013,4795779,89.98160,5329733
13487,romanlutz,7,0.00013,4795786,89.98173,5329733
13488,ronit1495,7,0.00013,4795793,89.98186,5329733
13489,roytan883,7,0.00013,4795800,89.98199,5329733
13490,rpioso,7,0.00013,4795807,89.98212,5329733
13491,rprin,7,0.00013,4795814,89.98226,5329733
13492,rrayst,7,0.00013,4795821,89.98239,5329733
13493,rsgowman,7,0.00013,4795828,89.98252,5329733
13494,rudyzhou2,7,0.00013,4795835,89.98265,5329733
13495,ruiaraujo,7,0.00013,4795842,89.98278,5329733
13496,ryan-ibm,7,0.00013,4795849,89.98291,5329733
13497,sam-github,7,0.00013,4795856,89.98304,5329733
13498,samjeyam,7,0.00013,4795863,89.98318,5329733
13499,samueldg,7,0.00013,4795870,89.98331,5329733
13500,sangwook,7,0.00013,4795877,89.98344,5329733
13501,sanjid133,7,0.00013,4795884,89.98357,5329733
13502,sano307,7,0.00013,4795891,89.98370,5329733
13503,sasso,7,0.00013,4795898,89.98383,5329733
13504,satybald,7,0.00013,4795905,89.98396,5329733
13505,savithruml,7,0.00013,4795912,89.98409,5329733
13506,sbatschelet,7,0.00013,4795919,89.98423,5329733
13507,sboardwell,7,0.00013,4795926,89.98436,5329733
13508,scheng1,7,0.00013,4795933,89.98449,5329733
13509,schittler,7,0.00013,4795940,89.98462,5329733
13510,scuxiayiqian,7,0.00013,4795947,89.98475,5329733
13511,sean-,7,0.00013,4795954,89.98488,5329733
13512,seiyapl,7,0.00013,4795961,89.98501,5329733
13513,se-jaeger,7,0.00013,4795968,89.98515,5329733
13514,shanurrahman,7,0.00013,4795975,89.98528,5329733
13515,sharepointoscar,7,0.00013,4795982,89.98541,5329733
13516,shaunparker,7,0.00013,4795989,89.98554,5329733
13517,shirbr510,7,0.00013,4795996,89.98567,5329733
13518,shirdrn,7,0.00013,4796003,89.98580,5329733
13519,shiyuan1992,7,0.00013,4796010,89.98593,5329733
13520,Shubham-koli,7,0.00013,4796017,89.98606,5329733
13521,simonwydooghe,7,0.00013,4796024,89.98620,5329733
13522,sjiveson,7,0.00013,4796031,89.98633,5329733
13523,sjtindell,7,0.00013,4796038,89.98646,5329733
13524,sman591,7,0.00013,4796045,89.98659,5329733
13525,smileprem,7,0.00013,4796052,89.98672,5329733
13526,sockmister,7,0.00013,4796059,89.98685,5329733
13527,sophaskins,7,0.00013,4796066,89.98698,5329733
13528,sourcesoft,7,0.00013,4796073,89.98712,5329733
13529,spacepluk,7,0.00013,4796080,89.98725,5329733
13530,spacewander,7,0.00013,4796087,89.98738,5329733
13531,sparkoo,7,0.00013,4796094,89.98751,5329733
13532,sradco,7,0.00013,4796101,89.98764,5329733
13533,srleyva,7,0.00013,4796108,89.98777,5329733
13534,srvaroa,7,0.00013,4796115,89.98790,5329733
13535,sshkel,7,0.00013,4796122,89.98804,5329733
13536,stepancheg,7,0.00013,4796129,89.98817,5329733
13537,stephenh1991,7,0.00013,4796136,89.98830,5329733
13538,sundbp,7,0.00013,4796143,89.98843,5329733
13539,superawesome,7,0.00013,4796150,89.98856,5329733
13540,Sushant,7,0.00013,4796157,89.98869,5329733
13541,suzukaze,7,0.00013,4796164,89.98882,5329733
13542,szemek,7,0.00013,4796171,89.98895,5329733
13543,takaishi,7,0.00013,4796178,89.98909,5329733
13544,takuan-osho,7,0.00013,4796185,89.98922,5329733
13545,tanaka51,7,0.00013,4796192,89.98935,5329733
13546,tech2free,7,0.00013,4796199,89.98948,5329733
13547,tenfourty,7,0.00013,4796206,89.98961,5329733
13548,tfluehmann,7,0.00013,4796213,89.98974,5329733
13549,theFroh,7,0.00013,4796220,89.98987,5329733
13550,theganyo,7,0.00013,4796227,89.99001,5329733
13551,TheRealJoeLinux,7,0.00013,4796234,89.99014,5329733
13552,therevoman,7,0.00013,4796241,89.99027,5329733
13553,theute,7,0.00013,4796248,89.99040,5329733
13554,thibaultcha,7,0.00013,4796255,89.99053,5329733
13555,thomasdraebing,7,0.00013,4796262,89.99066,5329733
13556,ThomasHabets,7,0.00013,4796269,89.99079,5329733
13557,thresheek,7,0.00013,4796276,89.99092,5329733
13558,ThuF,7,0.00013,4796283,89.99106,5329733
13559,timothyjlaurent,7,0.00013,4796290,89.99119,5329733
13560,tinvaan,7,0.00013,4796297,89.99132,5329733
13561,tmatias,7,0.00013,4796304,89.99145,5329733
13562,tomgreenwood1,7,0.00013,4796311,89.99158,5329733
13563,touchdown,7,0.00013,4796318,89.99171,5329733
13564,tstilwell91,7,0.00013,4796325,89.99184,5329733
13565,t-v,7,0.00013,4796332,89.99198,5329733
13566,TylerBrock,7,0.00013,4796339,89.99211,5329733
13567,ukernel,7,0.00013,4796346,89.99224,5329733
13568,ukinau,7,0.00013,4796353,89.99237,5329733
13569,underyx,7,0.00013,4796360,89.99250,5329733
13570,vad,7,0.00013,4796367,89.99263,5329733
13571,vaibhavjain882,7,0.00013,4796374,89.99276,5329733
13572,VasiliyS,7,0.00013,4796381,89.99289,5329733
13573,vbellur,7,0.00013,4796388,89.99303,5329733
13574,veerendra2,7,0.00013,4796395,89.99316,5329733
13575,velo,7,0.00013,4796402,89.99329,5329733
13576,venuchitta,7,0.00013,4796409,89.99342,5329733
13577,vietj,7,0.00013,4796416,89.99355,5329733
13578,vigneshraaj,7,0.00013,4796423,89.99368,5329733
13579,vladmos,7,0.00013,4796430,89.99381,5329733
13580,vmahuli,7,0.00013,4796437,89.99395,5329733
13581,vnbrs,7,0.00013,4796444,89.99408,5329733
13582,vood,7,0.00013,4796451,89.99421,5329733
13583,vpol,7,0.00013,4796458,89.99434,5329733
13584,vtereso,7,0.00013,4796465,89.99447,5329733
13585,wc-matteo,7,0.00013,4796472,89.99460,5329733
13586,wenzheng,7,0.00013,4796479,89.99473,5329733
13587,wikier,7,0.00013,4796486,89.99486,5329733
13588,willgittoes-dd,7,0.00013,4796493,89.99500,5329733
13589,williamhuangh,7,0.00013,4796500,89.99513,5329733
13590,willvrny,7,0.00013,4796507,89.99526,5329733
13591,wjwithagen,7,0.00013,4796514,89.99539,5329733
13592,x15zhang,7,0.00013,4796521,89.99552,5329733
13593,xarg,7,0.00013,4796528,89.99565,5329733
13594,xiaolanz,7,0.00013,4796535,89.99578,5329733
13595,xinsnake,7,0.00013,4796542,89.99592,5329733
13596,xyhuang,7,0.00013,4796549,89.99605,5329733
13597,YathendraPrasad,7,0.00013,4796556,89.99618,5329733
13598,ynambiar,7,0.00013,4796563,89.99631,5329733
13599,yrosaguiar,7,0.00013,4796570,89.99644,5329733
13600,zackproser,7,0.00013,4796577,89.99657,5329733
13601,zerogjoe,7,0.00013,4796584,89.99670,5329733
13602,zhaonian,7,0.00013,4796591,89.99683,5329733
13603,zhjwpku,7,0.00013,4796598,89.99697,5329733
13604,Zikoel,7,0.00013,4796605,89.99710,5329733
13605,zmldh,7,0.00013,4796612,89.99723,5329733
13606,zxDiscovery,7,0.00013,4796619,89.99736,5329733
13607,245347881,6,0.00011,4796625,89.99747,5329733
13608,abij,6,0.00011,4796631,89.99759,5329733
13609,aclisp,6,0.00011,4796637,89.99770,5329733
13610,acornies,6,0.00011,4796643,89.99781,5329733
13611,adalton,6,0.00011,4796649,89.99792,5329733
13612,adelowo,6,0.00011,4796655,89.99804,5329733
13613,adimania,6,0.00011,4796661,89.99815,5329733
13614,admun,6,0.00011,4796667,89.99826,5329733
13615,adrukh,6,0.00011,4796673,89.99837,5329733
13616,agc-sec,6,0.00011,4796679,89.99849,5329733
13617,ahmadsherif,6,0.00011,4796685,89.99860,5329733
13618,Aidamina,6,0.00011,4796691,89.99871,5329733
13619,ajodock,6,0.00011,4796697,89.99882,5329733
13620,akashgangil,6,0.00011,4796703,89.99894,5329733
13621,akshaykarle,6,0.00011,4796709,89.99905,5329733
13622,aldrinleal,6,0.00011,4796715,89.99916,5329733
13623,alexeyklyukin,6,0.00011,4796721,89.99927,5329733
13624,alexwlchan,6,0.00011,4796727,89.99939,5329733
13625,AlginMaduro,6,0.00011,4796733,89.99950,5329733
13626,alika,6,0.00011,4796739,89.99961,5329733
13627,Alirun,6,0.00011,4796745,89.99972,5329733
13628,amedeedaboville,6,0.00011,4796751,89.99984,5329733
13629,amioranza,6,0.00011,4796757,89.99995,5329733
13630,anastayaa,6,0.00011,4796763,90.00006,5329733
13631,anastop,6,0.00011,4796769,90.00017,5329733
13632,AndreasAugustin,6,0.00011,4796775,90.00029,5329733
13633,andreasevers,6,0.00011,4796781,90.00040,5329733
13634,andrewjamesmorgan,6,0.00011,4796787,90.00051,5329733
13635,andrewkroh,6,0.00011,4796793,90.00062,5329733
13636,andrey-moor,6,0.00011,4796799,90.00074,5329733
13637,AndriMar,6,0.00011,4796805,90.00085,5329733
13638,andyfleming,6,0.00011,4796811,90.00096,5329733
13639,andyli,6,0.00011,4796817,90.00108,5329733
13640,anjakammer,6,0.00011,4796823,90.00119,5329733
13641,ankitrgadiya,6,0.00011,4796829,90.00130,5329733
13642,ankrause,6,0.00011,4796835,90.00141,5329733
13643,anniedy,6,0.00011,4796841,90.00153,5329733
13644,anshrma,6,0.00011,4796847,90.00164,5329733
13645,anthonator,6,0.00011,4796853,90.00175,5329733
13646,apc999,6,0.00011,4796859,90.00186,5329733
13647,apoorvprecisely,6,0.00011,4796865,90.00198,5329733
13648,apsureda,6,0.00011,4796871,90.00209,5329733
13649,aratz-lasa,6,0.00011,4796877,90.00220,5329733
13650,ariya,6,0.00011,4796883,90.00231,5329733
13651,arrowd,6,0.00011,4796889,90.00243,5329733
13652,arturhoo,6,0.00011,4796895,90.00254,5329733
13653,artyomturkin,6,0.00011,4796901,90.00265,5329733
13654,ArugakiWei,6,0.00011,4796907,90.00276,5329733
13655,asbapat,6,0.00011,4796913,90.00288,5329733
13656,ashirvadgupta,6,0.00011,4796919,90.00299,5329733
13657,atbaker,6,0.00011,4796925,90.00310,5329733
13658,autophagy,6,0.00011,4796931,90.00321,5329733
13659,awbraunstein,6,0.00011,4796937,90.00333,5329733
13660,azmelanar,6,0.00011,4796943,90.00344,5329733
13661,BabisK,6,0.00011,4796949,90.00355,5329733
13662,bakhtin,6,0.00011,4796955,90.00366,5329733
13663,balajijinnah,6,0.00011,4796961,90.00378,5329733
13664,BalestraPatrick,6,0.00011,4796967,90.00389,5329733
13665,bborysenko,6,0.00011,4796973,90.00400,5329733
13666,benbarclay,6,0.00011,4796979,90.00411,5329733
13667,benesch,6,0.00011,4796985,90.00423,5329733
13668,bfirsh,6,0.00011,4796991,90.00434,5329733
13669,bhaggerty,6,0.00011,4796997,90.00445,5329733
13670,billf,6,0.00011,4797003,90.00456,5329733
13671,BlueHatbRit,6,0.00011,4797009,90.00468,5329733
13672,boingram,6,0.00011,4797015,90.00479,5329733
13673,Bonko,6,0.00011,4797021,90.00490,5329733
13674,borisroman,6,0.00011,4797027,90.00502,5329733
13675,breadmj,6,0.00011,4797033,90.00513,5329733
13676,burov,6,0.00011,4797039,90.00524,5329733
13677,buybackoff,6,0.00011,4797045,90.00535,5329733
13678,bwalle,6,0.00011,4797051,90.00547,5329733
13679,cagedmantis,6,0.00011,4797057,90.00558,5329733
13680,callermann,6,0.00011,4797063,90.00569,5329733
13681,canadiannomad,6,0.00011,4797069,90.00580,5329733
13682,carimura,6,0.00011,4797075,90.00592,5329733
13683,CarltonSemple,6,0.00011,4797081,90.00603,5329733
13684,CasparChou,6,0.00011,4797087,90.00614,5329733
13685,casz,6,0.00011,4797093,90.00625,5329733
13686,catherinetcai,6,0.00011,4797099,90.00637,5329733
13687,cdavisafc,6,0.00011,4797105,90.00648,5329733
13688,chamankang,6,0.00011,4797111,90.00659,5329733
13689,chambridge,6,0.00011,4797117,90.00670,5329733
13690,chicofranchico,6,0.00011,4797123,90.00682,5329733
13691,chikei,6,0.00011,4797129,90.00693,5329733
13692,chris-crone,6,0.00011,4797135,90.00704,5329733
13693,chrismcbride,6,0.00011,4797141,90.00715,5329733
13694,chrisnew,6,0.00011,4797147,90.00727,5329733
13695,christian667,6,0.00011,4797153,90.00738,5329733
13696,christopherclark,6,0.00011,4797159,90.00749,5329733
13697,christophwille,6,0.00011,4797165,90.00760,5329733
13698,cjdrake,6,0.00011,4797171,90.00772,5329733
13699,clarenceb,6,0.00011,4797177,90.00783,5329733
13700,clasohm,6,0.00011,4797183,90.00794,5329733
13701,clmssz,6,0.00011,4797189,90.00805,5329733
13702,Cloudsleuth,6,0.00011,4797195,90.00817,5329733
13703,cnorthwood,6,0.00011,4797201,90.00828,5329733
13704,ConalCosgrove,6,0.00011,4797207,90.00839,5329733
13705,coolbrg,6,0.00011,4797213,90.00851,5329733
13706,cosgroveb,6,0.00011,4797219,90.00862,5329733
13707,coverprice,6,0.00011,4797225,90.00873,5329733
13708,cpedro,6,0.00011,4797231,90.00884,5329733
13709,creack,6,0.00011,4797237,90.00896,5329733
13710,crozzy,6,0.00011,4797243,90.00907,5329733
13711,cruisehall,6,0.00011,4797249,90.00918,5329733
13712,csstaub,6,0.00011,4797255,90.00929,5329733
13713,CycoPH,6,0.00011,4797261,90.00941,5329733
13714,daghb,6,0.00011,4797267,90.00952,5329733
13715,dain,6,0.00011,4797273,90.00963,5329733
13716,dalekurt,6,0.00011,4797279,90.00974,5329733
13717,damienmg,6,0.00011,4797285,90.00986,5329733
13718,DanielTimLee,6,0.00011,4797291,90.00997,5329733
13719,danruehle,6,0.00011,4797297,90.01008,5329733
13720,daquinoaldo,6,0.00011,4797303,90.01019,5329733
13721,davidboren,6,0.00011,4797309,90.01031,5329733
13722,daviddrysdale,6,0.00011,4797315,90.01042,5329733
13723,davidkemper,6,0.00011,4797321,90.01053,5329733
13724,davidsiefert,6,0.00011,4797327,90.01064,5329733
13725,dbeal-wiser,6,0.00011,4797333,90.01076,5329733
13726,deepakpunjabi,6,0.00011,4797339,90.01087,5329733
13727,demohi,6,0.00011,4797345,90.01098,5329733
13728,Dentrax,6,0.00011,4797351,90.01109,5329733
13729,desktophero,6,0.00011,4797357,90.01121,5329733
13730,DGreenstein,6,0.00011,4797363,90.01132,5329733
13731,dgryski,6,0.00011,4797369,90.01143,5329733
13732,dhilipsiva,6,0.00011,4797375,90.01154,5329733
13733,dieend,6,0.00011,4797381,90.01166,5329733
13734,dieseldesai,6,0.00011,4797387,90.01177,5329733
13735,dimitraz,6,0.00011,4797393,90.01188,5329733
13736,djfjeff,6,0.00011,4797399,90.01199,5329733
13737,dkavraal,6,0.00011,4797405,90.01211,5329733
13738,dkess,6,0.00011,4797411,90.01222,5329733
13739,dkorn,6,0.00011,4797417,90.01233,5329733
13740,dminGod,6,0.00011,4797423,90.01245,5329733
13741,dmzoneill,6,0.00011,4797429,90.01256,5329733
13742,dobbymoodge,6,0.00011,4797435,90.01267,5329733
13743,doctorwu,6,0.00011,4797441,90.01278,5329733
13744,dominictayloruk,6,0.00011,4797447,90.01290,5329733
13745,dortegau,6,0.00011,4797453,90.01301,5329733
13746,douglasc-nflx,6,0.00011,4797459,90.01312,5329733
13747,dpgaspar,6,0.00011,4797465,90.01323,5329733
13748,dseeley,6,0.00011,4797471,90.01335,5329733
13749,DullReferenceException,6,0.00011,4797477,90.01346,5329733
13750,DusanKasan,6,0.00011,4797483,90.01357,5329733
13751,e0ne,6,0.00011,4797489,90.01368,5329733
13752,e3b0c442,6,0.00011,4797495,90.01380,5329733
13753,eberlec,6,0.00011,4797501,90.01391,5329733
13754,ecurtin2,6,0.00011,4797507,90.01402,5329733
13755,ef4,6,0.00011,4797513,90.01413,5329733
13756,eli-jordan,6,0.00011,4797519,90.01425,5329733
13757,emalm,6,0.00011,4797525,90.01436,5329733
13758,EmpireJones,6,0.00011,4797531,90.01447,5329733
13759,endyman,6,0.00011,4797537,90.01458,5329733
13760,entone,6,0.00011,4797543,90.01470,5329733
13761,ethanwlo,6,0.00011,4797549,90.01481,5329733
13762,eug48,6,0.00011,4797555,90.01492,5329733
13763,evaneaston,6,0.00011,4797561,90.01503,5329733
13764,ewnd9,6,0.00011,4797567,90.01515,5329733
13765,fabiant7t,6,0.00011,4797573,90.01526,5329733
13766,fedepad,6,0.00011,4797579,90.01537,5329733
13767,feli5,6,0.00011,4797585,90.01548,5329733
13768,fengyuceNv,6,0.00011,4797591,90.01560,5329733
13769,filabrazilska,6,0.00011,4797597,90.01571,5329733
13770,fnmeissner,6,0.00011,4797603,90.01582,5329733
13771,fourcube,6,0.00011,4797609,90.01594,5329733
13772,FranBarrera,6,0.00011,4797615,90.01605,5329733
13773,fwalker,6,0.00011,4797621,90.01616,5329733
13774,fxfactorial,6,0.00011,4797627,90.01627,5329733
13775,gaurav-nelson,6,0.00011,4797633,90.01639,5329733
13776,gchbg,6,0.00011,4797639,90.01650,5329733
13777,gengu,6,0.00011,4797645,90.01661,5329733
13778,german-muzquiz,6,0.00011,4797651,90.01672,5329733
13779,gfoidl,6,0.00011,4797657,90.01684,5329733
13780,ggreer,6,0.00011,4797663,90.01695,5329733
13781,ghophp,6,0.00011,4797669,90.01706,5329733
13782,gordonsyme,6,0.00011,4797675,90.01717,5329733
13783,gozer,6,0.00011,4797681,90.01729,5329733
13784,grahamar,6,0.00011,4797687,90.01740,5329733
13785,Greatsamps,6,0.00011,4797693,90.01751,5329733
13786,gregsymons,6,0.00011,4797699,90.01762,5329733
13787,guits,6,0.00011,4797705,90.01774,5329733
13788,heroic,6,0.00011,4797711,90.01785,5329733
13789,humbledude,6,0.00011,4797717,90.01796,5329733
13790,iamkirkbater,6,0.00011,4797723,90.01807,5329733
13791,ibiqlik,6,0.00011,4797729,90.01819,5329733
13792,illagrenan,6,0.00011,4797735,90.01830,5329733
13793,illusion202,6,0.00011,4797741,90.01841,5329733
13794,ilyamkin,6,0.00011,4797747,90.01852,5329733
13795,initcron,6,0.00011,4797753,90.01864,5329733
13796,irvingpop,6,0.00011,4797759,90.01875,5329733
13797,j03wang,6,0.00011,4797765,90.01886,5329733
13798,jacace,6,0.00011,4797771,90.01897,5329733
13799,JadCham,6,0.00011,4797777,90.01909,5329733
13800,jadsonlourenco,6,0.00011,4797783,90.01920,5329733
13801,jait,6,0.00011,4797789,90.01931,5329733
13802,james-knott,6,0.00011,4797795,90.01942,5329733
13803,jarimatti,6,0.00011,4797801,90.01954,5329733
13804,javigomez,6,0.00011,4797807,90.01965,5329733
13805,jayakody,6,0.00011,4797813,90.01976,5329733
13806,jaysonsantos,6,0.00011,4797819,90.01988,5329733
13807,jbrisbin,6,0.00011,4797825,90.01999,5329733
13808,jck-ccl,6,0.00011,4797831,90.02010,5329733
13809,jdob,6,0.00011,4797837,90.02021,5329733
13810,jeanralphaviles,6,0.00011,4797843,90.02033,5329733
13811,jedsalazar,6,0.00011,4797849,90.02044,5329733
13812,jeffbski,6,0.00011,4797855,90.02055,5329733
13813,jeffdyoung,6,0.00011,4797861,90.02066,5329733
13814,jeffersonbenson,6,0.00011,4797867,90.02078,5329733
13815,jehiah,6,0.00011,4797873,90.02089,5329733
13816,jessm12,6,0.00011,4797879,90.02100,5329733
13817,jfillo,6,0.00011,4797885,90.02111,5329733
13818,jhmartin,6,0.00011,4797891,90.02123,5329733
13819,jiangpengcheng,6,0.00011,4797897,90.02134,5329733
13820,jimbeck,6,0.00011,4797903,90.02145,5329733
13821,jingxiaolu,6,0.00011,4797909,90.02156,5329733
13822,jjaniec,6,0.00011,4797915,90.02168,5329733
13823,JJediny,6,0.00011,4797921,90.02179,5329733
13824,jkinred,6,0.00011,4797927,90.02190,5329733
13825,jldec,6,0.00011,4797933,90.02201,5329733
13826,jleach,6,0.00011,4797939,90.02213,5329733
13827,jlzhao27,6,0.00011,4797945,90.02224,5329733
13828,jmervine,6,0.00011,4797951,90.02235,5329733
13829,joanrieu,6,0.00011,4797957,90.02246,5329733
13830,JoelLau,6,0.00011,4797963,90.02258,5329733
13831,JohnMurray,6,0.00011,4797969,90.02269,5329733
13832,jolcese,6,0.00011,4797975,90.02280,5329733
13833,jonKSA,6,0.00011,4797981,90.02291,5329733
13834,jonsabo,6,0.00011,4797987,90.02303,5329733
13835,joschi,6,0.00011,4797993,90.02314,5329733
13836,joshleeb,6,0.00011,4797999,90.02325,5329733
13837,joshughes,6,0.00011,4798005,90.02337,5329733
13838,jpbarto,6,0.00011,4798011,90.02348,5329733
13839,jralph,6,0.00011,4798017,90.02359,5329733
13840,jroggeman,6,0.00011,4798023,90.02370,5329733
13841,jrryjcksn,6,0.00011,4798029,90.02382,5329733
13842,jtopjian,6,0.00011,4798035,90.02393,5329733
13843,JulianGriggs,6,0.00011,4798041,90.02404,5329733
13844,jupiter,6,0.00011,4798047,90.02415,5329733
13845,justinclayton,6,0.00011,4798053,90.02427,5329733
13846,justindowning,6,0.00011,4798059,90.02438,5329733
13847,juzna,6,0.00011,4798065,90.02449,5329733
13848,k3rn3l-p4n1c,6,0.00011,4798071,90.02460,5329733
13849,kamipo,6,0.00011,4798077,90.02472,5329733
13850,kanny,6,0.00011,4798083,90.02483,5329733
13851,KauzClay,6,0.00011,4798089,90.02494,5329733
13852,kaycebasques,6,0.00011,4798095,90.02505,5329733
13853,keikumata,6,0.00011,4798101,90.02517,5329733
13854,kelveden,6,0.00011,4798107,90.02528,5329733
13855,kevinetc123,6,0.00011,4798113,90.02539,5329733
13856,kevinyien,6,0.00011,4798119,90.02550,5329733
13857,khrm,6,0.00011,4798125,90.02562,5329733
13858,Komnomnomnom,6,0.00011,4798131,90.02573,5329733
13859,kornesh,6,0.00011,4798137,90.02584,5329733
13860,kpjani,6,0.00011,4798143,90.02595,5329733
13861,kvikas,6,0.00011,4798149,90.02607,5329733
13862,l13t,6,0.00011,4798155,90.02618,5329733
13863,lander2k2,6,0.00011,4798161,90.02629,5329733
13864,larslevie,6,0.00011,4798167,90.02640,5329733
13865,lcharkiewicz,6,0.00011,4798173,90.02652,5329733
13866,leitao,6,0.00011,4798179,90.02663,5329733
13867,leonvzGit,6,0.00011,4798185,90.02674,5329733
13868,lestrrat,6,0.00011,4798191,90.02686,5329733
13869,liebowitz,6,0.00011,4798197,90.02697,5329733
13870,litian54,6,0.00011,4798203,90.02708,5329733
13871,liukgg,6,0.00011,4798209,90.02719,5329733
13872,locona,6,0.00011,4798215,90.02731,5329733
13873,lomik,6,0.00011,4798221,90.02742,5329733
13874,longseespace,6,0.00011,4798227,90.02753,5329733
13875,luan,6,0.00011,4798233,90.02764,5329733
13876,lucasbergman,6,0.00011,4798239,90.02776,5329733
13877,lukebond,6,0.00011,4798245,90.02787,5329733
13878,LukeChannings,6,0.00011,4798251,90.02798,5329733
13879,lxfontes,6,0.00011,4798257,90.02809,5329733
13880,m4burns,6,0.00011,4798263,90.02821,5329733
13881,m86194,6,0.00011,4798269,90.02832,5329733
13882,maazkhan,6,0.00011,4798275,90.02843,5329733
13883,machgo,6,0.00011,4798281,90.02854,5329733
13884,madAndroid,6,0.00011,4798287,90.02866,5329733
13885,mafagafogigante,6,0.00011,4798293,90.02877,5329733
13886,magdkudama,6,0.00011,4798299,90.02888,5329733
13887,MagicSong,6,0.00011,4798305,90.02899,5329733
13888,mahata,6,0.00011,4798311,90.02911,5329733
13889,makuk66,6,0.00011,4798317,90.02922,5329733
13890,maliksaafir,6,0.00011,4798323,90.02933,5329733
13891,manoj9788,6,0.00011,4798329,90.02944,5329733
13892,marcomancuso,6,0.00011,4798335,90.02956,5329733
13893,mareksoluch,6,0.00011,4798341,90.02967,5329733
13894,mark007,6,0.00011,4798347,90.02978,5329733
13895,martinpitt,6,0.00011,4798353,90.02989,5329733
13896,martyanov,6,0.00011,4798359,90.03001,5329733
13897,marvinthepa,6,0.00011,4798365,90.03012,5329733
13898,MatrixCrawler,6,0.00011,4798371,90.03023,5329733
13899,mats116,6,0.00011,4798377,90.03034,5329733
13900,matthewygf,6,0.00011,4798383,90.03046,5329733
13901,mattmattox,6,0.00011,4798389,90.03057,5329733
13902,mattnenterprise,6,0.00011,4798395,90.03068,5329733
13903,mauriciogg,6,0.00011,4798401,90.03080,5329733
13904,mbrevoort,6,0.00011,4798407,90.03091,5329733
13905,mctully,6,0.00011,4798413,90.03102,5329733
13906,mdelillo,6,0.00011,4798419,90.03113,5329733
13907,metcalfc,6,0.00011,4798425,90.03125,5329733
13908,mikaelh,6,0.00011,4798431,90.03136,5329733
13909,mikerhyssmith,6,0.00011,4798437,90.03147,5329733
13910,mindaugasrukas,6,0.00011,4798443,90.03158,5329733
13911,Ming9,6,0.00011,4798449,90.03170,5329733
13912,mmacy,6,0.00011,4798455,90.03181,5329733
13913,mogoman,6,0.00011,4798461,90.03192,5329733
13914,monadbobo,6,0.00011,4798467,90.03203,5329733
13915,morsik,6,0.00011,4798473,90.03215,5329733
13916,motiz88,6,0.00011,4798479,90.03226,5329733
13917,mrdunski,6,0.00011,4798485,90.03237,5329733
13918,mr-joshua,6,0.00011,4798491,90.03248,5329733
13919,mrtyler,6,0.00011,4798497,90.03260,5329733
13920,msenmurugan,6,0.00011,4798503,90.03271,5329733
13921,msingle,6,0.00011,4798509,90.03282,5329733
13922,msjostrom,6,0.00011,4798515,90.03293,5329733
13923,msterin,6,0.00011,4798521,90.03305,5329733
13924,msvab,6,0.00011,4798527,90.03316,5329733
13925,mugurm,6,0.00011,4798533,90.03327,5329733
13926,mwhahaha,6,0.00011,4798539,90.03338,5329733
13927,Nashluffy,6,0.00011,4798545,90.03350,5329733
13928,nathan-osman,6,0.00011,4798551,90.03361,5329733
13929,Naveenraaj,6,0.00011,4798557,90.03372,5329733
13930,nehraankit,6,0.00011,4798563,90.03383,5329733
13931,NeotysLab,6,0.00011,4798569,90.03395,5329733
13932,nexus49,6,0.00011,4798575,90.03406,5329733
13933,nicdex,6,0.00011,4798581,90.03417,5329733
13934,nicholasklem,6,0.00011,4798587,90.03429,5329733
13935,nicolai86,6,0.00011,4798593,90.03440,5329733
13936,NicolasRouquette,6,0.00011,4798599,90.03451,5329733
13937,nouney,6,0.00011,4798605,90.03462,5329733
13938,nudgegoonies,6,0.00011,4798611,90.03474,5329733
13939,nullr0ute,6,0.00011,4798617,90.03485,5329733
13940,nurinamu,6,0.00011,4798623,90.03496,5329733
13941,obipawan,6,0.00011,4798629,90.03507,5329733
13942,ofirmakmal,6,0.00011,4798635,90.03519,5329733
13943,okushchenko,6,0.00011,4798641,90.03530,5329733
13944,OlafSzmidt,6,0.00011,4798647,90.03541,5329733
13945,OmriShiv,6,0.00011,4798653,90.03552,5329733
13946,oncicaradupopovici,6,0.00011,4798659,90.03564,5329733
13947,onuralp,6,0.00011,4798665,90.03575,5329733
13948,ophelan,6,0.00011,4798671,90.03586,5329733
13949,opklnm102,6,0.00011,4798677,90.03597,5329733
13950,ozanichkovsky,6,0.00011,4798683,90.03609,5329733
13951,pallavagarwal07,6,0.00011,4798689,90.03620,5329733
13952,paoloantinori,6,0.00011,4798695,90.03631,5329733
13953,paolopiaggio,6,0.00011,4798701,90.03642,5329733
13954,parlakisik,6,0.00011,4798707,90.03654,5329733
13955,p-bakker,6,0.00011,4798713,90.03665,5329733
13956,pedgeio,6,0.00011,4798719,90.03676,5329733
13957,pedrouid,6,0.00011,4798725,90.03687,5329733
13958,perbu,6,0.00011,4798731,90.03699,5329733
13959,petems,6,0.00011,4798737,90.03710,5329733
13960,pierredavidbelanger,6,0.00011,4798743,90.03721,5329733
13961,pkrishnath,6,0.00011,4798749,90.03732,5329733
13962,ple16,6,0.00011,4798755,90.03744,5329733
13963,plockaby,6,0.00011,4798761,90.03755,5329733
13964,pop,6,0.00011,4798767,90.03766,5329733
13965,pposkrobko,6,0.00011,4798773,90.03777,5329733
13966,pragkent,6,0.00011,4798779,90.03789,5329733
13967,Praseetha-KR,6,0.00011,4798785,90.03800,5329733
13968,predic8,6,0.00011,4798791,90.03811,5329733
13969,pushthat,6,0.00011,4798797,90.03823,5329733
13970,qinix,6,0.00011,4798803,90.03834,5329733
13971,rafsawicki,6,0.00011,4798809,90.03845,5329733
13972,raja-ashok,6,0.00011,4798815,90.03856,5329733
13973,ramakuka,6,0.00011,4798821,90.03868,5329733
13974,ramontayag,6,0.00011,4798827,90.03879,5329733
13975,rawc0der,6,0.00011,4798833,90.03890,5329733
13976,rdeusser,6,0.00011,4798839,90.03901,5329733
13977,reasonthearchitect,6,0.00011,4798845,90.03913,5329733
13978,Redeux,6,0.00011,4798851,90.03924,5329733
13979,reeceaw,6,0.00011,4798857,90.03935,5329733
13980,rguthriemsft,6,0.00011,4798863,90.03946,5329733
13981,rhdedgar,6,0.00011,4798869,90.03958,5329733
13982,rheak,6,0.00011,4798875,90.03969,5329733
13983,rhoml,6,0.00011,4798881,90.03980,5329733
13984,ricbartm,6,0.00011,4798887,90.03991,5329733
13985,riceo,6,0.00011,4798893,90.04003,5329733
13986,rkpagadala,6,0.00011,4798899,90.04014,5329733
13987,rohanKanojia,6,0.00011,4798905,90.04025,5329733
13988,rohfle,6,0.00011,4798911,90.04036,5329733
13989,rolinux,6,0.00011,4798917,90.04048,5329733
13990,ronakbanka,6,0.00011,4798923,90.04059,5329733
13991,rotan96,6,0.00011,4798929,90.04070,5329733
13992,rul,6,0.00011,4798935,90.04081,5329733
13993,rvbaz,6,0.00011,4798941,90.04093,5329733
13994,ryandcoates,6,0.00011,4798947,90.04104,5329733
13995,ryanspradlin,6,0.00011,4798953,90.04115,5329733
13996,rytis,6,0.00011,4798959,90.04126,5329733
13997,Sajadorouji,6,0.00011,4798965,90.04138,5329733
13998,sakthivetrivel,6,0.00011,4798971,90.04149,5329733
13999,samvdb,6,0.00011,4798977,90.04160,5329733
14000,sarataha,6,0.00011,4798983,90.04172,5329733
14001,SaswatB,6,0.00011,4798989,90.04183,5329733
14002,satyajitghana,6,0.00011,4798995,90.04194,5329733
14003,saward,6,0.00011,4799001,90.04205,5329733
14004,sazo,6,0.00011,4799007,90.04217,5329733
14005,sbc100,6,0.00011,4799013,90.04228,5329733
14006,scooter99boston,6,0.00011,4799019,90.04239,5329733
14007,ScyDev,6,0.00011,4799025,90.04250,5329733
14008,sebv,6,0.00011,4799031,90.04262,5329733
14009,shal,6,0.00011,4799037,90.04273,5329733
14010,shaneog,6,0.00011,4799043,90.04284,5329733
14011,shidel-dev,6,0.00011,4799049,90.04295,5329733
14012,showermat,6,0.00011,4799055,90.04307,5329733
14013,sidharthanup,6,0.00011,4799061,90.04318,5329733
14014,silas,6,0.00011,4799067,90.04329,5329733
14015,Sjord,6,0.00011,4799073,90.04340,5329733
14016,skrusty,6,0.00011,4799079,90.04352,5329733
14017,Smalinuxer,6,0.00011,4799085,90.04363,5329733
14018,sopel39,6,0.00011,4799091,90.04374,5329733
14019,sourabhmodi,6,0.00011,4799097,90.04385,5329733
14020,spiegela,6,0.00011,4799103,90.04397,5329733
14021,spohnan,6,0.00011,4799109,90.04408,5329733
14022,squarejaw,6,0.00011,4799115,90.04419,5329733
14023,Sreemanti-Ghosh,6,0.00011,4799121,90.04430,5329733
14024,srgvg,6,0.00011,4799127,90.04442,5329733
14025,steve-fraser,6,0.00011,4799133,90.04453,5329733
14026,SteveOss,6,0.00011,4799139,90.04464,5329733
14027,StingRayZA,6,0.00011,4799145,90.04475,5329733
14028,strin,6,0.00011,4799151,90.04487,5329733
14029,SukantGujar,6,0.00011,4799157,90.04498,5329733
14030,sunhay,6,0.00011,4799163,90.04509,5329733
14031,suside,6,0.00011,4799169,90.04520,5329733
14032,Swampy821,6,0.00011,4799175,90.04532,5329733
14033,syswu,6,0.00011,4799181,90.04543,5329733
14034,syswuheng,6,0.00011,4799187,90.04554,5329733
14035,Syulin7,6,0.00011,4799193,90.04566,5329733
14036,talham7391,6,0.00011,4799199,90.04577,5329733
14037,tangxinfa,6,0.00011,4799205,90.04588,5329733
14038,tanyifeng,6,0.00011,4799211,90.04599,5329733
14039,tberman,6,0.00011,4799217,90.04611,5329733
14040,tbroadley,6,0.00011,4799223,90.04622,5329733
14041,tfulcrand,6,0.00011,4799229,90.04633,5329733
14042,thebouv,6,0.00011,4799235,90.04644,5329733
14043,theisensanders-wf,6,0.00011,4799241,90.04656,5329733
14044,TheJaySmith,6,0.00011,4799247,90.04667,5329733
14045,thibserot,6,0.00011,4799253,90.04678,5329733
14046,thomassuckow,6,0.00011,4799259,90.04689,5329733
14047,timothydowney,6,0.00011,4799265,90.04701,5329733
14048,tjskrish,6,0.00011,4799271,90.04712,5329733
14049,tleach,6,0.00011,4799277,90.04723,5329733
14050,tmhdgsn,6,0.00011,4799283,90.04734,5329733
14051,t-miyake,6,0.00011,4799289,90.04746,5329733
14052,TrevorTaoARM,6,0.00011,4799295,90.04757,5329733
14053,trshafer,6,0.00011,4799301,90.04768,5329733
14054,trumant,6,0.00011,4799307,90.04779,5329733
14055,tscolari,6,0.00011,4799313,90.04791,5329733
14056,ttacon,6,0.00011,4799319,90.04802,5329733
14057,ttt43ttt,6,0.00011,4799325,90.04813,5329733
14058,ttz21,6,0.00011,4799331,90.04824,5329733
14059,tvalletta,6,0.00011,4799337,90.04836,5329733
14060,typusomega,6,0.00011,4799343,90.04847,5329733
14061,upvas,6,0.00011,4799349,90.04858,5329733
14062,Vaibhavpbits,6,0.00011,4799355,90.04869,5329733
14063,varunkumar,6,0.00011,4799361,90.04881,5329733
14064,vedantrathore,6,0.00011,4799367,90.04892,5329733
14065,victorhaggqvist,6,0.00011,4799373,90.04903,5329733
14066,vidbina,6,0.00011,4799379,90.04915,5329733
14067,vii,6,0.00011,4799385,90.04926,5329733
14068,viirya,6,0.00011,4799391,90.04937,5329733
14069,viktorklang,6,0.00011,4799397,90.04948,5329733
14070,vincentdyleung,6,0.00011,4799403,90.04960,5329733
14071,vntbbb,6,0.00011,4799409,90.04971,5329733
14072,warden,6,0.00011,4799415,90.04982,5329733
14073,waynz0r,6,0.00011,4799421,90.04993,5329733
14074,wayofthepie,6,0.00011,4799427,90.05005,5329733
14075,Wayt,6,0.00011,4799433,90.05016,5329733
14076,webframp,6,0.00011,4799439,90.05027,5329733
14077,wenjun1,6,0.00011,4799445,90.05038,5329733
14078,williamh,6,0.00011,4799451,90.05050,5329733
14079,wkulhanek,6,0.00011,4799457,90.05061,5329733
14080,wlbhiro,6,0.00011,4799463,90.05072,5329733
14081,woqer,6,0.00011,4799469,90.05083,5329733
14082,xaniasd,6,0.00011,4799475,90.05095,5329733
14083,xelatex,6,0.00011,4799481,90.05106,5329733
14084,xuzhenglun,6,0.00011,4799487,90.05117,5329733
14085,ybr,6,0.00011,4799493,90.05128,5329733
14086,yeshengm,6,0.00011,4799499,90.05140,5329733
14087,Ye-Ting,6,0.00011,4799505,90.05151,5329733
14088,yeungda-rea,6,0.00011,4799511,90.05162,5329733
14089,yinghan,6,0.00011,4799517,90.05173,5329733
14090,yoheiueda,6,0.00011,4799523,90.05185,5329733
14091,yoink00,6,0.00011,4799529,90.05196,5329733
14092,yonran,6,0.00011,4799535,90.05207,5329733
14093,yoshuawuyts,6,0.00011,4799541,90.05218,5329733
14094,zach-source,6,0.00011,4799547,90.05230,5329733
14095,zdq0394,6,0.00011,4799553,90.05241,5329733
14096,zee-ahmed,6,0.00011,4799559,90.05252,5329733
14097,zenly,6,0.00011,4799565,90.05263,5329733
14098,zheolong,6,0.00011,4799571,90.05275,5329733
14099,zoran15,6,0.00011,4799577,90.05286,5329733
14100,0xDEC0DE,5,0.00009,4799582,90.05295,5329733
14101,13rac1,5,0.00009,4799587,90.05305,5329733
14102,181192,5,0.00009,4799592,90.05314,5329733
14103,aashish-ak,5,0.00009,4799597,90.05324,5329733
14104,abayer,5,0.00009,4799602,90.05333,5329733
14105,abkaplan07,5,0.00009,4799607,90.05342,5329733
14106,abonillasuse,5,0.00009,4799612,90.05352,5329733
14107,aby2503,5,0.00009,4799617,90.05361,5329733
14108,acchou,5,0.00009,4799622,90.05370,5329733
14109,adamresson,5,0.00009,4799627,90.05380,5329733
14110,AdrianGPrado,5,0.00009,4799632,90.05389,5329733
14111,aduitsis,5,0.00009,4799637,90.05399,5329733
14112,aferreira,5,0.00009,4799642,90.05408,5329733
14113,agsmith,5,0.00009,4799647,90.05417,5329733
14114,ahmetkizilay,5,0.00009,4799652,90.05427,5329733
14115,ainouche,5,0.00009,4799657,90.05436,5329733
14116,akerouanton,5,0.00009,4799662,90.05445,5329733
14117,akhilputhiry,5,0.00009,4799667,90.05455,5329733
14118,akirasoft,5,0.00009,4799672,90.05464,5329733
14119,alexlovelltroy,5,0.00009,4799677,90.05474,5329733
14120,alexpilotti,5,0.00009,4799682,90.05483,5329733
14121,alifa20,5,0.00009,4799687,90.05492,5329733
14122,alinadonisa,5,0.00009,4799692,90.05502,5329733
14123,alirajabi,5,0.00009,4799697,90.05511,5329733
14124,allanchau,5,0.00009,4799702,90.05521,5329733
14125,alpha-san,5,0.00009,4799707,90.05530,5329733
14126,amincheloh,5,0.00009,4799712,90.05539,5329733
14127,amirgohar-AG,5,0.00009,4799717,90.05549,5329733
14128,amitdesai03,5,0.00009,4799722,90.05558,5329733
14129,amit-handda,5,0.00009,4799727,90.05567,5329733
14130,amritanshu-pandey,5,0.00009,4799732,90.05577,5329733
14131,amtandon,5,0.00009,4799737,90.05586,5329733
14132,amykang2020,5,0.00009,4799742,90.05596,5329733
14133,anagio,5,0.00009,4799747,90.05605,5329733
14134,andreafagan,5,0.00009,4799752,90.05614,5329733
14135,andreamelloncelli,5,0.00009,4799757,90.05624,5329733
14136,andreipetrescu95,5,0.00009,4799762,90.05633,5329733
14137,AndreLouisCaron,5,0.00009,4799767,90.05642,5329733
14138,andresvia,5,0.00009,4799772,90.05652,5329733
14139,andrew-j-price,5,0.00009,4799777,90.05661,5329733
14140,aniketrathi1999,5,0.00009,4799782,90.05671,5329733
14141,anishkny,5,0.00009,4799787,90.05680,5329733
14142,ankitforcode,5,0.00009,4799792,90.05689,5329733
14143,anonymuse,5,0.00009,4799797,90.05699,5329733
14144,antonioaguilar,5,0.00009,4799802,90.05708,5329733
14145,appleboy,5,0.00009,4799807,90.05718,5329733
14146,arangamani,5,0.00009,4799812,90.05727,5329733
14147,Arcanique,5,0.00009,4799817,90.05736,5329733
14148,archnode,5,0.00009,4799822,90.05746,5329733
14149,arkadijs,5,0.00009,4799827,90.05755,5329733
14150,Arkanayan,5,0.00009,4799832,90.05764,5329733
14151,armando-migliaccio,5,0.00009,4799837,90.05774,5329733
14152,ashokm,5,0.00009,4799842,90.05783,5329733
14153,asishrs,5,0.00009,4799847,90.05793,5329733
14154,astanway,5,0.00009,4799852,90.05802,5329733
14155,astrowicked,5,0.00009,4799857,90.05811,5329733
14156,atereshchenkov,5,0.00009,4799862,90.05821,5329733
14157,atollena,5,0.00009,4799867,90.05830,5329733
14158,austincunningham,5,0.00009,4799872,90.05840,5329733
14159,avrono,5,0.00009,4799877,90.05849,5329733
14160,badone,5,0.00009,4799882,90.05858,5329733
14161,bartlinga,5,0.00009,4799887,90.05868,5329733
14162,baygeldin,5,0.00009,4799892,90.05877,5329733
14163,bbarenblat,5,0.00009,4799897,90.05886,5329733
14164,bbortt,5,0.00009,4799902,90.05896,5329733
14165,bchelli,5,0.00009,4799907,90.05905,5329733
14166,bdiesel,5,0.00009,4799912,90.05915,5329733
14167,bearnard,5,0.00009,4799917,90.05924,5329733
14168,beasleyr-vmw,5,0.00009,4799922,90.05933,5329733
14169,behlendorf,5,0.00009,4799927,90.05943,5329733
14170,beli-sk,5,0.00009,4799932,90.05952,5329733
14171,benabineri,5,0.00009,4799937,90.05961,5329733
14172,benfairless,5,0.00009,4799942,90.05971,5329733
14173,benhosmer,5,0.00009,4799947,90.05980,5329733
14174,benlwalker,5,0.00009,4799952,90.05990,5329733
14175,benzimmer,5,0.00009,4799957,90.05999,5329733
14176,bernadinm,5,0.00009,4799962,90.06008,5329733
14177,Bernolt,5,0.00009,4799967,90.06018,5329733
14178,bipuladh,5,0.00009,4799972,90.06027,5329733
14179,bjori,5,0.00009,4799977,90.06037,5329733
14180,bklein1,5,0.00009,4799982,90.06046,5329733
14181,blairkutz,5,0.00009,4799987,90.06055,5329733
14182,bltavares,5,0.00009,4799992,90.06065,5329733
14183,bolu,5,0.00009,4799997,90.06074,5329733
14184,bpaquet,5,0.00009,4800002,90.06083,5329733
14185,bradrydzewski,5,0.00009,4800007,90.06093,5329733
14186,brk3,5,0.00009,4800012,90.06102,5329733
14187,brontide,5,0.00009,4800017,90.06112,5329733
14188,budongxin,5,0.00009,4800022,90.06121,5329733
14189,buoto,5,0.00009,4800027,90.06130,5329733
14190,CameronLonsdale,5,0.00009,4800032,90.06140,5329733
14191,camp-007,5,0.00009,4800037,90.06149,5329733
14192,cewing,5,0.00009,4800042,90.06158,5329733
14193,cfriedt,5,0.00009,4800047,90.06168,5329733
14194,cgillum,5,0.00009,4800052,90.06177,5329733
14195,changpe1,5,0.00009,4800057,90.06187,5329733
14196,chartinmarrel,5,0.00009,4800062,90.06196,5329733
14197,chendo,5,0.00009,4800067,90.06205,5329733
14198,chgeuer,5,0.00009,4800072,90.06215,5329733
14199,chkno,5,0.00009,4800077,90.06224,5329733
14200,chorrell,5,0.00009,4800082,90.06234,5329733
14201,chris-ramon,5,0.00009,4800087,90.06243,5329733
14202,ChristianAlexander,5,0.00009,4800092,90.06252,5329733
14203,chriwill,5,0.00009,4800097,90.06262,5329733
14204,chrsmith,5,0.00009,4800102,90.06271,5329733
14205,ckim0419,5,0.00009,4800107,90.06280,5329733
14206,codeout,5,0.00009,4800112,90.06290,5329733
14207,codepitbull,5,0.00009,4800117,90.06299,5329733
14208,colszowka,5,0.00009,4800122,90.06309,5329733
14209,Conky5,5,0.00009,4800127,90.06318,5329733
14210,convoi,5,0.00009,4800132,90.06327,5329733
14211,cruizer,5,0.00009,4800137,90.06337,5329733
14212,cviecco,5,0.00009,4800142,90.06346,5329733
14213,cybergrind,5,0.00009,4800147,90.06355,5329733
14214,Daemeron,5,0.00009,4800152,90.06365,5329733
14215,DakshMiglani,5,0.00009,4800157,90.06374,5329733
14216,daniel00oo,5,0.00009,4800162,90.06384,5329733
14217,dardok,5,0.00009,4800167,90.06393,5329733
14218,darrendao,5,0.00009,4800172,90.06402,5329733
14219,darshkpatel,5,0.00009,4800177,90.06412,5329733
14220,DarthGandalf,5,0.00009,4800182,90.06421,5329733
14221,dasch,5,0.00009,4800187,90.06431,5329733
14222,das-peter,5,0.00009,4800192,90.06440,5329733
14223,Data-drone,5,0.00009,4800197,90.06449,5329733
14224,dav1x,5,0.00009,4800202,90.06459,5329733
14225,davidcelis,5,0.00009,4800207,90.06468,5329733
14226,davidgacc,5,0.00009,4800212,90.06477,5329733
14227,david-martyn-ford,5,0.00009,4800217,90.06487,5329733
14228,davidmatson,5,0.00009,4800222,90.06496,5329733
14229,davidvanlaatum,5,0.00009,4800227,90.06506,5329733
14230,DavidYKay,5,0.00009,4800232,90.06515,5329733
14231,dclaar,5,0.00009,4800237,90.06524,5329733
14232,ddlees,5,0.00009,4800242,90.06534,5329733
14233,ddongyu,5,0.00009,4800247,90.06543,5329733
14234,dealako,5,0.00009,4800252,90.06552,5329733
14235,DebugSteven,5,0.00009,4800257,90.06562,5329733
14236,delucca,5,0.00009,4800262,90.06571,5329733
14237,DenisKolodin,5,0.00009,4800267,90.06581,5329733
14238,derekbekoe,5,0.00009,4800272,90.06590,5329733
14239,Dev0Null,5,0.00009,4800277,90.06599,5329733
14240,devcamcar,5,0.00009,4800282,90.06609,5329733
14241,dgn,5,0.00009,4800287,90.06618,5329733
14242,dharmit,5,0.00009,4800292,90.06628,5329733
14243,diasjorge,5,0.00009,4800297,90.06637,5329733
14244,dilyar85,5,0.00009,4800302,90.06646,5329733
14245,dimtruck,5,0.00009,4800307,90.06656,5329733
14246,dmizyk,5,0.00009,4800312,90.06665,5329733
14247,doublerainbo,5,0.00009,4800317,90.06674,5329733
14248,dperny,5,0.00009,4800322,90.06684,5329733
14249,dpurrington,5,0.00009,4800327,90.06693,5329733
14250,drebes,5,0.00009,4800332,90.06703,5329733
14251,drichelson,5,0.00009,4800337,90.06712,5329733
14252,DTadrzak,5,0.00009,4800342,90.06721,5329733
14253,durin42,5,0.00009,4800347,90.06731,5329733
14254,durp,5,0.00009,4800352,90.06740,5329733
14255,duxinxiao,5,0.00009,4800357,90.06749,5329733
14256,dvasko,5,0.00009,4800362,90.06759,5329733
14257,dwding18,5,0.00009,4800367,90.06768,5329733
14258,DylanGriffith,5,0.00009,4800372,90.06778,5329733
14259,edonkor1,5,0.00009,4800377,90.06787,5329733
14260,egeturgay,5,0.00009,4800382,90.06796,5329733
14261,ekoome,5,0.00009,4800387,90.06806,5329733
14262,emalovan,5,0.00009,4800392,90.06815,5329733
14263,embs,5,0.00009,4800397,90.06825,5329733
14264,emfree,5,0.00009,4800402,90.06834,5329733
14265,EmileVauge,5,0.00009,4800407,90.06843,5329733
14266,emmajiafan,5,0.00009,4800412,90.06853,5329733
14267,enekofb,5,0.00009,4800417,90.06862,5329733
14268,enrichman,5,0.00009,4800422,90.06871,5329733
14269,enukane,5,0.00009,4800427,90.06881,5329733
14270,Ephemera,5,0.00009,4800432,90.06890,5329733
14271,equinox0815,5,0.00009,4800437,90.06900,5329733
14272,erabug,5,0.00009,4800442,90.06909,5329733
14273,ericbn,5,0.00009,4800447,90.06918,5329733
14274,ericdmann,5,0.00009,4800452,90.06928,5329733
14275,erick0z,5,0.00009,4800457,90.06937,5329733
14276,erickpintor,5,0.00009,4800462,90.06947,5329733
14277,ericpromislow,5,0.00009,4800467,90.06956,5329733
14278,ErwanAliasr1,5,0.00009,4800472,90.06965,5329733
14279,etheleon,5,0.00009,4800477,90.06975,5329733
14280,etix,5,0.00009,4800482,90.06984,5329733
14281,everesio,5,0.00009,4800487,90.06993,5329733
14282,expelledboy,5,0.00009,4800492,90.07003,5329733
14283,farazfazli,5,0.00009,4800497,90.07012,5329733
14284,FedericoCeratto,5,0.00009,4800502,90.07022,5329733
14285,fforootd,5,0.00009,4800507,90.07031,5329733
14286,filipochnik,5,0.00009,4800512,90.07040,5329733
14287,fischerjulian,5,0.00009,4800517,90.07050,5329733
14288,Fitzse,5,0.00009,4800522,90.07059,5329733
14289,fpletz,5,0.00009,4800527,90.07068,5329733
14290,fvovan,5,0.00009,4800532,90.07078,5329733
14291,gabfl,5,0.00009,4800537,90.07087,5329733
14292,gabrfarina,5,0.00009,4800542,90.07097,5329733
14293,gamunu,5,0.00009,4800547,90.07106,5329733
14294,gaozhidf,5,0.00009,4800552,90.07115,5329733
14295,garrettheel,5,0.00009,4800557,90.07125,5329733
14296,gavinmy15,5,0.00009,4800562,90.07134,5329733
14297,gcmalloc,5,0.00009,4800567,90.07144,5329733
14298,geedo0,5,0.00009,4800572,90.07153,5329733
14299,gilles-peskine-arm,5,0.00009,4800577,90.07162,5329733
14300,giulioprovasi,5,0.00009,4800582,90.07172,5329733
14301,gkalele,5,0.00009,4800587,90.07181,5329733
14302,gkze,5,0.00009,4800592,90.07190,5329733
14303,globin,5,0.00009,4800597,90.07200,5329733
14304,gnirodi,5,0.00009,4800602,90.07209,5329733
14305,Godin,5,0.00009,4800607,90.07219,5329733
14306,GokGokalp,5,0.00009,4800612,90.07228,5329733
14307,golvteppe,5,0.00009,4800617,90.07237,5329733
14308,goodwillcoding,5,0.00009,4800622,90.07247,5329733
14309,grantgumina,5,0.00009,4800627,90.07256,5329733
14310,groszewn,5,0.00009,4800632,90.07265,5329733
14311,haimberger,5,0.00009,4800637,90.07275,5329733
14312,HaiyangDING,5,0.00009,4800642,90.07284,5329733
14313,HamzaBoukraa,5,0.00009,4800647,90.07294,5329733
14314,hatchan,5,0.00009,4800652,90.07303,5329733
14315,HeroCC,5,0.00009,4800657,90.07312,5329733
14316,heyjared,5,0.00009,4800662,90.07322,5329733
14317,hferentschik,5,0.00009,4800667,90.07331,5329733
14318,hkroger,5,0.00009,4800672,90.07341,5329733
14319,hmartinez69,5,0.00009,4800677,90.07350,5329733
14320,Horgix,5,0.00009,4800682,90.07359,5329733
14321,hramos,5,0.00009,4800687,90.07369,5329733
14322,hugocf,5,0.00009,4800692,90.07378,5329733
14323,hupiper,5,0.00009,4800697,90.07387,5329733
14324,hwq830,5,0.00009,4800702,90.07397,5329733
14325,i0rek,5,0.00009,4800707,90.07406,5329733
14326,i300543,5,0.00009,4800712,90.07416,5329733
14327,I944,5,0.00009,4800717,90.07425,5329733
14328,iainfoulds,5,0.00009,4800722,90.07434,5329733
14329,iakshay,5,0.00009,4800727,90.07444,5329733
14330,ian28223,5,0.00009,4800732,90.07453,5329733
14331,ianamunoz,5,0.00009,4800737,90.07462,5329733
14332,ICGog,5,0.00009,4800742,90.07472,5329733
14333,ignogueiras,5,0.00009,4800747,90.07481,5329733
14334,igsilya,5,0.00009,4800752,90.07491,5329733
14335,ihoegen-isp,5,0.00009,4800757,90.07500,5329733
14336,iJanki,5,0.00009,4800762,90.07509,5329733
14337,iliul,5,0.00009,4800767,90.07519,5329733
14338,irfanhabib,5,0.00009,4800772,90.07528,5329733
14339,irisdingbj,5,0.00009,4800777,90.07538,5329733
14340,izhukov,5,0.00009,4800782,90.07547,5329733
14341,izzatzr,5,0.00009,4800787,90.07556,5329733
14342,jackwakefield,5,0.00009,4800792,90.07566,5329733
14343,jacobwgillespie,5,0.00009,4800797,90.07575,5329733
14344,jalessio,5,0.00009,4800802,90.07584,5329733
14345,Jameshzc,5,0.00009,4800807,90.07594,5329733
14346,jamiecoleman92,5,0.00009,4800812,90.07603,5329733
14347,janekolszak,5,0.00009,4800817,90.07613,5329733
14348,jasonk000,5,0.00009,4800822,90.07622,5329733
14349,jatins,5,0.00009,4800827,90.07631,5329733
14350,jbcrail,5,0.00009,4800832,90.07641,5329733
14351,jdolce,5,0.00009,4800837,90.07650,5329733
14352,jecho,5,0.00009,4800842,90.07659,5329733
14353,jeffkirby,5,0.00009,4800847,90.07669,5329733
14354,jensraaby,5,0.00009,4800852,90.07678,5329733
14355,jerairrest,5,0.00009,4800857,90.07688,5329733
14356,jgbaum,5,0.00009,4800862,90.07697,5329733
14357,JGroselle,5,0.00009,4800867,90.07706,5329733
14358,jhanschoo,5,0.00009,4800872,90.07716,5329733
14359,jhelbling,5,0.00009,4800877,90.07725,5329733
14360,JiangJi,5,0.00009,4800882,90.07735,5329733
14361,jihdeh,5,0.00009,4800887,90.07744,5329733
14362,JituS,5,0.00009,4800892,90.07753,5329733
14363,jkirklan,5,0.00009,4800897,90.07763,5329733
14364,jkschneider,5,0.00009,4800902,90.07772,5329733
14365,jmblakl,5,0.00009,4800907,90.07781,5329733
14366,jmo808,5,0.00009,4800912,90.07791,5329733
14367,johnaoss,5,0.00009,4800917,90.07800,5329733
14368,johnhofman,5,0.00009,4800922,90.07810,5329733
14369,jonathanjlin,5,0.00009,4800927,90.07819,5329733
14370,Jont828,5,0.00009,4800932,90.07828,5329733
14371,jorahn,5,0.00009,4800937,90.07838,5329733
14372,jordanlewis,5,0.00009,4800942,90.07847,5329733
14373,JorgenG,5,0.00009,4800947,90.07856,5329733
14374,JorisBolsens,5,0.00009,4800952,90.07866,5329733
14375,jpillora,5,0.00009,4800957,90.07875,5329733
14376,jseadragon,5,0.00009,4800962,90.07885,5329733
14377,jsiegele,5,0.00009,4800967,90.07894,5329733
14378,jszwedko,5,0.00009,4800972,90.07903,5329733
14379,juanjovazquez,5,0.00009,4800977,90.07913,5329733
14380,JulienTant,5,0.00009,4800982,90.07922,5329733
14381,juliosueiras,5,0.00009,4800987,90.07932,5329733
14382,jwang11,5,0.00009,4800992,90.07941,5329733
14383,jwhitlark,5,0.00009,4800997,90.07950,5329733
14384,jyee,5,0.00009,4801002,90.07960,5329733
14385,kabo,5,0.00009,4801007,90.07969,5329733
14386,kaizamm,5,0.00009,4801012,90.07978,5329733
14387,kalgecin,5,0.00009,4801017,90.07988,5329733
14388,kanekotic,5,0.00009,4801022,90.07997,5329733
14389,kanongil,5,0.00009,4801027,90.08007,5329733
14390,kapilpau,5,0.00009,4801032,90.08016,5329733
14391,KarlHerler,5,0.00009,4801037,90.08025,5329733
14392,kartouch,5,0.00009,4801042,90.08035,5329733
14393,kc8apf,5,0.00009,4801047,90.08044,5329733
14394,kcarlson2915,5,0.00009,4801052,90.08053,5329733
14395,keikhara,5,0.00009,4801057,90.08063,5329733
14396,kenm47,5,0.00009,4801062,90.08072,5329733
14397,kenXengineering,5,0.00009,4801067,90.08082,5329733
14398,kestrels,5,0.00009,4801072,90.08091,5329733
14399,keyki,5,0.00009,4801077,90.08100,5329733
14400,kfaseela,5,0.00009,4801082,90.08110,5329733
14401,kghost,5,0.00009,4801087,90.08119,5329733
14402,kgold2,5,0.00009,4801092,90.08129,5329733
14403,khaliddermoumi,5,0.00009,4801097,90.08138,5329733
14404,kirbyclover,5,0.00009,4801102,90.08147,5329733
14405,kiyose,5,0.00009,4801107,90.08157,5329733
14406,kluever,5,0.00009,4801112,90.08166,5329733
14407,knangia,5,0.00009,4801117,90.08175,5329733
14408,kostko,5,0.00009,4801122,90.08185,5329733
14409,kouky,5,0.00009,4801127,90.08194,5329733
14410,kpiwko,5,0.00009,4801132,90.08204,5329733
14411,krasnoukhov,5,0.00009,4801137,90.08213,5329733
14412,krsna1729,5,0.00009,4801142,90.08222,5329733
14413,krytarowski,5,0.00009,4801147,90.08232,5329733
14414,ktamashun,5,0.00009,4801152,90.08241,5329733
14415,kunalbabre,5,0.00009,4801157,90.08251,5329733
14416,kvenkata986,5,0.00009,4801162,90.08260,5329733
14417,kylekyu,5,0.00009,4801167,90.08269,5329733
14418,lammel,5,0.00009,4801172,90.08279,5329733
14419,LanceNorskog,5,0.00009,4801177,90.08288,5329733
14420,larrytin,5,0.00009,4801182,90.08297,5329733
14421,larssb,5,0.00009,4801187,90.08307,5329733
14422,lastcoolnameleft,5,0.00009,4801192,90.08316,5329733
14423,laurids-reichardt,5,0.00009,4801197,90.08326,5329733
14424,lavagetto,5,0.00009,4801202,90.08335,5329733
14425,lcalcote,5,0.00009,4801207,90.08344,5329733
14426,leifg,5,0.00009,4801212,90.08354,5329733
14427,leokhoa,5,0.00009,4801217,90.08363,5329733
14428,leslau,5,0.00009,4801222,90.08372,5329733
14429,liamstewart,5,0.00009,4801227,90.08382,5329733
14430,libujacob,5,0.00009,4801232,90.08391,5329733
14431,LingxianKong,5,0.00009,4801237,90.08401,5329733
14432,LittleBoy18,5,0.00009,4801242,90.08410,5329733
14433,lmunro-at-shopify,5,0.00009,4801247,90.08419,5329733
14434,lndbrg,5,0.00009,4801252,90.08429,5329733
14435,Loki-Afro,5,0.00009,4801257,90.08438,5329733
14436,lordofthejars,5,0.00009,4801262,90.08448,5329733
14437,lostlivio,5,0.00009,4801267,90.08457,5329733
14438,lpil,5,0.00009,4801272,90.08466,5329733
14439,lsoica,5,0.00009,4801277,90.08476,5329733
14440,lzbj,5,0.00009,4801282,90.08485,5329733
14441,m8ryx,5,0.00009,4801287,90.08494,5329733
14442,malcolmholmes,5,0.00009,4801292,90.08504,5329733
14443,maltevogl,5,0.00009,4801297,90.08513,5329733
14444,manish-404,5,0.00009,4801302,90.08523,5329733
14445,marcwan,5,0.00009,4801307,90.08532,5329733
14446,MarounMaroun,5,0.00009,4801312,90.08541,5329733
14447,mastrolinux,5,0.00009,4801317,90.08551,5329733
14448,math3vz,5,0.00009,4801322,90.08560,5329733
14449,matiasinsaurralde,5,0.00009,4801327,90.08569,5329733
14450,mattbennett,5,0.00009,4801332,90.08579,5329733
14451,matthewhartstonge,5,0.00009,4801337,90.08588,5329733
14452,MattLud,5,0.00009,4801342,90.08598,5329733
14453,matty234,5,0.00009,4801347,90.08607,5329733
14454,maugusto-cit,5,0.00009,4801352,90.08616,5329733
14455,maximecharron,5,0.00009,4801357,90.08626,5329733
14456,mcoolive,5,0.00009,4801362,90.08635,5329733
14457,mcowger,5,0.00009,4801367,90.08645,5329733
14458,mdubbyap,5,0.00009,4801372,90.08654,5329733
14459,mekka,5,0.00009,4801377,90.08663,5329733
14460,metaflow,5,0.00009,4801382,90.08673,5329733
14461,metrue,5,0.00009,4801387,90.08682,5329733
14462,mfriedenhagen,5,0.00009,4801392,90.08691,5329733
14463,MichaelErmer,5,0.00009,4801397,90.08701,5329733
14464,michael-k,5,0.00009,4801402,90.08710,5329733
14465,michaelscheetz,5,0.00009,4801407,90.08720,5329733
14466,michaelvilensky,5,0.00009,4801412,90.08729,5329733
14467,miguelfrde,5,0.00009,4801417,90.08738,5329733
14468,miha-plesko,5,0.00009,4801422,90.08748,5329733
14469,mikeplavsky,5,0.00009,4801427,90.08757,5329733
14470,mikeurbach,5,0.00009,4801432,90.08766,5329733
14471,mikewied,5,0.00009,4801437,90.08776,5329733
14472,MiloATH,5,0.00009,4801442,90.08785,5329733
14473,milosgajdos,5,0.00009,4801447,90.08795,5329733
14474,milosonator,5,0.00009,4801452,90.08804,5329733
14475,mindymo,5,0.00009,4801457,90.08813,5329733
14476,mithuns,5,0.00009,4801462,90.08823,5329733
14477,miyakawataku,5,0.00009,4801467,90.08832,5329733
14478,mkeeler,5,0.00009,4801472,90.08842,5329733
14479,mkuchin,5,0.00009,4801477,90.08851,5329733
14480,mmasaki,5,0.00009,4801482,90.08860,5329733
14481,m-mizutani,5,0.00009,4801487,90.08870,5329733
14482,m-nikhil,5,0.00009,4801492,90.08879,5329733
14483,morelena,5,0.00009,4801497,90.08888,5329733
14484,MorganBauer,5,0.00009,4801502,90.08898,5329733
14485,morstad,5,0.00009,4801507,90.08907,5329733
14486,MrShaddix,5,0.00009,4801512,90.08917,5329733
14487,msolimans,5,0.00009,4801517,90.08926,5329733
14488,msrb,5,0.00009,4801522,90.08935,5329733
14489,mssola,5,0.00009,4801527,90.08945,5329733
14490,mswietochowski,5,0.00009,4801532,90.08954,5329733
14491,mtakigiku,5,0.00009,4801537,90.08963,5329733
14492,mtweten,5,0.00009,4801542,90.08973,5329733
14493,mvoelske,5,0.00009,4801547,90.08982,5329733
14494,mwardRH,5,0.00009,4801552,90.08992,5329733
14495,Myafq,5,0.00009,4801557,90.09001,5329733
14496,mybesthd,5,0.00009,4801562,90.09010,5329733
14497,mylons,5,0.00009,4801567,90.09020,5329733
14498,mynameismevin,5,0.00009,4801572,90.09029,5329733
14499,najeira,5,0.00009,4801577,90.09039,5329733
14500,naumanna,5,0.00009,4801582,90.09048,5329733
14501,nealef,5,0.00009,4801587,90.09057,5329733
14502,neocortical,5,0.00009,4801592,90.09067,5329733
14503,nerdengineering,5,0.00009,4801597,90.09076,5329733
14504,nevins-jask,5,0.00009,4801602,90.09085,5329733
14505,nhsiehgit,5,0.00009,4801607,90.09095,5329733
14506,nicknezis,5,0.00009,4801612,90.09104,5329733
14507,nikolajbrinch,5,0.00009,4801617,90.09114,5329733
14508,nkaravias,5,0.00009,4801622,90.09123,5329733
14509,noelmcloughlin,5,0.00009,4801627,90.09132,5329733
14510,NOX73,5,0.00009,4801632,90.09142,5329733
14511,npgall,5,0.00009,4801637,90.09151,5329733
14512,nsmith5,5,0.00009,4801642,90.09160,5329733
14513,nuaays,5,0.00009,4801647,90.09170,5329733
14514,nyoxi,5,0.00009,4801652,90.09179,5329733
14515,olivr70,5,0.00009,4801657,90.09189,5329733
14516,omenv,5,0.00009,4801662,90.09198,5329733
14517,omgjlk,5,0.00009,4801667,90.09207,5329733
14518,opoudjis,5,0.00009,4801672,90.09217,5329733
14519,optimistyzy,5,0.00009,4801677,90.09226,5329733
14520,orangejulius,5,0.00009,4801682,90.09236,5329733
14521,Pajn,5,0.00009,4801687,90.09245,5329733
14522,PaladinTyrion,5,0.00009,4801692,90.09254,5329733
14523,particledecay,5,0.00009,4801697,90.09264,5329733
14524,pascal-vs,5,0.00009,4801702,90.09273,5329733
14525,pastudan,5,0.00009,4801707,90.09282,5329733
14526,patricks,5,0.00009,4801712,90.09292,5329733
14527,patrikbeno,5,0.00009,4801717,90.09301,5329733
14528,paulehoffman,5,0.00009,4801722,90.09311,5329733
14529,Paul-Michaud,5,0.00009,4801727,90.09320,5329733
14530,paulreimer,5,0.00009,4801732,90.09329,5329733
14531,pdavid31,5,0.00009,4801737,90.09339,5329733
14532,Pefou-flo,5,0.00009,4801742,90.09348,5329733
14533,peluse,5,0.00009,4801747,90.09358,5329733
14534,pemor,5,0.00009,4801752,90.09367,5329733
14535,perek,5,0.00009,4801757,90.09376,5329733
14536,PeterJausovec,5,0.00009,4801762,90.09386,5329733
14537,phanikumarp,5,0.00009,4801767,90.09395,5329733
14538,PhoenixAD,5,0.00009,4801772,90.09404,5329733
14539,phongtattuan,5,0.00009,4801777,90.09414,5329733
14540,pianilsson,5,0.00009,4801782,90.09423,5329733
14541,priyaananthasankar,5,0.00009,4801787,90.09433,5329733
14542,priyankash-citrix,5,0.00009,4801792,90.09442,5329733
14543,pulkitsharma07,5,0.00009,4801797,90.09451,5329733
14544,pushrax,5,0.00009,4801802,90.09461,5329733
14545,q42jaap,5,0.00009,4801807,90.09470,5329733
14546,rafabene,5,0.00009,4801812,90.09479,5329733
14547,rafalbigaj,5,0.00009,4801817,90.09489,5329733
14548,ramkumardevanathan,5,0.00009,4801822,90.09498,5329733
14549,Ranger-X,5,0.00009,4801827,90.09508,5329733
14550,rauls5382,5,0.00009,4801832,90.09517,5329733
14551,ravirdv,5,0.00009,4801837,90.09526,5329733
14552,razius,5,0.00009,4801842,90.09536,5329733
14553,rbuskens,5,0.00009,4801847,90.09545,5329733
14554,rcolline,5,0.00009,4801852,90.09555,5329733
14555,redeux,5,0.00009,4801857,90.09564,5329733
14556,rhyas,5,0.00009,4801862,90.09573,5329733
14557,richardfung,5,0.00009,4801867,90.09583,5329733
14558,rimey,5,0.00009,4801872,90.09592,5329733
14559,rivimont,5,0.00009,4801877,90.09601,5329733
14560,rjmco,5,0.00009,4801882,90.09611,5329733
14561,robfrank,5,0.00009,4801887,90.09620,5329733
14562,robholland,5,0.00009,4801892,90.09630,5329733
14563,rohitrsh,5,0.00009,4801897,90.09639,5329733
14564,RomainMuller,5,0.00009,4801902,90.09648,5329733
14565,rossdylan,5,0.00009,4801907,90.09658,5329733
14566,rsyvarth,5,0.00009,4801912,90.09667,5329733
14567,ruizeng,5,0.00009,4801917,90.09676,5329733
14568,ryanbrainard,5,0.00009,4801922,90.09686,5329733
14569,ryan-maus,5,0.00009,4801927,90.09695,5329733
14570,ryotarai,5,0.00009,4801932,90.09705,5329733
14571,sachin-pikle,5,0.00009,4801937,90.09714,5329733
14572,sahil87,5,0.00009,4801942,90.09723,5329733
14573,sahilsk,5,0.00009,4801947,90.09733,5329733
14574,sakshamkatiyar,5,0.00009,4801952,90.09742,5329733
14575,samjsong,5,0.00009,4801957,90.09752,5329733
14576,samueltbrown,5,0.00009,4801962,90.09761,5329733
14577,samwgoldman,5,0.00009,4801967,90.09770,5329733
14578,samwierema,5,0.00009,4801972,90.09780,5329733
14579,sc7565,5,0.00009,4801977,90.09789,5329733
14580,schmalliso,5,0.00009,4801982,90.09798,5329733
14581,scoleri,5,0.00009,4801987,90.09808,5329733
14582,scotty-c,5,0.00009,4801992,90.09817,5329733
14583,scunningham,5,0.00009,4801997,90.09827,5329733
14584,sdemura,5,0.00009,4802002,90.09836,5329733
14585,seabaylea,5,0.00009,4802007,90.09845,5329733
14586,seants,5,0.00009,4802012,90.09855,5329733
14587,sebastienc,5,0.00009,4802017,90.09864,5329733
14588,sebinsua,5,0.00009,4802022,90.09873,5329733
14589,seivan,5,0.00009,4802027,90.09883,5329733
14590,selmanj,5,0.00009,4802032,90.09892,5329733
14591,SeriousSem,5,0.00009,4802037,90.09902,5329733
14592,sesse,5,0.00009,4802042,90.09911,5329733
14593,seushermsft,5,0.00009,4802047,90.09920,5329733
14594,sfackler,5,0.00009,4802052,90.09930,5329733
14595,sgrzemski,5,0.00009,4802057,90.09939,5329733
14596,Sha01in,5,0.00009,4802062,90.09949,5329733
14597,shadiakiki1986,5,0.00009,4802067,90.09958,5329733
14598,shashankpradhan,5,0.00009,4802072,90.09967,5329733
14599,sherl0cks,5,0.00009,4802077,90.09977,5329733
14600,ShubhamM-15,5,0.00009,4802082,90.09986,5329733
14601,shyamjalan,5,0.00009,4802087,90.09995,5329733
14602,Simon-Li,5,0.00009,4802092,90.10005,5329733
14603,skyline09,5,0.00009,4802097,90.10014,5329733
14604,slagle,5,0.00009,4802102,90.10024,5329733
14605,slawekjaranowski,5,0.00009,4802107,90.10033,5329733
14606,slowr,5,0.00009,4802112,90.10042,5329733
14607,smithfarm,5,0.00009,4802117,90.10052,5329733
14608,smortex,5,0.00009,4802122,90.10061,5329733
14609,sneako,5,0.00009,4802127,90.10070,5329733
14610,snehahegde7,5,0.00009,4802132,90.10080,5329733
14611,solarnz,5,0.00009,4802137,90.10089,5329733
14612,solio,5,0.00009,4802142,90.10099,5329733
14613,soneymathew,5,0.00009,4802147,90.10108,5329733
14614,stevegroner,5,0.00009,4802152,90.10117,5329733
14615,steven166,5,0.00009,4802157,90.10127,5329733
14616,stevespringett,5,0.00009,4802162,90.10136,5329733
14617,StykMartin,5,0.00009,4802167,90.10146,5329733
14618,style95,5,0.00009,4802172,90.10155,5329733
14619,svanellewee,5,0.00009,4802177,90.10164,5329733
14620,swalkowski,5,0.00009,4802182,90.10174,5329733
14621,syrnick,5,0.00009,4802187,90.10183,5329733
14622,sywhang,5,0.00009,4802192,90.10192,5329733
14623,t0ffel,5,0.00009,4802197,90.10202,5329733
14624,talklittle,5,0.00009,4802202,90.10211,5329733
14625,tbenade,5,0.00009,4802207,90.10221,5329733
14626,teh-cmc,5,0.00009,4802212,90.10230,5329733
14627,teohhanhui,5,0.00009,4802217,90.10239,5329733
14628,tescherm,5,0.00009,4802222,90.10249,5329733
14629,thebeefcake,5,0.00009,4802227,90.10258,5329733
14630,theshamuel,5,0.00009,4802232,90.10267,5329733
14631,Thingee,5,0.00009,4802237,90.10277,5329733
14632,timchepeleff,5,0.00009,4802242,90.10286,5329733
14633,timmartin19,5,0.00009,4802247,90.10296,5329733
14634,tinx,5,0.00009,4802252,90.10305,5329733
14635,toanant,5,0.00009,4802257,90.10314,5329733
14636,toddnni,5,0.00009,4802262,90.10324,5329733
14637,tomdurrant,5,0.00009,4802267,90.10333,5329733
14638,tompowell-dd,5,0.00009,4802272,90.10343,5329733
14639,tr33house,5,0.00009,4802277,90.10352,5329733
14640,trociny,5,0.00009,4802282,90.10361,5329733
14641,tswast,5,0.00009,4802287,90.10371,5329733
14642,tunaaksoy,5,0.00009,4802292,90.10380,5329733
14643,tw4dl,5,0.00009,4802297,90.10389,5329733
14644,twaugh,5,0.00009,4802302,90.10399,5329733
14645,twistedpair,5,0.00009,4802307,90.10408,5329733
14646,UnderGreen,5,0.00009,4802312,90.10418,5329733
14647,unladenSwallow,5,0.00009,4802317,90.10427,5329733
14648,untoldone,5,0.00009,4802322,90.10436,5329733
14649,UsamaMehboob,5,0.00009,4802327,90.10446,5329733
14650,Uvindu96,5,0.00009,4802332,90.10455,5329733
14651,vaghetti,5,0.00009,4802337,90.10465,5329733
14652,vakker,5,0.00009,4802342,90.10474,5329733
14653,valo,5,0.00009,4802347,90.10483,5329733
14654,vanhtuan0409,5,0.00009,4802352,90.10493,5329733
14655,vchande,5,0.00009,4802357,90.10502,5329733
14656,VeraLyu,5,0.00009,4802362,90.10511,5329733
14657,videlov,5,0.00009,4802367,90.10521,5329733
14658,vitalii-stoian,5,0.00009,4802372,90.10530,5329733
14659,vitali-shcharbin,5,0.00009,4802377,90.10540,5329733
14660,VivekBhat,5,0.00009,4802382,90.10549,5329733
14661,vjanelle,5,0.00009,4802387,90.10558,5329733
14662,vmahedia,5,0.00009,4802392,90.10568,5329733
14663,Vogtinator,5,0.00009,4802397,90.10577,5329733
14664,vpavlin,5,0.00009,4802402,90.10586,5329733
14665,vsiddharth,5,0.00009,4802407,90.10596,5329733
14666,vtbassmatt,5,0.00009,4802412,90.10605,5329733
14667,vumrao,5,0.00009,4802417,90.10615,5329733
14668,vyper,5,0.00009,4802422,90.10624,5329733
14669,wawryk,5,0.00009,4802427,90.10633,5329733
14670,waynechan9,5,0.00009,4802432,90.10643,5329733
14671,wentaoxu,5,0.00009,4802437,90.10652,5329733
14672,withinboredom,5,0.00009,4802442,90.10662,5329733
14673,wsalembi,5,0.00009,4802447,90.10671,5329733
14674,wwformat,5,0.00009,4802452,90.10680,5329733
14675,xdarsie,5,0.00009,4802457,90.10690,5329733
14676,xgwubin,5,0.00009,4802462,90.10699,5329733
14677,xiaoluwwwxiaolu,5,0.00009,4802467,90.10708,5329733
14678,xingxingxia,5,0.00009,4802472,90.10718,5329733
14679,xtreme-andrew-su,5,0.00009,4802477,90.10727,5329733
14680,yanpozka,5,0.00009,4802482,90.10737,5329733
14681,yashrajbharti,5,0.00009,4802487,90.10746,5329733
14682,yazug,5,0.00009,4802492,90.10755,5329733
14683,yenicapotediaz,5,0.00009,4802497,90.10765,5329733
14684,ymesika,5,0.00009,4802502,90.10774,5329733
14685,yngveh,5,0.00009,4802507,90.10783,5329733
14686,Youngcoder,5,0.00009,4802512,90.10793,5329733
14687,YourDeveloperFriend,5,0.00009,4802517,90.10802,5329733
14688,yuanmwang-wf,5,0.00009,4802522,90.10812,5329733
14689,YujiOshima,5,0.00009,4802527,90.10821,5329733
14690,yukirii,5,0.00009,4802532,90.10830,5329733
14691,yummypeng,5,0.00009,4802537,90.10840,5329733
14692,yunchih,5,0.00009,4802542,90.10849,5329733
14693,zedr,5,0.00009,4802547,90.10859,5329733
14694,Zee-Khan,5,0.00009,4802552,90.10868,5329733
14695,zeisss,5,0.00009,4802557,90.10877,5329733
14696,zetaron,5,0.00009,4802562,90.10887,5329733
14697,zhangysh1995,5,0.00009,4802567,90.10896,5329733
14698,zhenghuiwang,5,0.00009,4802572,90.10905,5329733
14699,ziyadbasheer,5,0.00009,4802577,90.10915,5329733
14700,Ziyang2go,5,0.00009,4802582,90.10924,5329733
14701,zmlka,5,0.00009,4802587,90.10934,5329733
14702,znbang,5,0.00009,4802592,90.10943,5329733
14703,zqfan,5,0.00009,4802597,90.10952,5329733
14704,zxiiro,5,0.00009,4802602,90.10962,5329733
14705,0x6d6178,4,0.00008,4802606,90.10969,5329733
14706,3asm,4,0.00008,4802610,90.10977,5329733
14707,aajtodd,4,0.00008,4802614,90.10984,5329733
14708,AArnott,4,0.00008,4802618,90.10992,5329733
14709,aarongorka,4,0.00008,4802622,90.10999,5329733
14710,aaronteague,4,0.00008,4802626,90.11007,5329733
14711,aaruna,4,0.00008,4802630,90.11014,5329733
14712,abalki001,4,0.00008,4802634,90.11022,5329733
14713,abenbachir,4,0.00008,4802638,90.11029,5329733
14714,abmahdy,4,0.00008,4802642,90.11037,5329733
14715,acearth,4,0.00008,4802646,90.11044,5329733
14716,achermes,4,0.00008,4802650,90.11052,5329733
14717,acomagu,4,0.00008,4802654,90.11059,5329733
14718,adamparco,4,0.00008,4802658,90.11067,5329733
14719,adellape,4,0.00008,4802662,90.11074,5329733
14720,adepasquale,4,0.00008,4802666,90.11082,5329733
14721,adewale,4,0.00008,4802670,90.11089,5329733
14722,adityasood,4,0.00008,4802674,90.11097,5329733
14723,adrianmo,4,0.00008,4802678,90.11104,5329733
14724,adyromantika,4,0.00008,4802682,90.11112,5329733
14725,afanrasool,4,0.00008,4802686,90.11119,5329733
14726,agaur123,4,0.00008,4802690,90.11127,5329733
14727,aggress,4,0.00008,4802694,90.11134,5329733
14728,akoeplinger,4,0.00008,4802698,90.11142,5329733
14729,AKoetsier,4,0.00008,4802702,90.11149,5329733
14730,akre54,4,0.00008,4802706,90.11157,5329733
14731,AlbanBedel,4,0.00008,4802710,90.11164,5329733
14732,alepee,4,0.00008,4802714,90.11172,5329733
14733,aletessier,4,0.00008,4802718,90.11179,5329733
14734,alexanderfahlke,4,0.00008,4802722,90.11187,5329733
14735,alexander-lloyd,4,0.00008,4802726,90.11194,5329733
14736,alexh-sauce,4,0.00008,4802730,90.11202,5329733
14737,aliscott,4,0.00008,4802734,90.11209,5329733
14738,allanlei,4,0.00008,4802738,90.11217,5329733
14739,anfanycw,4,0.00008,4802742,90.11224,5329733
14740,anravi,4,0.00008,4802746,90.11232,5329733
14741,anthonyfok,4,0.00008,4802750,90.11239,5329733
14742,anthu,4,0.00008,4802754,90.11247,5329733
14743,antialiasis,4,0.00008,4802758,90.11254,5329733
14744,antonfisher,4,0.00008,4802762,90.11262,5329733
14745,apaz037,4,0.00008,4802766,90.11269,5329733
14746,appplemac,4,0.00008,4802770,90.11277,5329733
14747,arbakker,4,0.00008,4802774,90.11284,5329733
14748,arden,4,0.00008,4802778,90.11292,5329733
14749,arturoera,4,0.00008,4802782,90.11299,5329733
14750,asaushkin,4,0.00008,4802786,90.11307,5329733
14751,asenchi,4,0.00008,4802790,90.11314,5329733
14752,Ashex,4,0.00008,4802794,90.11322,5329733
14753,askcarter,4,0.00008,4802798,90.11329,5329733
14754,astrajohn,4,0.00008,4802802,90.11337,5329733
14755,astroza,4,0.00008,4802806,90.11344,5329733
14756,asxalex,4,0.00008,4802810,90.11352,5329733
14757,Atem18,4,0.00008,4802814,90.11359,5329733
14758,atrepczik,4,0.00008,4802818,90.11367,5329733
14759,avarabyeu,4,0.00008,4802822,90.11374,5329733
14760,aveyrenc,4,0.00008,4802826,90.11382,5329733
14761,bachp,4,0.00008,4802830,90.11390,5329733
14762,badeadan,4,0.00008,4802834,90.11397,5329733
14763,barleyer,4,0.00008,4802838,90.11405,5329733
14764,barp,4,0.00008,4802842,90.11412,5329733
14765,bcandrea,4,0.00008,4802846,90.11420,5329733
14766,benjsicam,4,0.00008,4802850,90.11427,5329733
14767,berinle,4,0.00008,4802854,90.11435,5329733
14768,beschmi,4,0.00008,4802858,90.11442,5329733
14769,beyhan,4,0.00008,4802862,90.11450,5329733
14770,bigeasy,4,0.00008,4802866,90.11457,5329733
14771,bill-within,4,0.00008,4802870,90.11465,5329733
14772,bimargulies-google,4,0.00008,4802874,90.11472,5329733
14773,bitzhuxb,4,0.00008,4802878,90.11480,5329733
14774,bjwschaap,4,0.00008,4802882,90.11487,5329733
14775,bkmeneguello,4,0.00008,4802886,90.11495,5329733
14776,blitline-dev,4,0.00008,4802890,90.11502,5329733
14777,bmcustodio,4,0.00008,4802894,90.11510,5329733
14778,bobbymicroby,4,0.00008,4802898,90.11517,5329733
14779,bobdonat,4,0.00008,4802902,90.11525,5329733
14780,bobek,4,0.00008,4802906,90.11532,5329733
14781,bobvawter,4,0.00008,4802910,90.11540,5329733
14782,bparry02,4,0.00008,4802914,90.11547,5329733
14783,brandonjbjelland,4,0.00008,4802918,90.11555,5329733
14784,brandon-mabey,4,0.00008,4802922,90.11562,5329733
14785,brauner,4,0.00008,4802926,90.11570,5329733
14786,browning,4,0.00008,4802930,90.11577,5329733
14787,brunodomenici,4,0.00008,4802934,90.11585,5329733
14788,BrunoVernay,4,0.00008,4802938,90.11592,5329733
14789,bryanlatten,4,0.00008,4802942,90.11600,5329733
14790,bsnyder,4,0.00008,4802946,90.11607,5329733
14791,btisdall,4,0.00008,4802950,90.11615,5329733
14792,buptmiao,4,0.00008,4802954,90.11622,5329733
14793,buzypi,4,0.00008,4802958,90.11630,5329733
14794,bymafmaf,4,0.00008,4802962,90.11637,5329733
14795,caiohaz,4,0.00008,4802966,90.11645,5329733
14796,carlo-808,4,0.00008,4802970,90.11652,5329733
14797,carolynhu,4,0.00008,4802974,90.11660,5329733
14798,cavokz,4,0.00008,4802978,90.11667,5329733
14799,cbatra,4,0.00008,4802982,90.11675,5329733
14800,cedricgc,4,0.00008,4802986,90.11682,5329733
14801,cedricziel,4,0.00008,4802990,90.11690,5329733
14802,ceejatec,4,0.00008,4802994,90.11697,5329733
14803,cesarandreu,4,0.00008,4802998,90.11705,5329733
14804,cfarquhar,4,0.00008,4803002,90.11712,5329733
14805,cgunning,4,0.00008,4803006,90.11720,5329733
14806,charles545587,4,0.00008,4803010,90.11727,5329733
14807,charleswhchan,4,0.00008,4803014,90.11735,5329733
14808,chartotu19,4,0.00008,4803018,90.11742,5329733
14809,chen23,4,0.00008,4803022,90.11750,5329733
14810,chenmarko,4,0.00008,4803026,90.11757,5329733
14811,claudiu-coman,4,0.00008,4803030,90.11765,5329733
14812,clemens-tolboom,4,0.00008,4803034,90.11772,5329733
14813,clipperhouse,4,0.00008,4803038,90.11780,5329733
14814,clockworksoul,4,0.00008,4803042,90.11787,5329733
14815,cloud-on-prem,4,0.00008,4803046,90.11795,5329733
14816,cminyard,4,0.00008,4803050,90.11802,5329733
14817,codyoss,4,0.00008,4803054,90.11810,5329733
14818,CoffiDev,4,0.00008,4803058,90.11817,5329733
14819,complexsplit,4,0.00008,4803062,90.11825,5329733
14820,comxd,4,0.00008,4803066,90.11832,5329733
14821,Connz,4,0.00008,4803070,90.11840,5329733
14822,cookandy,4,0.00008,4803074,90.11847,5329733
14823,corinnekrych,4,0.00008,4803078,90.11855,5329733
14824,Corni,4,0.00008,4803082,90.11862,5329733
14825,craigatgoogle,4,0.00008,4803086,90.11870,5329733
14826,cristicalin,4,0.00008,4803090,90.11877,5329733
14827,cromega,4,0.00008,4803094,90.11885,5329733
14828,crwilcox,4,0.00008,4803098,90.11892,5329733
14829,CTrox,4,0.00008,4803102,90.11900,5329733
14830,CurryWurry,4,0.00008,4803106,90.11907,5329733
14831,D3nn,4,0.00008,4803110,90.11915,5329733
14832,daijones,4,0.00008,4803114,90.11922,5329733
14833,daikk115,4,0.00008,4803118,90.11930,5329733
14834,danielnorberg,4,0.00008,4803122,90.11937,5329733
14835,dansemedo,4,0.00008,4803126,90.11945,5329733
14836,DanSmith,4,0.00008,4803130,90.11952,5329733
14837,darmenliu,4,0.00008,4803134,90.11960,5329733
14838,darrenmutz,4,0.00008,4803138,90.11967,5329733
14839,dato,4,0.00008,4803142,90.11975,5329733
14840,David-Gee,4,0.00008,4803146,90.11982,5329733
14841,david-gurley,4,0.00008,4803150,90.11990,5329733
14842,davidkirwan,4,0.00008,4803154,90.11997,5329733
14843,davidl-zend,4,0.00008,4803158,90.12005,5329733
14844,david-shepard,4,0.00008,4803162,90.12012,5329733
14845,daxtens,4,0.00008,4803166,90.12020,5329733
14846,dboenig,4,0.00008,4803170,90.12027,5329733
14847,dbudworth,4,0.00008,4803174,90.12035,5329733
14848,delabassee,4,0.00008,4803178,90.12042,5329733
14849,dellintosh,4,0.00008,4803182,90.12050,5329733
14850,dennis-bsi,4,0.00008,4803186,90.12057,5329733
14851,denyskril,4,0.00008,4803190,90.12065,5329733
14852,desdic,4,0.00008,4803194,90.12072,5329733
14853,d-e-s-o,4,0.00008,4803198,90.12080,5329733
14854,dgomezleon,4,0.00008,4803202,90.12087,5329733
14855,dharmeshkakadia,4,0.00008,4803206,90.12095,5329733
14856,dhiltgen,4,0.00008,4803210,90.12102,5329733
14857,dicarlo2,4,0.00008,4803214,90.12110,5329733
14858,dictcp,4,0.00008,4803218,90.12117,5329733
14859,didip,4,0.00008,4803222,90.12125,5329733
14860,didrocks,4,0.00008,4803226,90.12133,5329733
14861,diist,4,0.00008,4803230,90.12140,5329733
14862,dimara,4,0.00008,4803234,90.12148,5329733
14863,DimitarKapashikov,4,0.00008,4803238,90.12155,5329733
14864,dineshb-jnpr,4,0.00008,4803242,90.12163,5329733
14865,dipak-pawar,4,0.00008,4803246,90.12170,5329733
14866,directxman12,4,0.00008,4803250,90.12178,5329733
14867,divideby0,4,0.00008,4803254,90.12185,5329733
14868,dkalani,4,0.00008,4803258,90.12193,5329733
14869,dkuebric,4,0.00008,4803262,90.12200,5329733
14870,dmetzler,4,0.00008,4803266,90.12208,5329733
14871,dmlf,4,0.00008,4803270,90.12215,5329733
14872,dnozay,4,0.00008,4803274,90.12223,5329733
14873,DoGab,4,0.00008,4803278,90.12230,5329733
14874,Dongxiugang,4,0.00008,4803282,90.12238,5329733
14875,douglasknudsen,4,0.00008,4803286,90.12245,5329733
14876,dougrad,4,0.00008,4803290,90.12253,5329733
14877,draxly,4,0.00008,4803294,90.12260,5329733
14878,dschobel,4,0.00008,4803298,90.12268,5329733
14879,dslomov,4,0.00008,4803302,90.12275,5329733
14880,dy-dx,4,0.00008,4803306,90.12283,5329733
14881,dzafman,4,0.00008,4803310,90.12290,5329733
14882,eavgerinos,4,0.00008,4803314,90.12298,5329733
14883,Eilon,4,0.00008,4803318,90.12305,5329733
14884,elenaspasovaspasova,4,0.00008,4803322,90.12313,5329733
14885,Emmenemoi,4,0.00008,4803326,90.12320,5329733
14886,enigma99a,4,0.00008,4803330,90.12328,5329733
14887,ensc,4,0.00008,4803334,90.12335,5329733
14888,eoogbe,4,0.00008,4803338,90.12343,5329733
14889,epk,4,0.00008,4803342,90.12350,5329733
14890,ericat,4,0.00008,4803346,90.12358,5329733
14891,ericchu94,4,0.00008,4803350,90.12365,5329733
14892,ericforbes,4,0.00008,4803354,90.12373,5329733
14893,EricLoh,4,0.00008,4803358,90.12380,5329733
14894,ericvh,4,0.00008,4803362,90.12388,5329733
14895,eridem,4,0.00008,4803366,90.12395,5329733
14896,erig0,4,0.00008,4803370,90.12403,5329733
14897,ErikBean,4,0.00008,4803374,90.12410,5329733
14898,evangsea,4,0.00008,4803378,90.12418,5329733
14899,Eva-xiaohui-luo,4,0.00008,4803382,90.12425,5329733
14900,EvgeniyPatlan,4,0.00008,4803386,90.12433,5329733
14901,extesy,4,0.00008,4803390,90.12440,5329733
14902,Fantoccini,4,0.00008,4803394,90.12448,5329733
14903,FengtuWang,4,0.00008,4803398,90.12455,5329733
14904,Ferengee,4,0.00008,4803402,90.12463,5329733
14905,ffdybuster,4,0.00008,4803406,90.12470,5329733
14906,ffontaine,4,0.00008,4803410,90.12478,5329733
14907,fidelcoria-aa,4,0.00008,4803414,90.12485,5329733
14908,fiskeben,4,0.00008,4803418,90.12493,5329733
14909,fosk06,4,0.00008,4803422,90.12500,5329733
14910,fragatina,4,0.00008,4803426,90.12508,5329733
14911,franklinyu,4,0.00008,4803430,90.12515,5329733
14912,frankyn,4,0.00008,4803434,90.12523,5329733
14913,Fredy-Z,4,0.00008,4803438,90.12530,5329733
14914,frosas,4,0.00008,4803442,90.12538,5329733
14915,fshewl,4,0.00008,4803446,90.12545,5329733
14916,fweimer,4,0.00008,4803450,90.12553,5329733
14917,gabrielsvinha,4,0.00008,4803454,90.12560,5329733
14918,garethcmurphy,4,0.00008,4803458,90.12568,5329733
14919,garganubhav,4,0.00008,4803462,90.12575,5329733
14920,gashcrumb,4,0.00008,4803466,90.12583,5329733
14921,gbird3,4,0.00008,4803470,90.12590,5329733
14922,GentlemanJ,4,0.00008,4803474,90.12598,5329733
14923,georgebashi,4,0.00008,4803478,90.12605,5329733
14924,gerald1248,4,0.00008,4803482,90.12613,5329733
14925,germansosa,4,0.00008,4803486,90.12620,5329733
14926,gesslein,4,0.00008,4803490,90.12628,5329733
14927,ggtools,4,0.00008,4803494,90.12635,5329733
14928,ghemawat,4,0.00008,4803498,90.12643,5329733
14929,gimlet2,4,0.00008,4803502,90.12650,5329733
14930,girishramnani,4,0.00008,4803506,90.12658,5329733
14931,gkopylov,4,0.00008,4803510,90.12665,5329733
14932,gled4er,4,0.00008,4803514,90.12673,5329733
14933,glnds,4,0.00008,4803518,90.12680,5329733
14934,gmagella-ca,4,0.00008,4803522,90.12688,5329733
14935,gmaslowski,4,0.00008,4803526,90.12695,5329733
14936,gmendel,4,0.00008,4803530,90.12703,5329733
14937,gnoack,4,0.00008,4803534,90.12710,5329733
14938,gnunn1,4,0.00008,4803538,90.12718,5329733
14939,gonzochic,4,0.00008,4803542,90.12725,5329733
14940,gotwarlost,4,0.00008,4803546,90.12733,5329733
14941,gourav-goutam,4,0.00008,4803550,90.12740,5329733
14942,GoWebProd,4,0.00008,4803554,90.12748,5329733
14943,grillz,4,0.00008,4803558,90.12755,5329733
14944,guersam,4,0.00008,4803562,90.12763,5329733
14945,guillaumeLamanda,4,0.00008,4803566,90.12770,5329733
14946,Guitarbum722,4,0.00008,4803570,90.12778,5329733
14947,harai,4,0.00008,4803574,90.12785,5329733
14948,HartS,4,0.00008,4803578,90.12793,5329733
14949,hden,4,0.00008,4803582,90.12800,5329733
14950,helgifeiti,4,0.00008,4803586,90.12808,5329733
14951,Herman-Wu,4,0.00008,4803590,90.12815,5329733
14952,hmalphettes,4,0.00008,4803594,90.12823,5329733
14953,hodduc,4,0.00008,4803598,90.12830,5329733
14954,hollenberry,4,0.00008,4803602,90.12838,5329733
14955,hvt,4,0.00008,4803606,90.12845,5329733
14956,iaintshine,4,0.00008,4803610,90.12853,5329733
14957,iamnande,4,0.00008,4803614,90.12860,5329733
14958,ibm-jason,4,0.00008,4803618,90.12868,5329733
14959,IdahoPL,4,0.00008,4803622,90.12876,5329733
14960,idoshamun,4,0.00008,4803626,90.12883,5329733
14961,ignatenkobrain,4,0.00008,4803630,90.12891,5329733
14962,ilyes-ihadjadene,4,0.00008,4803634,90.12898,5329733
14963,imranzunzani,4,0.00008,4803638,90.12906,5329733
14964,infernix,4,0.00008,4803642,90.12913,5329733
14965,ingenthr,4,0.00008,4803646,90.12921,5329733
14966,ingopansa,4,0.00008,4803650,90.12928,5329733
14967,InTheCloudDan,4,0.00008,4803654,90.12936,5329733
14968,IvanVergiliev,4,0.00008,4803658,90.12943,5329733
14969,JackDanger,4,0.00008,4803662,90.12951,5329733
14970,JackPrice,4,0.00008,4803666,90.12958,5329733
14971,jadencodes,4,0.00008,4803670,90.12966,5329733
14972,JakeC1020,4,0.00008,4803674,90.12973,5329733
14973,james-andrewsmith,4,0.00008,4803678,90.12981,5329733
14974,jamesbroadhead,4,0.00008,4803682,90.12988,5329733
14975,jamesjoshuahill,4,0.00008,4803686,90.12996,5329733
14976,james-xiang,4,0.00008,4803690,90.13003,5329733
14977,Jamesxql,4,0.00008,4803694,90.13011,5329733
14978,JAndritsch,4,0.00008,4803698,90.13018,5329733
14979,jansel,4,0.00008,4803702,90.13026,5329733
14980,jaredcnance,4,0.00008,4803706,90.13033,5329733
14981,JarreyZhou,4,0.00008,4803710,90.13041,5329733
14982,jasonmoo,4,0.00008,4803714,90.13048,5329733
14983,jaydunk,4,0.00008,4803718,90.13056,5329733
14984,JayeshThamke,4,0.00008,4803722,90.13063,5329733
14985,JaysonRaymond,4,0.00008,4803726,90.13071,5329733
14986,jbovet,4,0.00008,4803730,90.13078,5329733
14987,jcechace,4,0.00008,4803734,90.13086,5329733
14988,jcwilson,4,0.00008,4803738,90.13093,5329733
14989,jensenbox,4,0.00008,4803742,90.13101,5329733
14990,jeremejevs,4,0.00008,4803746,90.13108,5329733
14991,JeremyMarshall,4,0.00008,4803750,90.13116,5329733
14992,jerr0328,4,0.00008,4803754,90.13123,5329733
14993,jessejohnston-isp,4,0.00008,4803758,90.13131,5329733
14994,jhelblingHH,4,0.00008,4803762,90.13138,5329733
14995,jhrozek,4,0.00008,4803766,90.13146,5329733
14996,jhunthrop,4,0.00008,4803770,90.13153,5329733
14997,jiahao,4,0.00008,4803774,90.13161,5329733
14998,jiazhang0,4,0.00008,4803778,90.13168,5329733
14999,Jille,4,0.00008,4803782,90.13176,5329733
15000,jimisan,4,0.00008,4803786,90.13183,5329733
15001,Jim-Lin,4,0.00008,4803790,90.13191,5329733
15002,jkraj,4,0.00008,4803794,90.13198,5329733
15003,jmaitrehenry,4,0.00008,4803798,90.13206,5329733
15004,jmery,4,0.00008,4803802,90.13213,5329733
15005,jmhardison,4,0.00008,4803806,90.13221,5329733
15006,jmiddleton,4,0.00008,4803810,90.13228,5329733
15007,joestringer,4,0.00008,4803814,90.13236,5329733
15008,johnbellone,4,0.00008,4803818,90.13243,5329733
15009,johnyborek,4,0.00008,4803822,90.13251,5329733
15010,josephholsten,4,0.00008,4803826,90.13258,5329733
15011,joshuaswaney,4,0.00008,4803830,90.13266,5329733
15012,jpiccari,4,0.00008,4803834,90.13273,5329733
15013,jpza,4,0.00008,4803838,90.13281,5329733
15014,JRBANCEL,4,0.00008,4803842,90.13288,5329733
15015,jrgirvan,4,0.00008,4803846,90.13296,5329733
15016,jschmid1,4,0.00008,4803850,90.13303,5329733
15017,jSherz,4,0.00008,4803854,90.13311,5329733
15018,jsquyres,4,0.00008,4803858,90.13318,5329733
15019,jtemporal,4,0.00008,4803862,90.13326,5329733
15020,jttyeung,4,0.00008,4803866,90.13333,5329733
15021,juanluisbaptiste,4,0.00008,4803870,90.13341,5329733
15022,juretta,4,0.00008,4803874,90.13348,5329733
15023,justindavies,4,0.00008,4803878,90.13356,5329733
15024,juusujanar,4,0.00008,4803882,90.13363,5329733
15025,jyoshise,4,0.00008,4803886,90.13371,5329733
15026,kalinkrustev,4,0.00008,4803890,90.13378,5329733
15027,kamaln7,4,0.00008,4803894,90.13386,5329733
15028,Kangmo,4,0.00008,4803898,90.13393,5329733
15029,Kannaj,4,0.00008,4803902,90.13401,5329733
15030,karasz,4,0.00008,4803906,90.13408,5329733
15031,kayano,4,0.00008,4803910,90.13416,5329733
15032,kbrwn,4,0.00008,4803914,90.13423,5329733
15033,kcboschert,4,0.00008,4803918,90.13431,5329733
15034,kdwodc,4,0.00008,4803922,90.13438,5329733
15035,kenjiskywalker,4,0.00008,4803926,90.13446,5329733
15036,kennethkalmer,4,0.00008,4803930,90.13453,5329733
15037,kessiler,4,0.00008,4803934,90.13461,5329733
15038,keypusher,4,0.00008,4803938,90.13468,5329733
15039,khalpin11,4,0.00008,4803942,90.13476,5329733
15040,khodayard,4,0.00008,4803946,90.13483,5329733
15041,khurtado,4,0.00008,4803950,90.13491,5329733
15042,kiddpt,4,0.00008,4803954,90.13498,5329733
15043,kikov79,4,0.00008,4803958,90.13506,5329733
15044,kklimonda,4,0.00008,4803962,90.13513,5329733
15045,km4rcus,4,0.00008,4803966,90.13521,5329733
15046,kmeaw,4,0.00008,4803970,90.13528,5329733
15047,kmfk,4,0.00008,4803974,90.13536,5329733
15048,koehoorn,4,0.00008,4803978,90.13543,5329733
15049,kohsuke,4,0.00008,4803982,90.13551,5329733
15050,kondaurovDev,4,0.00008,4803986,90.13558,5329733
15051,korzhev,4,0.00008,4803990,90.13566,5329733
15052,kpfleming,4,0.00008,4803994,90.13573,5329733
15053,krackjack29,4,0.00008,4803998,90.13581,5329733
15054,krokwen,4,0.00008,4804002,90.13588,5329733
15055,ksachdeva,4,0.00008,4804006,90.13596,5329733
15056,kyleterry,4,0.00008,4804010,90.13603,5329733
15057,l0rd,4,0.00008,4804014,90.13611,5329733
15058,l1x,4,0.00008,4804018,90.13619,5329733
15059,langyxxl,4,0.00008,4804022,90.13626,5329733
15060,larham,4,0.00008,4804026,90.13634,5329733
15061,lbb,4,0.00008,4804030,90.13641,5329733
15062,lborguetti,4,0.00008,4804034,90.13649,5329733
15063,leg100,4,0.00008,4804038,90.13656,5329733
15064,lenardchristopher,4,0.00008,4804042,90.13664,5329733
15065,levigross,4,0.00008,4804046,90.13671,5329733
15066,lfaraone,4,0.00008,4804050,90.13679,5329733
15067,ligurio,4,0.00008,4804054,90.13686,5329733
15068,link108,4,0.00008,4804058,90.13694,5329733
15069,liupan1111,4,0.00008,4804062,90.13701,5329733
15070,liwei,4,0.00008,4804066,90.13709,5329733
15071,ljos,4,0.00008,4804070,90.13716,5329733
15072,lnguyen,4,0.00008,4804074,90.13724,5329733
15073,loicfrering,4,0.00008,4804078,90.13731,5329733
15074,longwallstreet,4,0.00008,4804082,90.13739,5329733
15075,lorengordon,4,0.00008,4804086,90.13746,5329733
15076,lucas-cegatti,4,0.00008,4804090,90.13754,5329733
15077,lukestuts,4,0.00008,4804094,90.13761,5329733
15078,luszczynski,4,0.00008,4804098,90.13769,5329733
15079,lxop,4,0.00008,4804102,90.13776,5329733
15080,MadalinaPatrichi,4,0.00008,4804106,90.13784,5329733
15081,magicmoose,4,0.00008,4804110,90.13791,5329733
15082,making,4,0.00008,4804114,90.13799,5329733
15083,malixian,4,0.00008,4804118,90.13806,5329733
15084,Man-Jain,4,0.00008,4804122,90.13814,5329733
15085,MaoJianwei,4,0.00008,4804126,90.13821,5329733
15086,marcfiu,4,0.00008,4804130,90.13829,5329733
15087,marciopuga,4,0.00008,4804134,90.13836,5329733
15088,marco2704,4,0.00008,4804138,90.13844,5329733
15089,marcoskichel,4,0.00008,4804142,90.13851,5329733
15090,marcosterland,4,0.00008,4804146,90.13859,5329733
15091,marcushines,4,0.00008,4804150,90.13866,5329733
15092,marcusmartins,4,0.00008,4804154,90.13874,5329733
15093,marky-mark,4,0.00008,4804158,90.13881,5329733
15094,masondaven,4,0.00008,4804162,90.13889,5329733
15095,matejgera,4,0.00008,4804166,90.13896,5329733
15096,mateusz-ciesielski,4,0.00008,4804170,90.13904,5329733
15097,matthewloring,4,0.00008,4804174,90.13911,5329733
15098,matthijskooijman,4,0.00008,4804178,90.13919,5329733
15099,mattikus,4,0.00008,4804182,90.13926,5329733
15100,mattrowmsft,4,0.00008,4804186,90.13934,5329733
15101,mattyw,4,0.00008,4804190,90.13941,5329733
15102,maximilien,4,0.00008,4804194,90.13949,5329733
15103,maxkramer,4,0.00008,4804198,90.13956,5329733
15104,max-neverov,4,0.00008,4804202,90.13964,5329733
15105,maxnowack,4,0.00008,4804206,90.13971,5329733
15106,max-radin,4,0.00008,4804210,90.13979,5329733
15107,maxwo,4,0.00008,4804214,90.13986,5329733
15108,mbertschler,4,0.00008,4804218,90.13994,5329733
15109,mboldt,4,0.00008,4804222,90.14001,5329733
15110,mbonaci,4,0.00008,4804226,90.14009,5329733
15111,MCamp859,4,0.00008,4804230,90.14016,5329733
15112,mcaramello,4,0.00008,4804234,90.14024,5329733
15113,mcornea,4,0.00008,4804238,90.14031,5329733
15114,md5,4,0.00008,4804242,90.14039,5329733
15115,mdaverde,4,0.00008,4804246,90.14046,5329733
15116,mdsteele,4,0.00008,4804250,90.14054,5329733
15117,Meegul,4,0.00008,4804254,90.14061,5329733
15118,meftasadat,4,0.00008,4804258,90.14069,5329733
15119,melezhik,4,0.00008,4804262,90.14076,5329733
15120,merakdu,4,0.00008,4804266,90.14084,5329733
15121,meteatamel,4,0.00008,4804270,90.14091,5329733
15122,m-ezzat,4,0.00008,4804274,90.14099,5329733
15123,michaeledgar,4,0.00008,4804278,90.14106,5329733
15124,michalkarolik,4,0.00008,4804282,90.14114,5329733
15125,michel-slm,4,0.00008,4804286,90.14121,5329733
15126,michielbdejong,4,0.00008,4804290,90.14129,5329733
15127,miked63017,4,0.00008,4804294,90.14136,5329733
15128,mikery,4,0.00008,4804298,90.14144,5329733
15129,MitchellJeppson,4,0.00008,4804302,90.14151,5329733
15130,MkhIr,4,0.00008,4804306,90.14159,5329733
15131,mkue,4,0.00008,4804310,90.14166,5329733
15132,mlafeldt,4,0.00008,4804314,90.14174,5329733
15133,mlichvar,4,0.00008,4804318,90.14181,5329733
15134,mlipovsky,4,0.00008,4804322,90.14189,5329733
15135,mlococo,4,0.00008,4804326,90.14196,5329733
15136,mohammedfakhar,4,0.00008,4804330,90.14204,5329733
15137,monday0rsunday,4,0.00008,4804334,90.14211,5329733
15138,moretea,4,0.00008,4804338,90.14219,5329733
15139,mrdfuse,4,0.00008,4804342,90.14226,5329733
15140,mrpre,4,0.00008,4804346,90.14234,5329733
15141,mryan43,4,0.00008,4804350,90.14241,5329733
15142,mshenhera,4,0.00008,4804354,90.14249,5329733
15143,msperl,4,0.00008,4804358,90.14256,5329733
15144,mtanatwine,4,0.00008,4804362,90.14264,5329733
15145,myeh,4,0.00008,4804366,90.14271,5329733
15146,mykter,4,0.00008,4804370,90.14279,5329733
15147,myniva,4,0.00008,4804374,90.14286,5329733
15148,Nabellaleen,4,0.00008,4804378,90.14294,5329733
15149,NamPNQ,4,0.00008,4804382,90.14301,5329733
15150,nateq314,4,0.00008,4804386,90.14309,5329733
15151,nbren12,4,0.00008,4804390,90.14316,5329733
15152,ncalibey,4,0.00008,4804394,90.14324,5329733
15153,netdpb,4,0.00008,4804398,90.14331,5329733
15154,nfewx,4,0.00008,4804402,90.14339,5329733
15155,nhosoi,4,0.00008,4804406,90.14346,5329733
15156,nichegriffy,4,0.00008,4804410,90.14354,5329733
15157,nicholaswyoung,4,0.00008,4804414,90.14362,5329733
15158,nickisnoble,4,0.00008,4804418,90.14369,5329733
15159,nickithewatt,4,0.00008,4804422,90.14377,5329733
15160,NileshGule,4,0.00008,4804426,90.14384,5329733
15161,ninadpage,4,0.00008,4804430,90.14392,5329733
15162,niroyb,4,0.00008,4804434,90.14399,5329733
15163,NithyaNatarajan,4,0.00008,4804438,90.14407,5329733
15164,nixlike,4,0.00008,4804442,90.14414,5329733
15165,Niyakiy,4,0.00008,4804446,90.14422,5329733
15166,nlacasse,4,0.00008,4804450,90.14429,5329733
15167,nmagnezi,4,0.00008,4804454,90.14437,5329733
15168,nobutaka,4,0.00008,4804458,90.14444,5329733
15169,notnoopci,4,0.00008,4804462,90.14452,5329733
15170,NoUseFreak,4,0.00008,4804466,90.14459,5329733
15171,nrkfeller,4,0.00008,4804470,90.14467,5329733
15172,nyener,4,0.00008,4804474,90.14474,5329733
15173,nzoschke,4,0.00008,4804478,90.14482,5329733
15174,Oblynx,4,0.00008,4804482,90.14489,5329733
15175,OddBloke,4,0.00008,4804486,90.14497,5329733
15176,odzhu,4,0.00008,4804490,90.14504,5329733
15177,ofesseler,4,0.00008,4804494,90.14512,5329733
15178,ogrisel,4,0.00008,4804498,90.14519,5329733
15179,olleolleolle,4,0.00008,4804502,90.14527,5329733
15180,omarkj,4,0.00008,4804506,90.14534,5329733
15181,oskarpearson,4,0.00008,4804510,90.14542,5329733
15182,ouyanggh,4,0.00008,4804514,90.14549,5329733
15183,owenthereal,4,0.00008,4804518,90.14557,5329733
15184,p16,4,0.00008,4804522,90.14564,5329733
15185,paolovisintin,4,0.00008,4804526,90.14572,5329733
15186,pascalw,4,0.00008,4804530,90.14579,5329733
15187,patricio78,4,0.00008,4804534,90.14587,5329733
15188,paulormart,4,0.00008,4804538,90.14594,5329733
15189,paulzim,4,0.00008,4804542,90.14602,5329733
15190,pclinger,4,0.00008,4804546,90.14609,5329733
15191,pelithne,4,0.00008,4804550,90.14617,5329733
15192,periakis,4,0.00008,4804554,90.14624,5329733
15193,per-ove,4,0.00008,4804558,90.14632,5329733
15194,peteanusergiu,4,0.00008,4804562,90.14639,5329733
15195,philippt,4,0.00008,4804566,90.14647,5329733
15196,phstudy,4,0.00008,4804570,90.14654,5329733
15197,phvu,4,0.00008,4804574,90.14662,5329733
15198,pivotal-jamie-klassen,4,0.00008,4804578,90.14669,5329733
15199,piyush-garg,4,0.00008,4804582,90.14677,5329733
15200,pmcfadden,4,0.00008,4804586,90.14684,5329733
15201,pmorjan,4,0.00008,4804590,90.14692,5329733
15202,pocke,4,0.00008,4804594,90.14699,5329733
15203,polyg314,4,0.00008,4804598,90.14707,5329733
15204,portepa,4,0.00008,4804602,90.14714,5329733
15205,pothos,4,0.00008,4804606,90.14722,5329733
15206,pritambaral,4,0.00008,4804610,90.14729,5329733
15207,pydo,4,0.00008,4804614,90.14737,5329733
15208,qcu,4,0.00008,4804618,90.14744,5329733
15209,quasilyte,4,0.00008,4804622,90.14752,5329733
15210,RackhamLeNoir,4,0.00008,4804626,90.14759,5329733
15211,raclepoulpe,4,0.00008,4804630,90.14767,5329733
15212,rafaelbarreto87,4,0.00008,4804634,90.14774,5329733
15213,rafaelvanoni,4,0.00008,4804638,90.14782,5329733
15214,Rahul2929,4,0.00008,4804642,90.14789,5329733
15215,railto,4,0.00008,4804646,90.14797,5329733
15216,ramitsurana05,4,0.00008,4804650,90.14804,5329733
15217,RandyAbernethy,4,0.00008,4804654,90.14812,5329733
15218,ranjib,4,0.00008,4804658,90.14819,5329733
15219,rboyer,4,0.00008,4804662,90.14827,5329733
15220,rcarrillocruz,4,0.00008,4804666,90.14834,5329733
15221,rdallman,4,0.00008,4804670,90.14842,5329733
15222,rday,4,0.00008,4804674,90.14849,5329733
15223,reenl,4,0.00008,4804678,90.14857,5329733
15224,regisb,4,0.00008,4804682,90.14864,5329733
15225,renhwztetecs,4,0.00008,4804686,90.14872,5329733
15226,rgordill,4,0.00008,4804690,90.14879,5329733
15227,rhim,4,0.00008,4804694,90.14887,5329733
15228,Rican7,4,0.00008,4804698,90.14894,5329733
15229,richardwxn,4,0.00008,4804702,90.14902,5329733
15230,rileyjbauer,4,0.00008,4804706,90.14909,5329733
15231,rioriost,4,0.00008,4804710,90.14917,5329733
15232,rkettelerij,4,0.00008,4804714,90.14924,5329733
15233,robamaton,4,0.00008,4804718,90.14932,5329733
15234,RobbKistler,4,0.00008,4804722,90.14939,5329733
15235,RobDolinMS,4,0.00008,4804726,90.14947,5329733
15236,robertscherbarth,4,0.00008,4804730,90.14954,5329733
15237,robfletcher,4,0.00008,4804734,90.14962,5329733
15238,robotlovesyou,4,0.00008,4804738,90.14969,5329733
15239,rohanpai,4,0.00008,4804742,90.14977,5329733
15240,rohit-ravikoti,4,0.00008,4804746,90.14984,5329733
15241,roshandawrani,4,0.00008,4804750,90.14992,5329733
15242,rosko,4,0.00008,4804754,90.14999,5329733
15243,rpionke,4,0.00008,4804758,90.15007,5329733
15244,rr-appadaptive,4,0.00008,4804762,90.15014,5329733
15245,rschildmeijer,4,0.00008,4804766,90.15022,5329733
15246,rstarmer,4,0.00008,4804770,90.15029,5329733
15247,ruebenramirez,4,0.00008,4804774,90.15037,5329733
15248,rumyantseva,4,0.00008,4804778,90.15044,5329733
15249,ruster-cn,4,0.00008,4804782,90.15052,5329733
15250,rvu95,4,0.00008,4804786,90.15059,5329733
15251,ryanlitalien,4,0.00008,4804790,90.15067,5329733
15252,ryanmaclean,4,0.00008,4804794,90.15074,5329733
15253,ryanwilson,4,0.00008,4804798,90.15082,5329733
15254,ryao,4,0.00008,4804802,90.15089,5329733
15255,sabottenda,4,0.00008,4804806,90.15097,5329733
15256,sacharya,4,0.00008,4804810,90.15105,5329733
15257,samm02,4,0.00008,4804814,90.15112,5329733
15258,samv,4,0.00008,4804818,90.15120,5329733
15259,sanbornick,4,0.00008,4804822,90.15127,5329733
15260,sandric,4,0.00008,4804826,90.15135,5329733
15261,SangshikLee,4,0.00008,4804830,90.15142,5329733
15262,santiycr,4,0.00008,4804834,90.15150,5329733
15263,sarahhodne,4,0.00008,4804838,90.15157,5329733
15264,saviogl,4,0.00008,4804842,90.15165,5329733
15265,sbalagopal,4,0.00008,4804846,90.15172,5329733
15266,sbcd90,4,0.00008,4804850,90.15180,5329733
15267,schmaustech,4,0.00008,4804854,90.15187,5329733
15268,scraly,4,0.00008,4804858,90.15195,5329733
15269,sebastianroesch,4,0.00008,4804862,90.15202,5329733
15270,sebastianvera,4,0.00008,4804866,90.15210,5329733
15271,sebastianwoinar,4,0.00008,4804870,90.15217,5329733
15272,selcukusta,4,0.00008,4804874,90.15225,5329733
15273,sengi,4,0.00008,4804878,90.15232,5329733
15274,seongenie,4,0.00008,4804882,90.15240,5329733
15275,sergiomcalzada,4,0.00008,4804886,90.15247,5329733
15276,serhiimakogon,4,0.00008,4804890,90.15255,5329733
15277,setheen,4,0.00008,4804894,90.15262,5329733
15278,SevenYoung,4,0.00008,4804898,90.15270,5329733
15279,shahin,4,0.00008,4804902,90.15277,5329733
15280,shamsher31,4,0.00008,4804906,90.15285,5329733
15281,sharkyfm,4,0.00008,4804910,90.15292,5329733
15282,shashanktomar,4,0.00008,4804914,90.15300,5329733
15283,ShivaSharm,4,0.00008,4804918,90.15307,5329733
15284,shlomizadok,4,0.00008,4804922,90.15315,5329733
15285,shonenada,4,0.00008,4804926,90.15322,5329733
15286,shry15harsh,4,0.00008,4804930,90.15330,5329733
15287,silentroach,4,0.00008,4804934,90.15337,5329733
15288,Silvenga,4,0.00008,4804938,90.15345,5329733
15289,silverkorn,4,0.00008,4804942,90.15352,5329733
15290,sinthetix,4,0.00008,4804946,90.15360,5329733
15291,Sirikon,4,0.00008,4804950,90.15367,5329733
15292,sjhewitt,4,0.00008,4804954,90.15375,5329733
15293,sjvp,4,0.00008,4804958,90.15382,5329733
15294,sjzlsr,4,0.00008,4804962,90.15390,5329733
15295,skelterjohn,4,0.00008,4804966,90.15397,5329733
15296,skhatri,4,0.00008,4804970,90.15405,5329733
15297,slemeur,4,0.00008,4804974,90.15412,5329733
15298,slomek,4,0.00008,4804978,90.15420,5329733
15299,smallfish,4,0.00008,4804982,90.15427,5329733
15300,Sneko,4,0.00008,4804986,90.15435,5329733
15301,sneumann,4,0.00008,4804990,90.15442,5329733
15302,snoopdave,4,0.00008,4804994,90.15450,5329733
15303,Snorch,4,0.00008,4804998,90.15457,5329733
15304,Solisol,4,0.00008,4805002,90.15465,5329733
15305,someonegg,4,0.00008,4805006,90.15472,5329733
15306,sowsan,4,0.00008,4805010,90.15480,5329733
15307,SrdjanCosicPrica,4,0.00008,4805014,90.15487,5329733
15308,sreetummidi,4,0.00008,4805018,90.15495,5329733
15309,s-rogers,4,0.00008,4805022,90.15502,5329733
15310,sshvetsov,4,0.00008,4805026,90.15510,5329733
15311,StefanScherer,4,0.00008,4805030,90.15517,5329733
15312,stephenprater,4,0.00008,4805034,90.15525,5329733
15313,steveb,4,0.00008,4805038,90.15532,5329733
15314,stevendborrelli,4,0.00008,4805042,90.15540,5329733
15315,steve-prod,4,0.00008,4805046,90.15547,5329733
15316,steveyang95,4,0.00008,4805050,90.15555,5329733
15317,stewmi,4,0.00008,4805054,90.15562,5329733
15318,stockhausenj,4,0.00008,4805058,90.15570,5329733
15319,stratosgear,4,0.00008,4805062,90.15577,5329733
15320,suleymanakbas91,4,0.00008,4805066,90.15585,5329733
15321,supermarin,4,0.00008,4805070,90.15592,5329733
15322,TakahikoKawasaki,4,0.00008,4805074,90.15600,5329733
15323,taotetek,4,0.00008,4805078,90.15607,5329733
15324,tbarbugli,4,0.00008,4805082,90.15615,5329733
15325,tbielawa,4,0.00008,4805086,90.15622,5329733
15326,tburko,4,0.00008,4805090,90.15630,5329733
15327,tdeshetler,4,0.00008,4805094,90.15637,5329733
15328,teknoraver,4,0.00008,4805098,90.15645,5329733
15329,theduman,4,0.00008,4805102,90.15652,5329733
15330,thetooth,4,0.00008,4805106,90.15660,5329733
15331,thomasschickinger,4,0.00008,4805110,90.15667,5329733
15332,thousandsofthem,4,0.00008,4805114,90.15675,5329733
15333,Tim15,4,0.00008,4805118,90.15682,5329733
15334,tiziano88,4,0.00008,4805122,90.15690,5329733
15335,tjmcarthur,4,0.00008,4805126,90.15697,5329733
15336,t-k,4,0.00008,4805130,90.15705,5329733
15337,tlitovsk,4,0.00008,4805134,90.15712,5329733
15338,tnakaike,4,0.00008,4805138,90.15720,5329733
15339,tobz,4,0.00008,4805142,90.15727,5329733
15340,tomasr,4,0.00008,4805146,90.15735,5329733
15341,tomconte,4,0.00008,4805150,90.15742,5329733
15342,tommcdon,4,0.00008,4805154,90.15750,5329733
15343,tommyhobin,4,0.00008,4805158,90.15757,5329733
15344,tomwganem,4,0.00008,4805162,90.15765,5329733
15345,tonyhutter,4,0.00008,4805166,90.15772,5329733
15346,topiaruss,4,0.00008,4805170,90.15780,5329733
15347,tremaineeto,4,0.00008,4805174,90.15787,5329733
15348,TrevinTeacutter,4,0.00008,4805178,90.15795,5329733
15349,trishnaguha,4,0.00008,4805182,90.15802,5329733
15350,twoseat,4,0.00008,4805186,90.15810,5329733
15351,tybritten,4,0.00008,4805190,90.15817,5329733
15352,tylerschultz,4,0.00008,4805194,90.15825,5329733
15353,tzununbekov,4,0.00008,4805198,90.15833,5329733
15354,underrun,4,0.00008,4805202,90.15840,5329733
15355,uptoknow,4,0.00008,4805206,90.15848,5329733
15356,vaisov,4,0.00008,4805210,90.15855,5329733
15357,vangent,4,0.00008,4805214,90.15863,5329733
15358,vh,4,0.00008,4805218,90.15870,5329733
15359,vicki-c,4,0.00008,4805222,90.15878,5329733
15360,victorgs,4,0.00008,4805226,90.15885,5329733
15361,vigneshthi,4,0.00008,4805230,90.15893,5329733
15362,viktorm77,4,0.00008,4805234,90.15900,5329733
15363,vincib,4,0.00008,4805238,90.15908,5329733
15364,volmarl,4,0.00008,4805242,90.15915,5329733
15365,vonericsen,4,0.00008,4805246,90.15923,5329733
15366,vorozhko,4,0.00008,4805250,90.15930,5329733
15367,voutasaurus,4,0.00008,4805254,90.15938,5329733
15368,vpartington,4,0.00008,4805258,90.15945,5329733
15369,vranystepan,4,0.00008,4805262,90.15953,5329733
15370,vvakame,4,0.00008,4805266,90.15960,5329733
15371,wangkirin,4,0.00008,4805270,90.15968,5329733
15372,wanix,4,0.00008,4805274,90.15975,5329733
15373,watson,4,0.00008,4805278,90.15983,5329733
15374,whateverv5,4,0.00008,4805282,90.15990,5329733
15375,whirlwin,4,0.00008,4805286,90.15998,5329733
15376,wido,4,0.00008,4805290,90.16005,5329733
15377,wikiwi,4,0.00008,4805294,90.16013,5329733
15378,wilk,4,0.00008,4805298,90.16020,5329733
15379,william-p,4,0.00008,4805302,90.16028,5329733
15380,wilsonianb,4,0.00008,4805306,90.16035,5329733
15381,wjbakker,4,0.00008,4805310,90.16043,5329733
15382,wmaintw,4,0.00008,4805314,90.16050,5329733
15383,wolf31o2,4,0.00008,4805318,90.16058,5329733
15384,wsh,4,0.00008,4805322,90.16065,5329733
15385,wuqiany2,4,0.00008,4805326,90.16073,5329733
15386,xiaopeng163,4,0.00008,4805330,90.16080,5329733
15387,xinxinsh,4,0.00008,4805334,90.16088,5329733
15388,xkisu,4,0.00008,4805338,90.16095,5329733
15389,xsellier,4,0.00008,4805342,90.16103,5329733
15390,xt99,4,0.00008,4805346,90.16110,5329733
15391,XuJun00192603,4,0.00008,4805350,90.16118,5329733
15392,y3ti,4,0.00008,4805354,90.16125,5329733
15393,yahliu,4,0.00008,4805358,90.16133,5329733
15394,yanatan16,4,0.00008,4805362,90.16140,5329733
15395,yangchao0512,4,0.00008,4805366,90.16148,5329733
15396,yaroslavya,4,0.00008,4805370,90.16155,5329733
15397,yehuis4,4,0.00008,4805374,90.16163,5329733
15398,yidong0635,4,0.00008,4805378,90.16170,5329733
15399,ykzts,4,0.00008,4805382,90.16178,5329733
15400,yoelcabo,4,0.00008,4805386,90.16185,5329733
15401,yoshiyaka,4,0.00008,4805390,90.16193,5329733
15402,YustasSwamp,4,0.00008,4805394,90.16200,5329733
15403,yuuki1224,4,0.00008,4805398,90.16208,5329733
15404,YYGCui,4,0.00008,4805402,90.16215,5329733
15405,Zakjholt,4,0.00008,4805406,90.16223,5329733
15406,zanbaldwin,4,0.00008,4805410,90.16230,5329733
15407,zaneli,4,0.00008,4805414,90.16238,5329733
15408,zarqman,4,0.00008,4805418,90.16245,5329733
15409,zerok,4,0.00008,4805422,90.16253,5329733
15410,zh1314,4,0.00008,4805426,90.16260,5329733
15411,zigarn,4,0.00008,4805430,90.16268,5329733
15412,ZigmunD,4,0.00008,4805434,90.16275,5329733
15413,zonArt,4,0.00008,4805438,90.16283,5329733
15414,zonorti,4,0.00008,4805442,90.16290,5329733
15415,zwopir,4,0.00008,4805446,90.16298,5329733
15416,0x4139,3,0.00006,4805449,90.16303,5329733
15417,15characterlimi,3,0.00006,4805452,90.16309,5329733
15418,2ffs2nns,3,0.00006,4805455,90.16315,5329733
15419,311289189,3,0.00006,4805458,90.16320,5329733
15420,aaabramov,3,0.00006,4805461,90.16326,5329733
15421,A-And,3,0.00006,4805464,90.16332,5329733
15422,abacaj,3,0.00006,4805467,90.16337,5329733
15423,abaruni,3,0.00006,4805470,90.16343,5329733
15424,abkieling,3,0.00006,4805473,90.16348,5329733
15425,adamhenson,3,0.00006,4805476,90.16354,5329733
15426,adamj-codethink,3,0.00006,4805479,90.16360,5329733
15427,adammil2000,3,0.00006,4805482,90.16365,5329733
15428,adamrainsby,3,0.00006,4805485,90.16371,5329733
15429,adi658,3,0.00006,4805488,90.16377,5329733
15430,adiprerepa,3,0.00006,4805491,90.16382,5329733
15431,admantium-sg,3,0.00006,4805494,90.16388,5329733
15432,Adracus,3,0.00006,4805497,90.16394,5329733
15433,adymitruk,3,0.00006,4805500,90.16399,5329733
15434,afong94,3,0.00006,4805503,90.16405,5329733
15435,agentgonzo,3,0.00006,4805506,90.16410,5329733
15436,agimenez,3,0.00006,4805509,90.16416,5329733
15437,ahcho0819,3,0.00006,4805512,90.16422,5329733
15438,ajanikow,3,0.00006,4805515,90.16427,5329733
15439,akashrv,3,0.00006,4805518,90.16433,5329733
15440,akimd,3,0.00006,4805521,90.16439,5329733
15441,alainvanhoof,3,0.00006,4805524,90.16444,5329733
15442,albertoalmagro,3,0.00006,4805527,90.16450,5329733
15443,alexander-klang,3,0.00006,4805530,90.16455,5329733
15444,alexlatchford,3,0.00006,4805533,90.16461,5329733
15445,AlexMuresan,3,0.00006,4805536,90.16467,5329733
15446,alextuning,3,0.00006,4805539,90.16472,5329733
15447,alex-vlasov,3,0.00006,4805542,90.16478,5329733
15448,alfonso-presa,3,0.00006,4805545,90.16484,5329733
15449,Alienero,3,0.00006,4805548,90.16489,5329733
15450,allancaffee,3,0.00006,4805551,90.16495,5329733
15451,allenmiller,3,0.00006,4805554,90.16500,5329733
15452,almerico,3,0.00006,4805557,90.16506,5329733
15453,amalic,3,0.00006,4805560,90.16512,5329733
15454,amaurymedeiros,3,0.00006,4805563,90.16517,5329733
15455,ameade,3,0.00006,4805566,90.16523,5329733
15456,anandswaminathan,3,0.00006,4805569,90.16529,5329733
15457,and3rson,3,0.00006,4805572,90.16534,5329733
15458,andmarios,3,0.00006,4805575,90.16540,5329733
15459,andreialecu,3,0.00006,4805578,90.16545,5329733
15460,andrejpetras,3,0.00006,4805581,90.16551,5329733
15461,andrelucas,3,0.00006,4805584,90.16557,5329733
15462,andrew-jones,3,0.00006,4805587,90.16562,5329733
15463,andrewmchen,3,0.00006,4805590,90.16568,5329733
15464,anirtek,3,0.00006,4805593,90.16574,5329733
15465,anisse,3,0.00006,4805596,90.16579,5329733
15466,ankitdh7,3,0.00006,4805599,90.16585,5329733
15467,anthonychu,3,0.00006,4805602,90.16591,5329733
15468,AntoineGa,3,0.00006,4805605,90.16596,5329733
15469,anusudarsan,3,0.00006,4805608,90.16602,5329733
15470,anwather,3,0.00006,4805611,90.16607,5329733
15471,arhimondr,3,0.00006,4805614,90.16613,5329733
15472,ArieShout,3,0.00006,4805617,90.16619,5329733
15473,arnaldopereira,3,0.00006,4805620,90.16624,5329733
15474,arnd,3,0.00006,4805623,90.16630,5329733
15475,arnobroekhof,3,0.00006,4805626,90.16636,5329733
15476,ArthurChiao,3,0.00006,4805629,90.16641,5329733
15477,arush0,3,0.00006,4805632,90.16647,5329733
15478,arush15june,3,0.00006,4805635,90.16652,5329733
15479,ashiquzzaman33,3,0.00006,4805638,90.16658,5329733
15480,asim0984,3,0.00006,4805641,90.16664,5329733
15481,asmartin,3,0.00006,4805644,90.16669,5329733
15482,a-teisseire,3,0.00006,4805647,90.16675,5329733
15483,atye,3,0.00006,4805650,90.16681,5329733
15484,avoinea,3,0.00006,4805653,90.16686,5329733
15485,Awk34,3,0.00006,4805656,90.16692,5329733
15486,bajacondor,3,0.00006,4805659,90.16697,5329733
15487,balajisiva,3,0.00006,4805662,90.16703,5329733
15488,bardiharborow,3,0.00006,4805665,90.16709,5329733
15489,BartoszKaszewczuk,3,0.00006,4805668,90.16714,5329733
15490,BastienL,3,0.00006,4805671,90.16720,5329733
15491,bdangit,3,0.00006,4805674,90.16726,5329733
15492,BenderV,3,0.00006,4805677,90.16731,5329733
15493,BenjaminHerbert,3,0.00006,4805680,90.16737,5329733
15494,bfrog,3,0.00006,4805683,90.16742,5329733
15495,bgw,3,0.00006,4805686,90.16748,5329733
15496,bigbohne,3,0.00006,4805689,90.16754,5329733
15497,bitvirago,3,0.00006,4805692,90.16759,5329733
15498,blisscs,3,0.00006,4805695,90.16765,5329733
15499,bluenote10,3,0.00006,4805698,90.16771,5329733
15500,Bo0mer,3,0.00006,4805701,90.16776,5329733
15501,bobbyhubbard,3,0.00006,4805704,90.16782,5329733
15502,BondAnthony,3,0.00006,4805707,90.16788,5329733
15503,boomfly,3,0.00006,4805710,90.16793,5329733
15504,borkmann,3,0.00006,4805713,90.16799,5329733
15505,bpmericle,3,0.00006,4805716,90.16804,5329733
15506,branch-predictor,3,0.00006,4805719,90.16810,5329733
15507,brantburnett,3,0.00006,4805722,90.16816,5329733
15508,brenarth,3,0.00006,4805725,90.16821,5329733
15509,Brian-Gaffney,3,0.00006,4805728,90.16827,5329733
15510,brucemwong,3,0.00006,4805731,90.16833,5329733
15511,brugidou,3,0.00006,4805734,90.16838,5329733
15512,brwilkinson,3,0.00006,4805737,90.16844,5329733
15513,bryant1410,3,0.00006,4805740,90.16849,5329733
15514,btardif,3,0.00006,4805743,90.16855,5329733
15515,burdandrei,3,0.00006,4805746,90.16861,5329733
15516,burhanuday,3,0.00006,4805749,90.16866,5329733
15517,buzzy,3,0.00006,4805752,90.16872,5329733
15518,bvkin,3,0.00006,4805755,90.16878,5329733
15519,bwkimmel,3,0.00006,4805758,90.16883,5329733
15520,cacois,3,0.00006,4805761,90.16889,5329733
15521,caike,3,0.00006,4805764,90.16894,5329733
15522,candiduslynx,3,0.00006,4805767,90.16900,5329733
15523,carlosrh92,3,0.00006,4805770,90.16906,5329733
15524,cburmeister,3,0.00006,4805773,90.16911,5329733
15525,cdwertmann,3,0.00006,4805776,90.16917,5329733
15526,cee-dub,3,0.00006,4805779,90.16923,5329733
15527,ceosion,3,0.00006,4805782,90.16928,5329733
15528,cfreiner,3,0.00006,4805785,90.16934,5329733
15529,chadell,3,0.00006,4805788,90.16939,5329733
15530,chaitanyav,3,0.00006,4805791,90.16945,5329733
15531,chandanbn,3,0.00006,4805794,90.16951,5329733
15532,charlesa101,3,0.00006,4805797,90.16956,5329733
15533,charliestrawn-wf,3,0.00006,4805800,90.16962,5329733
15534,charpty,3,0.00006,4805803,90.16968,5329733
15535,cheewaio,3,0.00006,4805806,90.16973,5329733
15536,chenfli,3,0.00006,4805809,90.16979,5329733
15537,chengjingtao,3,0.00006,4805812,90.16985,5329733
15538,ChrisHirsch,3,0.00006,4805815,90.16990,5329733
15539,christopher-avila,3,0.00006,4805818,90.16996,5329733
15540,christopherL91,3,0.00006,4805821,90.17001,5329733
15541,ChrJantz,3,0.00006,4805824,90.17007,5329733
15542,chrsoo,3,0.00006,4805827,90.17013,5329733
15543,Ciello89,3,0.00006,4805830,90.17018,5329733
15544,cieni,3,0.00006,4805833,90.17024,5329733
15545,ckimes89,3,0.00006,4805836,90.17030,5329733
15546,ckross01,3,0.00006,4805839,90.17035,5329733
15547,cloudaice,3,0.00006,4805842,90.17041,5329733
15548,cmoore15,3,0.00006,4805845,90.17046,5329733
15549,coderafei,3,0.00006,4805848,90.17052,5329733
15550,ColinHebert,3,0.00006,4805851,90.17058,5329733
15551,coltonmorris,3,0.00006,4805854,90.17063,5329733
15552,comron,3,0.00006,4805857,90.17069,5329733
15553,cooldoger,3,0.00006,4805860,90.17075,5329733
15554,corentin1002,3,0.00006,4805863,90.17080,5329733
15555,coreybutler,3,0.00006,4805866,90.17086,5329733
15556,cpovirk,3,0.00006,4805869,90.17091,5329733
15557,craigmonson,3,0.00006,4805872,90.17097,5329733
15558,creativcoder,3,0.00006,4805875,90.17103,5329733
15559,csvn,3,0.00006,4805878,90.17108,5329733
15560,cverna,3,0.00006,4805881,90.17114,5329733
15561,cvlab,3,0.00006,4805884,90.17120,5329733
15562,cvrebert,3,0.00006,4805887,90.17125,5329733
15563,CydeWeys,3,0.00006,4805890,90.17131,5329733
15564,cyjia,3,0.00006,4805893,90.17137,5329733
15565,c-yokoyama,3,0.00006,4805896,90.17142,5329733
15566,dabcoder,3,0.00006,4805899,90.17148,5329733
15567,dakale,3,0.00006,4805902,90.17153,5329733
15568,dangeoffroy,3,0.00006,4805905,90.17159,5329733
15569,dani07,3,0.00006,4805908,90.17165,5329733
15570,DanielClaudeBaeriswyl,3,0.00006,4805911,90.17170,5329733
15571,dankomiocevic,3,0.00006,4805914,90.17176,5329733
15572,danlister,3,0.00006,4805917,90.17182,5329733
15573,dariddler,3,0.00006,4805920,90.17187,5329733
15574,darkofabijan,3,0.00006,4805923,90.17193,5329733
15575,darrenclark,3,0.00006,4805926,90.17198,5329733
15576,darthnastya,3,0.00006,4805929,90.17204,5329733
15577,datamgmt,3,0.00006,4805932,90.17210,5329733
15578,dataviruset,3,0.00006,4805935,90.17215,5329733
15579,dayleparker,3,0.00006,4805938,90.17221,5329733
15580,dbussink,3,0.00006,4805941,90.17227,5329733
15581,dciccale,3,0.00006,4805944,90.17232,5329733
15582,ddadlani,3,0.00006,4805947,90.17238,5329733
15583,dealancer,3,0.00006,4805950,90.17243,5329733
15584,Deconstrained,3,0.00006,4805953,90.17249,5329733
15585,defunctzombie,3,0.00006,4805956,90.17255,5329733
15586,delapsley,3,0.00006,4805959,90.17260,5329733
15587,delqn,3,0.00006,4805962,90.17266,5329733
15588,dennismartensson,3,0.00006,4805965,90.17272,5329733
15589,depauna,3,0.00006,4805968,90.17277,5329733
15590,DevipriyaSarkar,3,0.00006,4805971,90.17283,5329733
15591,devoid,3,0.00006,4805974,90.17288,5329733
15592,Dexyon,3,0.00006,4805977,90.17294,5329733
15593,dholth,3,0.00006,4805980,90.17300,5329733
15594,digivava,3,0.00006,4805983,90.17305,5329733
15595,dijeesh,3,0.00006,4805986,90.17311,5329733
15596,dimiras,3,0.00006,4805989,90.17317,5329733
15597,dirceu,3,0.00006,4805992,90.17322,5329733
15598,djbingham,3,0.00006,4805995,90.17328,5329733
15599,djfurman,3,0.00006,4805998,90.17334,5329733
15600,djui,3,0.00006,4806001,90.17339,5329733
15601,dkapanidis,3,0.00006,4806004,90.17345,5329733
15602,dlen,3,0.00006,4806007,90.17350,5329733
15603,dlinsley,3,0.00006,4806010,90.17356,5329733
15604,dllehr81,3,0.00006,4806013,90.17362,5329733
15605,dmarcoux,3,0.00006,4806016,90.17367,5329733
15606,DmitryBe,3,0.00006,4806019,90.17373,5329733
15607,dmjones,3,0.00006,4806022,90.17379,5329733
15608,dofinn,3,0.00006,4806025,90.17384,5329733
15609,dometec,3,0.00006,4806028,90.17390,5329733
15610,dora-gt,3,0.00006,4806031,90.17395,5329733
15611,doriordan,3,0.00006,4806034,90.17401,5329733
15612,dothebart,3,0.00006,4806037,90.17407,5329733
15613,double16,3,0.00006,4806040,90.17412,5329733
15614,dougjdouma,3,0.00006,4806043,90.17418,5329733
15615,dougtoppin,3,0.00006,4806046,90.17424,5329733
15616,dpinol,3,0.00006,4806049,90.17429,5329733
15617,dru,3,0.00006,4806052,90.17435,5329733
15618,dsmithbauer,3,0.00006,4806055,90.17440,5329733
15619,dsw88,3,0.00006,4806058,90.17446,5329733
15620,dthomason,3,0.00006,4806061,90.17452,5329733
15621,dunnbobcat,3,0.00006,4806064,90.17457,5329733
15622,dustinblack,3,0.00006,4806067,90.17463,5329733
15623,dustyrip,3,0.00006,4806070,90.17469,5329733
15624,dvoytik,3,0.00006,4806073,90.17474,5329733
15625,dwalleck,3,0.00006,4806076,90.17480,5329733
15626,dwertent,3,0.00006,4806079,90.17485,5329733
15627,DylanBowden,3,0.00006,4806082,90.17491,5329733
15628,dylanenabled,3,0.00006,4806085,90.17497,5329733
15629,dzen,3,0.00006,4806088,90.17502,5329733
15630,earnric,3,0.00006,4806091,90.17508,5329733
15631,ebelisle,3,0.00006,4806094,90.17514,5329733
15632,ebraminio,3,0.00006,4806097,90.17519,5329733
15633,ebyhr,3,0.00006,4806100,90.17525,5329733
15634,eclesh,3,0.00006,4806103,90.17531,5329733
15635,eduramirezh,3,0.00006,4806106,90.17536,5329733
15636,EdwardBetts,3,0.00006,4806109,90.17542,5329733
15637,efexen,3,0.00006,4806112,90.17547,5329733
15638,eformat,3,0.00006,4806115,90.17553,5329733
15639,ekultails,3,0.00006,4806118,90.17559,5329733
15640,eladiw,3,0.00006,4806121,90.17564,5329733
15641,elfinhe,3,0.00006,4806124,90.17570,5329733
15642,elgris,3,0.00006,4806127,90.17576,5329733
15643,eloycoto,3,0.00006,4806130,90.17581,5329733
15644,elritsch,3,0.00006,4806133,90.17587,5329733
15645,EmbeddedAndroid,3,0.00006,4806136,90.17592,5329733
15646,emil2k,3,0.00006,4806139,90.17598,5329733
15647,emilssolmanis,3,0.00006,4806142,90.17604,5329733
15648,EmilyNamugaanyi,3,0.00006,4806145,90.17609,5329733
15649,ericelliott,3,0.00006,4806148,90.17615,5329733
15650,eric-isakson,3,0.00006,4806151,90.17621,5329733
15651,ericstoekl,3,0.00006,4806154,90.17626,5329733
15652,ernestas-poskus,3,0.00006,4806157,90.17632,5329733
15653,esttorhe,3,0.00006,4806160,90.17637,5329733
15654,etdub,3,0.00006,4806163,90.17643,5329733
15655,Etsukata,3,0.00006,4806166,90.17649,5329733
15656,evanlucas,3,0.00006,4806169,90.17654,5329733
15657,evolvah,3,0.00006,4806172,90.17660,5329733
15658,eyberg,3,0.00006,4806175,90.17666,5329733
15659,fabito,3,0.00006,4806178,90.17671,5329733
15660,famousgarkin,3,0.00006,4806181,90.17677,5329733
15661,fangyuanziti,3,0.00006,4806184,90.17682,5329733
15662,fangzhen,3,0.00006,4806187,90.17688,5329733
15663,feribg,3,0.00006,4806190,90.17694,5329733
15664,fetaro,3,0.00006,4806193,90.17699,5329733
15665,fghaas,3,0.00006,4806196,90.17705,5329733
15666,fidelcoria,3,0.00006,4806199,90.17711,5329733
15667,fkarakas,3,0.00006,4806202,90.17716,5329733
15668,flarnie,3,0.00006,4806205,90.17722,5329733
15669,Flask,3,0.00006,4806208,90.17728,5329733
15670,flatmap13,3,0.00006,4806211,90.17733,5329733
15671,FlaxHaxx,3,0.00006,4806214,90.17739,5329733
15672,FlexibleToast,3,0.00006,4806217,90.17744,5329733
15673,Flowdalic,3,0.00006,4806220,90.17750,5329733
15674,fmoctezuma,3,0.00006,4806223,90.17756,5329733
15675,fmstephe,3,0.00006,4806226,90.17761,5329733
15676,fnurglewitz,3,0.00006,4806229,90.17767,5329733
15677,fpetkovski,3,0.00006,4806232,90.17773,5329733
15678,FrankieSanzica,3,0.00006,4806235,90.17778,5329733
15679,frankscholten,3,0.00006,4806238,90.17784,5329733
15680,FrankYu,3,0.00006,4806241,90.17789,5329733
15681,frederimandin,3,0.00006,4806244,90.17795,5329733
15682,frewsxcv,3,0.00006,4806247,90.17801,5329733
15683,ft20082,3,0.00006,4806250,90.17806,5329733
15684,futoase,3,0.00006,4806253,90.17812,5329733
15685,fwiedmann,3,0.00006,4806256,90.17818,5329733
15686,g7,3,0.00006,4806259,90.17823,5329733
15687,gabeguz,3,0.00006,4806262,90.17829,5329733
15688,gaborbernat,3,0.00006,4806265,90.17834,5329733
15689,GaborWnuk,3,0.00006,4806268,90.17840,5329733
15690,gaearon,3,0.00006,4806271,90.17846,5329733
15691,garyo,3,0.00006,4806274,90.17851,5329733
15692,gatepoet,3,0.00006,4806277,90.17857,5329733
15693,gatoruso,3,0.00006,4806280,90.17863,5329733
15694,Gazler,3,0.00006,4806283,90.17868,5329733
15695,gedex,3,0.00006,4806286,90.17874,5329733
15696,gemini612,3,0.00006,4806289,90.17880,5329733
15697,gerasiov,3,0.00006,4806292,90.17885,5329733
15698,german-j-rodriguez,3,0.00006,4806295,90.17891,5329733
15699,gfog-floqast,3,0.00006,4806298,90.17896,5329733
15700,gghonor,3,0.00006,4806301,90.17902,5329733
15701,GitToby,3,0.00006,4806304,90.17908,5329733
15702,glarrain,3,0.00006,4806307,90.17913,5329733
15703,gmacario,3,0.00006,4806310,90.17919,5329733
15704,gmarcy,3,0.00006,4806313,90.17925,5329733
15705,gohackfelipe,3,0.00006,4806316,90.17930,5329733
15706,GrabYourPitchforks,3,0.00006,4806319,90.17936,5329733
15707,graememorgan,3,0.00006,4806322,90.17941,5329733
15708,gumho,3,0.00006,4806325,90.17947,5329733
15709,gunnaringe,3,0.00006,4806328,90.17953,5329733
15710,guoyunxian,3,0.00006,4806331,90.17958,5329733
15711,H3RSKO,3,0.00006,4806334,90.17964,5329733
15712,hadeschen,3,0.00006,4806337,90.17970,5329733
15713,hamhut1066,3,0.00006,4806340,90.17975,5329733
15714,handlers,3,0.00006,4806343,90.17981,5329733
15715,harjas27,3,0.00006,4806346,90.17986,5329733
15716,hasanatkazmi,3,0.00006,4806349,90.17992,5329733
15717,hazsetata,3,0.00006,4806352,90.17998,5329733
15718,HCanber,3,0.00006,4806355,90.18003,5329733
15719,heavypackets,3,0.00006,4806358,90.18009,5329733
15720,hendrakwong,3,0.00006,4806361,90.18015,5329733
15721,HenrikStanley,3,0.00006,4806364,90.18020,5329733
15722,hesingh,3,0.00006,4806367,90.18026,5329733
15723,hichtakk,3,0.00006,4806370,90.18031,5329733
15724,HieronyM,3,0.00006,4806373,90.18037,5329733
15725,hiroakis,3,0.00006,4806376,90.18043,5329733
15726,hokkai7go,3,0.00006,4806379,90.18048,5329733
15727,hosungsmsft,3,0.00006,4806382,90.18054,5329733
15728,hotpxl,3,0.00006,4806385,90.18060,5329733
15729,Houfeng,3,0.00006,4806388,90.18065,5329733
15730,hrw,3,0.00006,4806391,90.18071,5329733
15731,huangtianhua,3,0.00006,4806394,90.18077,5329733
15732,Humberd,3,0.00006,4806397,90.18082,5329733
15733,hunterloftis,3,0.00006,4806400,90.18088,5329733
15734,hvardhanx,3,0.00006,4806403,90.18093,5329733
15735,hw-claudio,3,0.00006,4806406,90.18099,5329733
15736,hynospt,3,0.00006,4806409,90.18105,5329733
15737,i0n,3,0.00006,4806412,90.18110,5329733
15738,iamgd67,3,0.00006,4806415,90.18116,5329733
15739,ianpartridge,3,0.00006,4806418,90.18122,5329733
15740,ibmcb,3,0.00006,4806421,90.18127,5329733
15741,ide,3,0.00006,4806424,90.18133,5329733
15742,idesai,3,0.00006,4806427,90.18138,5329733
15743,igor47,3,0.00006,4806430,90.18144,5329733
15744,IgorPerikov,3,0.00006,4806433,90.18150,5329733
15745,iHile,3,0.00006,4806436,90.18155,5329733
15746,ihrwein,3,0.00006,4806439,90.18161,5329733
15747,iliana,3,0.00006,4806442,90.18167,5329733
15748,iliastsi,3,0.00006,4806445,90.18172,5329733
15749,iliesh,3,0.00006,4806448,90.18178,5329733
15750,IMOKURI,3,0.00006,4806451,90.18183,5329733
15751,indexzero,3,0.00006,4806454,90.18189,5329733
15752,InfoHunter,3,0.00006,4806457,90.18195,5329733
15753,InfoSec812,3,0.00006,4806460,90.18200,5329733
15754,intolerance,3,0.00006,4806463,90.18206,5329733
15755,IrinaAndronachi,3,0.00006,4806466,90.18212,5329733
15756,isa-bel,3,0.00006,4806469,90.18217,5329733
15757,ishyherts,3,0.00006,4806472,90.18223,5329733
15758,isurulucky,3,0.00006,4806475,90.18228,5329733
15759,itessier,3,0.00006,4806478,90.18234,5329733
15760,ivant,3,0.00006,4806481,90.18240,5329733
15761,jackprice,3,0.00006,4806484,90.18245,5329733
15762,JacobHeidelbachDFDS,3,0.00006,4806487,90.18251,5329733
15763,jad007,3,0.00006,4806490,90.18257,5329733
15764,jambajaar,3,0.00006,4806493,90.18262,5329733
15765,JamesDuncanNz,3,0.00006,4806496,90.18268,5329733
15766,janiew,3,0.00006,4806499,90.18274,5329733
15767,janmasarik,3,0.00006,4806502,90.18279,5329733
15768,JanZerebecki,3,0.00006,4806505,90.18285,5329733
15769,jasrusable,3,0.00006,4806508,90.18290,5329733
15770,javapriyan,3,0.00006,4806511,90.18296,5329733
15771,Javatar81,3,0.00006,4806514,90.18302,5329733
15772,jaykay,3,0.00006,4806517,90.18307,5329733
15773,jbonachera,3,0.00006,4806520,90.18313,5329733
15774,jburnham,3,0.00006,4806523,90.18319,5329733
15775,jdhuntington,3,0.00006,4806526,90.18324,5329733
15776,jdoig,3,0.00006,4806529,90.18330,5329733
15777,jecluis,3,0.00006,4806532,90.18335,5329733
15778,jeniferh,3,0.00006,4806535,90.18341,5329733
15779,jeroenrinzema,3,0.00006,4806538,90.18347,5329733
15780,jerseybbq,3,0.00006,4806541,90.18352,5329733
15781,jerub,3,0.00006,4806544,90.18358,5329733
15782,jessedearing,3,0.00006,4806547,90.18364,5329733
15783,jessesleeping,3,0.00006,4806550,90.18369,5329733
15784,Jeyanthinath,3,0.00006,4806553,90.18375,5329733
15785,jezogwza,3,0.00006,4806556,90.18380,5329733
15786,jfahrer,3,0.00006,4806559,90.18386,5329733
15787,jgoldschrafe,3,0.00006,4806562,90.18392,5329733
15788,jhamilton1,3,0.00006,4806565,90.18397,5329733
15789,jhermann,3,0.00006,4806568,90.18403,5329733
15790,jhgaylor,3,0.00006,4806571,90.18409,5329733
15791,jimlar,3,0.00006,4806574,90.18414,5329733
15792,jimma,3,0.00006,4806577,90.18420,5329733
15793,jimrollenhagen,3,0.00006,4806580,90.18426,5329733
15794,jing-rui,3,0.00006,4806583,90.18431,5329733
15795,Jitsusama,3,0.00006,4806586,90.18437,5329733
15796,JK87iab,3,0.00006,4806589,90.18442,5329733
15797,jkoleszar,3,0.00006,4806592,90.18448,5329733
15798,jmyounker,3,0.00006,4806595,90.18454,5329733
15799,JnyJny,3,0.00006,4806598,90.18459,5329733
15800,joe11051105,3,0.00006,4806601,90.18465,5329733
15801,JoeStead,3,0.00006,4806604,90.18471,5329733
15802,johanbaath,3,0.00006,4806607,90.18476,5329733
15803,johnr-spindance,3,0.00006,4806610,90.18482,5329733
15804,johnugeorge,3,0.00006,4806613,90.18487,5329733
15805,johnwlockwood,3,0.00006,4806616,90.18493,5329733
15806,jonasfugedi,3,0.00006,4806619,90.18499,5329733
15807,JonasKunz,3,0.00006,4806622,90.18504,5329733
15808,jonbonazza,3,0.00006,4806625,90.18510,5329733
15809,jonchiu,3,0.00006,4806628,90.18516,5329733
15810,jonnyfiveiq,3,0.00006,4806631,90.18521,5329733
15811,jontow,3,0.00006,4806634,90.18527,5329733
15812,jordimassaguerpla,3,0.00006,4806637,90.18532,5329733
15813,JorenVDL,3,0.00006,4806640,90.18538,5329733
15814,jorgbrown,3,0.00006,4806643,90.18544,5329733
15815,josephwilk,3,0.00006,4806646,90.18549,5329733
15816,JoseThen,3,0.00006,4806649,90.18555,5329733
15817,josh,3,0.00006,4806652,90.18561,5329733
15818,joshwand,3,0.00006,4806655,90.18566,5329733
15819,joylili,3,0.00006,4806658,90.18572,5329733
15820,JPPienaar,3,0.00006,4806661,90.18577,5329733
15821,jqueguiner,3,0.00006,4806664,90.18583,5329733
15822,jsam,3,0.00006,4806667,90.18589,5329733
15823,jtborek,3,0.00006,4806670,90.18594,5329733
15824,juangascon,3,0.00006,4806673,90.18600,5329733
15825,julianbueno,3,0.00006,4806676,90.18606,5329733
15826,julienMichaud,3,0.00006,4806679,90.18611,5329733
15827,julowe,3,0.00006,4806682,90.18617,5329733
15828,jurmous,3,0.00006,4806685,90.18623,5329733
15829,jvis,3,0.00006,4806688,90.18628,5329733
15830,jweede,3,0.00006,4806691,90.18634,5329733
15831,jwillmer,3,0.00006,4806694,90.18639,5329733
15832,jwntrs,3,0.00006,4806697,90.18645,5329733
15833,jyrkiput,3,0.00006,4806700,90.18651,5329733
15834,k8k,3,0.00006,4806703,90.18656,5329733
15835,kaelig,3,0.00006,4806706,90.18662,5329733
15836,kalabiyau,3,0.00006,4806709,90.18668,5329733
15837,kalugny,3,0.00006,4806712,90.18673,5329733
15838,karampok,3,0.00006,4806715,90.18679,5329733
15839,karencfv,3,0.00006,4806718,90.18684,5329733
15840,karoldeland,3,0.00006,4806721,90.18690,5329733
15841,karpovicham,3,0.00006,4806724,90.18696,5329733
15842,kblin,3,0.00006,4806727,90.18701,5329733
15843,kbudde,3,0.00006,4806730,90.18707,5329733
15844,kchodorow,3,0.00006,4806733,90.18713,5329733
15845,kdubkris,3,0.00006,4806736,90.18718,5329733
15846,keertip,3,0.00006,4806739,90.18724,5329733
15847,kencochrane,3,0.00006,4806742,90.18729,5329733
15848,KenjiKanedaNVIDIA,3,0.00006,4806745,90.18735,5329733
15849,kenthua,3,0.00006,4806748,90.18741,5329733
15850,kesselborn,3,0.00006,4806751,90.18746,5329733
15851,kevinswiber,3,0.00006,4806754,90.18752,5329733
15852,kfsone,3,0.00006,4806757,90.18758,5329733
15853,khenaidoo,3,0.00006,4806760,90.18763,5329733
15854,khotyn,3,0.00006,4806763,90.18769,5329733
15855,Kimamisa,3,0.00006,4806766,90.18774,5329733
15856,Kiran-r,3,0.00006,4806769,90.18780,5329733
15857,kjackson87,3,0.00006,4806772,90.18786,5329733
15858,kjkurtz,3,0.00006,4806775,90.18791,5329733
15859,kkonradI,3,0.00006,4806778,90.18797,5329733
15860,kKronstainBrown,3,0.00006,4806781,90.18803,5329733
15861,knm3000,3,0.00006,4806784,90.18808,5329733
15862,koba04,3,0.00006,4806787,90.18814,5329733
15863,kpettijohn,3,0.00006,4806790,90.18820,5329733
15864,kraxel,3,0.00006,4806793,90.18825,5329733
15865,Krinkle,3,0.00006,4806796,90.18831,5329733
15866,Krule,3,0.00006,4806799,90.18836,5329733
15867,krystalcode,3,0.00006,4806802,90.18842,5329733
15868,KrzysztofKowalczyk,3,0.00006,4806805,90.18848,5329733
15869,kunmingg,3,0.00006,4806808,90.18853,5329733
15870,kurojishi,3,0.00006,4806811,90.18859,5329733
15871,kybetter,3,0.00006,4806814,90.18865,5329733
15872,kyunghoj,3,0.00006,4806817,90.18870,5329733
15873,l0neranger,3,0.00006,4806820,90.18876,5329733
15874,LandoCalrizzian,3,0.00006,4806823,90.18881,5329733
15875,larryleguo,3,0.00006,4806826,90.18887,5329733
15876,lclarkmichalek,3,0.00006,4806829,90.18893,5329733
15877,lebenitza,3,0.00006,4806832,90.18898,5329733
15878,leeallen337,3,0.00006,4806835,90.18904,5329733
15879,leematos,3,0.00006,4806838,90.18910,5329733
15880,leigh-j,3,0.00006,4806841,90.18915,5329733
15881,lemenkov,3,0.00006,4806844,90.18921,5329733
15882,lepatryk,3,0.00006,4806847,90.18926,5329733
15884,levackt,3,0.00006,4806853,90.18938,5329733
15885,lewisdaly,3,0.00006,4806856,90.18943,5329733
15886,lgfa29,3,0.00006,4806859,90.18949,5329733
15887,lguminski,3,0.00006,4806862,90.18955,5329733
15888,lidaobing,3,0.00006,4806865,90.18960,5329733
15889,lilirui,3,0.00006,4806868,90.18966,5329733
15890,liuruiyiyang,3,0.00006,4806871,90.18971,5329733
15891,ljanyst,3,0.00006,4806874,90.18977,5329733
15892,llhe,3,0.00006,4806877,90.18983,5329733
15893,llimllib,3,0.00006,4806880,90.18988,5329733
15894,lobeck,3,0.00006,4806883,90.18994,5329733
15895,locriani,3,0.00006,4806886,90.19000,5329733
15896,loftwah,3,0.00006,4806889,90.19005,5329733
15897,loveshell,3,0.00006,4806892,90.19011,5329733
15898,lsk8867485,3,0.00006,4806895,90.19017,5329733
15899,luisbg,3,0.00006,4806898,90.19022,5329733
15900,Luit,3,0.00006,4806901,90.19028,5329733
15901,luizfonseca,3,0.00006,4806904,90.19033,5329733
15902,luizm,3,0.00006,4806907,90.19039,5329733
15903,luohao,3,0.00006,4806910,90.19045,5329733
15904,lvlds,3,0.00006,4806913,90.19050,5329733
15905,lyip1992,3,0.00006,4806916,90.19056,5329733
15906,mabulgu,3,0.00006,4806919,90.19062,5329733
15907,MaciejKucia,3,0.00006,4806922,90.19067,5329733
15908,mafrosis,3,0.00006,4806925,90.19073,5329733
15909,magreiner,3,0.00006,4806928,90.19078,5329733
15910,Makunouchi,3,0.00006,4806931,90.19084,5329733
15911,mamal72,3,0.00006,4806934,90.19090,5329733
15912,manvindar,3,0.00006,4806937,90.19095,5329733
15913,mapatel7,3,0.00006,4806940,90.19101,5329733
15914,marcjoha,3,0.00006,4806943,90.19107,5329733
15915,marcov,3,0.00006,4806946,90.19112,5329733
15916,marcusreese,3,0.00006,4806949,90.19118,5329733
15917,marioduarte,3,0.00006,4806952,90.19123,5329733
15918,markpaychex,3,0.00006,4806955,90.19129,5329733
15919,MarkWme,3,0.00006,4806958,90.19135,5329733
15920,martinp,3,0.00006,4806961,90.19140,5329733
15921,Masterlvng,3,0.00006,4806964,90.19146,5329733
15922,mat007,3,0.00006,4806967,90.19152,5329733
15923,mateusz-gozdek-sociomantic,3,0.00006,4806970,90.19157,5329733
15924,mattdoran,3,0.00006,4806973,90.19163,5329733
15925,matthdan,3,0.00006,4806976,90.19169,5329733
15926,mattk42,3,0.00006,4806979,90.19174,5329733
15927,mattnickles,3,0.00006,4806982,90.19180,5329733
15928,MattWhilden,3,0.00006,4806985,90.19185,5329733
15929,maxibanki,3,0.00006,4806988,90.19191,5329733
15930,maximbr,3,0.00006,4806991,90.19197,5329733
15931,maxmil,3,0.00006,4806994,90.19202,5329733
15932,mdirkse,3,0.00006,4806997,90.19208,5329733
15933,mehdichamouma,3,0.00006,4807000,90.19214,5329733
15934,mgechev,3,0.00006,4807003,90.19219,5329733
15935,mhamwala,3,0.00006,4807006,90.19225,5329733
15936,micahlee,3,0.00006,4807009,90.19230,5329733
15937,MichaelBrandt4994,3,0.00006,4807012,90.19236,5329733
15938,michalgm,3,0.00006,4807015,90.19242,5329733
15939,mickeyboxell,3,0.00006,4807018,90.19247,5329733
15940,mikaelarguedas,3,0.00006,4807021,90.19253,5329733
15941,mikalstill,3,0.00006,4807024,90.19259,5329733
15942,mikalv,3,0.00006,4807027,90.19264,5329733
15943,mikealt,3,0.00006,4807030,90.19270,5329733
15944,mikeatm,3,0.00006,4807033,90.19275,5329733
15945,mike-schiller,3,0.00006,4807036,90.19281,5329733
15946,mikespokefire,3,0.00006,4807039,90.19287,5329733
15947,millar,3,0.00006,4807042,90.19292,5329733
15948,MindFlavor,3,0.00006,4807045,90.19298,5329733
15949,Mingan,3,0.00006,4807048,90.19304,5329733
15950,minshenglin,3,0.00006,4807051,90.19309,5329733
15951,mishak87,3,0.00006,4807054,90.19315,5329733
15952,MithunArunan,3,0.00006,4807057,90.19320,5329733
15953,MithunMJ,3,0.00006,4807060,90.19326,5329733
15954,miyanaga,3,0.00006,4807063,90.19332,5329733
15955,Mizux,3,0.00006,4807066,90.19337,5329733
15956,mjhea0,3,0.00006,4807069,90.19343,5329733
15957,mjs2600,3,0.00006,4807072,90.19349,5329733
15958,mkatt,3,0.00006,4807075,90.19354,5329733
15959,mkdolan,3,0.00006,4807078,90.19360,5329733
15960,mkleint,3,0.00006,4807081,90.19366,5329733
15961,mk-nickyang,3,0.00006,4807084,90.19371,5329733
15962,mmcenti,3,0.00006,4807087,90.19377,5329733
15963,mmethner,3,0.00006,4807090,90.19382,5329733
15964,moisei,3,0.00006,4807093,90.19388,5329733
15965,mool,3,0.00006,4807096,90.19394,5329733
15966,morenoh149,3,0.00006,4807099,90.19399,5329733
15967,mphammer,3,0.00006,4807102,90.19405,5329733
15968,mpoqq,3,0.00006,4807105,90.19411,5329733
15969,mprahl,3,0.00006,4807108,90.19416,5329733
15970,MrGossett,3,0.00006,4807111,90.19422,5329733
15971,mrry,3,0.00006,4807114,90.19427,5329733
15972,mscherer,3,0.00006,4807117,90.19433,5329733
15973,msimonin,3,0.00006,4807120,90.19439,5329733
15974,mtancoigne,3,0.00006,4807123,90.19444,5329733
15975,mthaddon,3,0.00006,4807126,90.19450,5329733
15976,mthssdrbrg,3,0.00006,4807129,90.19456,5329733
15977,mtodd,3,0.00006,4807132,90.19461,5329733
15978,muga,3,0.00006,4807135,90.19467,5329733
15979,munukutla,3,0.00006,4807138,90.19472,5329733
15980,mwarkentin,3,0.00006,4807141,90.19478,5329733
15981,MylesBorins,3,0.00006,4807144,90.19484,5329733
15982,Mythra,3,0.00006,4807147,90.19489,5329733
15983,nabeelmian,3,0.00006,4807150,90.19495,5329733
15984,Naddiseo,3,0.00006,4807153,90.19501,5329733
15985,nahi,3,0.00006,4807156,90.19506,5329733
15986,nambsp,3,0.00006,4807159,90.19512,5329733
15987,narimantos,3,0.00006,4807162,90.19517,5329733
15988,Narsail,3,0.00006,4807165,90.19523,5329733
15989,ndobryanskyy,3,0.00006,4807168,90.19529,5329733
15990,neilpeterson,3,0.00006,4807171,90.19534,5329733
15991,newgoliath,3,0.00006,4807174,90.19540,5329733
15992,ngocson2vn,3,0.00006,4807177,90.19546,5329733
15993,nickygerritsen,3,0.00006,4807180,90.19551,5329733
15994,NickyHeuperman,3,0.00006,4807183,90.19557,5329733
15995,niekoost,3,0.00006,4807186,90.19563,5329733
15996,nigelcharman,3,0.00006,4807189,90.19568,5329733
15997,Niraj-Fonseka,3,0.00006,4807192,90.19574,5329733
15998,nishakm,3,0.00006,4807195,90.19579,5329733
15999,nitinpatil1992,3,0.00006,4807198,90.19585,5329733
16000,nlf,3,0.00006,4807201,90.19591,5329733
16001,nmasse-itix,3,0.00006,4807204,90.19596,5329733
16002,no2a,3,0.00006,4807207,90.19602,5329733
16003,nobu-k,3,0.00006,4807210,90.19608,5329733
16004,NottyCode,3,0.00006,4807213,90.19613,5329733
16005,novemberborn,3,0.00006,4807216,90.19619,5329733
16006,nullstyle,3,0.00006,4807219,90.19624,5329733
16007,nzthiago,3,0.00006,4807222,90.19630,5329733
16008,ocombe,3,0.00006,4807225,90.19636,5329733
16009,odykyi,3,0.00006,4807228,90.19641,5329733
16010,okdave,3,0.00006,4807231,90.19647,5329733
16011,olegs-codefresh,3,0.00006,4807234,90.19653,5329733
16012,Oloremo,3,0.00006,4807237,90.19658,5329733
16013,omatsko,3,0.00006,4807240,90.19664,5329733
16014,omgapuppy,3,0.00006,4807243,90.19669,5329733
16015,onetwogoo,3,0.00006,4807246,90.19675,5329733
16016,opthomas-prime,3,0.00006,4807249,90.19681,5329733
16017,oskar,3,0.00006,4807252,90.19686,5329733
16018,ostrain,3,0.00006,4807255,90.19692,5329733
16019,ovanes,3,0.00006,4807258,90.19698,5329733
16020,owainlewis,3,0.00006,4807261,90.19703,5329733
16021,paisleyrob,3,0.00006,4807264,90.19709,5329733
16022,parjong,3,0.00006,4807267,90.19714,5329733
16023,pascallap,3,0.00006,4807270,90.19720,5329733
16024,patdowney,3,0.00006,4807273,90.19726,5329733
16025,PatrickSchuster,3,0.00006,4807276,90.19731,5329733
16026,paulcichonski,3,0.00006,4807279,90.19737,5329733
16027,paulghattas,3,0.00006,4807282,90.19743,5329733
16028,PauloMigAlmeida,3,0.00006,4807285,90.19748,5329733
16029,pawelzny,3,0.00006,4807288,90.19754,5329733
16030,pbergene,3,0.00006,4807291,90.19760,5329733
16031,pensz,3,0.00006,4807294,90.19765,5329733
16032,petemill,3,0.00006,4807297,90.19771,5329733
16033,Petermarcu,3,0.00006,4807300,90.19776,5329733
16034,peterwhitesell,3,0.00006,4807303,90.19782,5329733
16035,phekmat,3,0.00006,4807306,90.19788,5329733
16036,philippeboyd,3,0.00006,4807309,90.19793,5329733
16037,pierrecregut,3,0.00006,4807312,90.19799,5329733
16038,pierremahot,3,0.00006,4807315,90.19805,5329733
16039,pietern,3,0.00006,4807318,90.19810,5329733
16040,piperchester,3,0.00006,4807321,90.19816,5329733
16041,piu28,3,0.00006,4807324,90.19821,5329733
16042,pivotal-nader-ziada,3,0.00006,4807327,90.19827,5329733
16043,piyushmadan,3,0.00006,4807330,90.19833,5329733
16044,plin2,3,0.00006,4807333,90.19838,5329733
16045,pluma,3,0.00006,4807336,90.19844,5329733
16046,plumpy,3,0.00006,4807339,90.19850,5329733
16047,pmcjury,3,0.00006,4807342,90.19855,5329733
16048,poiuytrez,3,0.00006,4807345,90.19861,5329733
16049,polaru,3,0.00006,4807348,90.19866,5329733
16050,polothy,3,0.00006,4807351,90.19872,5329733
16051,poros,3,0.00006,4807354,90.19878,5329733
16052,pra85,3,0.00006,4807357,90.19883,5329733
16053,PradheepShrinivasan,3,0.00006,4807360,90.19889,5329733
16054,prahaladramji,3,0.00006,4807363,90.19895,5329733
16055,prakharagarwal,3,0.00006,4807366,90.19900,5329733
16056,praneetchandra,3,0.00006,4807369,90.19906,5329733
16057,pratap-dotnet,3,0.00006,4807372,90.19912,5329733
16058,premanandc,3,0.00006,4807375,90.19917,5329733
16059,profkittyface,3,0.00006,4807378,90.19923,5329733
16060,psftw,3,0.00006,4807381,90.19928,5329733
16061,PunKeel,3,0.00006,4807384,90.19934,5329733
16062,pvcnt,3,0.00006,4807387,90.19940,5329733
16063,qjiang77,3,0.00006,4807390,90.19945,5329733
16064,QuantumFractal,3,0.00006,4807393,90.19951,5329733
16065,QuentinPerez,3,0.00006,4807396,90.19957,5329733
16066,rabbah,3,0.00006,4807399,90.19962,5329733
16067,Rachael-Graham,3,0.00006,4807402,90.19968,5329733
16068,rajatjindal83,3,0.00006,4807405,90.19973,5329733
16069,raj-nt,3,0.00006,4807408,90.19979,5329733
16070,RamonSaboya,3,0.00006,4807411,90.19985,5329733
16071,rapatchi,3,0.00006,4807414,90.19990,5329733
16072,rathko,3,0.00006,4807417,90.19996,5329733
16073,rcleveng,3,0.00006,4807420,90.20002,5329733
16074,reddybee,3,0.00006,4807423,90.20007,5329733
16075,redpanda,3,0.00006,4807426,90.20013,5329733
16076,reshnm,3,0.00006,4807429,90.20018,5329733
16077,rickmak,3,0.00006,4807432,90.20024,5329733
16078,RickvdP,3,0.00006,4807435,90.20030,5329733
16079,RinkAttendant6,3,0.00006,4807438,90.20035,5329733
16080,Rkiouak,3,0.00006,4807441,90.20041,5329733
16081,rmg,3,0.00006,4807444,90.20047,5329733
16082,robcresswell,3,0.00006,4807447,90.20052,5329733
16083,robdyke,3,0.00006,4807450,90.20058,5329733
16084,rockwotj,3,0.00006,4807453,90.20063,5329733
16085,rodmachen,3,0.00006,4807456,90.20069,5329733
16086,roemba,3,0.00006,4807459,90.20075,5329733
16087,Rolice,3,0.00006,4807462,90.20080,5329733
16088,ronniemaor,3,0.00006,4807465,90.20086,5329733
16089,rootAvish,3,0.00006,4807468,90.20092,5329733
16090,routerhan,3,0.00006,4807471,90.20097,5329733
16091,rpjday,3,0.00006,4807474,90.20103,5329733
16092,rse,3,0.00006,4807477,90.20109,5329733
16093,rtirserio,3,0.00006,4807480,90.20114,5329733
16094,ruarfff,3,0.00006,4807483,90.20120,5329733
16095,ruffsl,3,0.00006,4807486,90.20125,5329733
16096,rumshenoy,3,0.00006,4807489,90.20131,5329733
16097,russgray,3,0.00006,4807492,90.20137,5329733
16098,rvoitenko,3,0.00006,4807495,90.20142,5329733
16099,ryanfaerman,3,0.00006,4807498,90.20148,5329733
16100,S1yuan,3,0.00006,4807501,90.20154,5329733
16101,safchain,3,0.00006,4807504,90.20159,5329733
16102,saksham0808,3,0.00006,4807507,90.20165,5329733
16103,samgiles,3,0.00006,4807510,90.20170,5329733
16104,SamirHafez,3,0.00006,4807513,90.20176,5329733
16105,samjsharpe,3,0.00006,4807516,90.20182,5329733
16106,sandeen,3,0.00006,4807519,90.20187,5329733
16107,sanha,3,0.00006,4807522,90.20193,5329733
16108,Sarah-Aly,3,0.00006,4807525,90.20199,5329733
16109,savagecm,3,0.00006,4807528,90.20204,5329733
16110,sbellem,3,0.00006,4807531,90.20210,5329733
16111,sbstjn,3,0.00006,4807534,90.20215,5329733
16112,scalablecory,3,0.00006,4807537,90.20221,5329733
16113,schmich,3,0.00006,4807540,90.20227,5329733
16114,schottsfired,3,0.00006,4807543,90.20232,5329733
16115,scottmf,3,0.00006,4807546,90.20238,5329733
16116,seanabraham,3,0.00006,4807549,90.20244,5329733
16117,seanalexander,3,0.00006,4807552,90.20249,5329733
16118,seancrwhite,3,0.00006,4807555,90.20255,5329733
16119,SebastianCelejewski,3,0.00006,4807558,90.20260,5329733
16120,sebastianspross,3,0.00006,4807561,90.20266,5329733
16121,seerickcode,3,0.00006,4807564,90.20272,5329733
16122,seravat,3,0.00006,4807567,90.20277,5329733
16123,seryl,3,0.00006,4807570,90.20283,5329733
16124,sethherr,3,0.00006,4807573,90.20289,5329733
16125,shahmishal,3,0.00006,4807576,90.20294,5329733
16126,shanahanjrs,3,0.00006,4807579,90.20300,5329733
16127,Sharpie,3,0.00006,4807582,90.20306,5329733
16128,shashwathi,3,0.00006,4807585,90.20311,5329733
16129,shauns,3,0.00006,4807588,90.20317,5329733
16130,Shawnpku,3,0.00006,4807591,90.20322,5329733
16131,shekharberry,3,0.00006,4807594,90.20328,5329733
16132,shengnuo,3,0.00006,4807597,90.20334,5329733
16133,shichao-an,3,0.00006,4807600,90.20339,5329733
16134,shift,3,0.00006,4807603,90.20345,5329733
16135,shmurata,3,0.00006,4807606,90.20351,5329733
16136,shohhei1126,3,0.00006,4807609,90.20356,5329733
16137,Shubham82,3,0.00006,4807612,90.20362,5329733
16138,sidnei,3,0.00006,4807615,90.20367,5329733
16139,sileht,3,0.00006,4807618,90.20373,5329733
16140,siretart,3,0.00006,4807621,90.20379,5329733
16141,sjakati98,3,0.00006,4807624,90.20384,5329733
16142,skandragon,3,0.00006,4807627,90.20390,5329733
16143,skonzem,3,0.00006,4807630,90.20396,5329733
16144,smartinov,3,0.00006,4807633,90.20401,5329733
16145,smartnose,3,0.00006,4807636,90.20407,5329733
16146,smccarthy,3,0.00006,4807639,90.20412,5329733
16147,smerrill,3,0.00006,4807642,90.20418,5329733
16148,Smiley73,3,0.00006,4807645,90.20424,5329733
16149,snobear,3,0.00006,4807648,90.20429,5329733
16150,snoopdouglas,3,0.00006,4807651,90.20435,5329733
16151,sondabar,3,0.00006,4807654,90.20441,5329733
16152,spatronis,3,0.00006,4807657,90.20446,5329733
16153,spen,3,0.00006,4807660,90.20452,5329733
16154,sperreault,3,0.00006,4807663,90.20457,5329733
16155,spike01,3,0.00006,4807666,90.20463,5329733
16156,spoganshev,3,0.00006,4807669,90.20469,5329733
16157,Spredzy,3,0.00006,4807672,90.20474,5329733
16158,SpyMachine,3,0.00006,4807675,90.20480,5329733
16159,squarism,3,0.00006,4807678,90.20486,5329733
16160,srikanthvavila,3,0.00006,4807681,90.20491,5329733
16161,SSshahan,3,0.00006,4807684,90.20497,5329733
16162,StAugust,3,0.00006,4807687,90.20503,5329733
16163,StevenMercurio,3,0.00006,4807690,90.20508,5329733
16164,styfle,3,0.00006,4807693,90.20514,5329733
16165,superyyrrzz,3,0.00006,4807696,90.20519,5329733
16166,svenhofstede,3,0.00006,4807699,90.20525,5329733
16167,syst3mw0rm,3,0.00006,4807702,90.20531,5329733
16168,TAGC,3,0.00006,4807705,90.20536,5329733
16169,takac,3,0.00006,4807708,90.20542,5329733
16170,takashabe,3,0.00006,4807711,90.20548,5329733
16171,takebayashi,3,0.00006,4807714,90.20553,5329733
16172,takus,3,0.00006,4807717,90.20559,5329733
16173,tanguyfalconnet,3,0.00006,4807720,90.20564,5329733
16174,tanin47,3,0.00006,4807723,90.20570,5329733
16175,tanmayIITR,3,0.00006,4807726,90.20576,5329733
16176,tanzeeb,3,0.00006,4807729,90.20581,5329733
16177,tavispaquette,3,0.00006,4807732,90.20587,5329733
16178,taylormgeorge91,3,0.00006,4807735,90.20593,5329733
16179,tgarlot,3,0.00006,4807738,90.20598,5329733
16180,thagikura,3,0.00006,4807741,90.20604,5329733
16181,thebeardisred,3,0.00006,4807744,90.20609,5329733
16182,thefotios,3,0.00006,4807747,90.20615,5329733
16183,thegridman,3,0.00006,4807750,90.20621,5329733
16184,themartorana,3,0.00006,4807753,90.20626,5329733
16185,themr0c,3,0.00006,4807756,90.20632,5329733
16186,theofpa,3,0.00006,4807759,90.20638,5329733
16187,thlu-cobinhood,3,0.00006,4807762,90.20643,5329733
16188,tiandrey,3,0.00006,4807765,90.20649,5329733
16189,TieWei,3,0.00006,4807768,90.20655,5329733
16190,tiffanyfj,3,0.00006,4807771,90.20660,5329733
16191,timnon,3,0.00006,4807774,90.20666,5329733
16192,tkengo,3,0.00006,4807777,90.20671,5329733
16193,tobert,3,0.00006,4807780,90.20677,5329733
16194,tobiashenkel,3,0.00006,4807783,90.20683,5329733
16195,tomcz,3,0.00006,4807786,90.20688,5329733
16196,tomleb,3,0.00006,4807789,90.20694,5329733
16197,tOnI0,3,0.00006,4807792,90.20700,5329733
16198,tonnyeremin,3,0.00006,4807795,90.20705,5329733
16199,tshqin,3,0.00006,4807798,90.20711,5329733
16200,tstruk,3,0.00006,4807801,90.20716,5329733
16201,tsunokawa,3,0.00006,4807804,90.20722,5329733
16202,ttretau,3,0.00006,4807807,90.20728,5329733
16203,ttsugriy,3,0.00006,4807810,90.20733,5329733
16204,tullo,3,0.00006,4807813,90.20739,5329733
16205,tusharnt,3,0.00006,4807816,90.20745,5329733
16206,tvanhens,3,0.00006,4807819,90.20750,5329733
16207,twKrash,3,0.00006,4807822,90.20756,5329733
16208,tylergibson,3,0.00006,4807825,90.20761,5329733
16209,upMKuhn,3,0.00006,4807828,90.20767,5329733
16210,urban-1,3,0.00006,4807831,90.20773,5329733
16211,v1v,3,0.00006,4807834,90.20778,5329733
16212,vanesa,3,0.00006,4807837,90.20784,5329733
16213,Vanient,3,0.00006,4807840,90.20790,5329733
16214,vasergen,3,0.00006,4807843,90.20795,5329733
16215,vavrusa,3,0.00006,4807846,90.20801,5329733
16216,vCloudernBeer,3,0.00006,4807849,90.20806,5329733
16217,ve-i-uj,3,0.00006,4807852,90.20812,5329733
16218,victorgama,3,0.00006,4807855,90.20818,5329733
16219,victoriazhengwf,3,0.00006,4807858,90.20823,5329733
16220,victorquinn,3,0.00006,4807861,90.20829,5329733
16221,vijaykramesh,3,0.00006,4807864,90.20835,5329733
16222,vinaydawani,3,0.00006,4807867,90.20840,5329733
16223,VitaliiVinnichuk,3,0.00006,4807870,90.20846,5329733
16224,vitaliytv,3,0.00006,4807873,90.20852,5329733
16225,vivekjain10,3,0.00006,4807876,90.20857,5329733
16226,vkostyukov,3,0.00006,4807879,90.20863,5329733
16227,VMTrooper,3,0.00006,4807882,90.20868,5329733
16228,Voltlol,3,0.00006,4807885,90.20874,5329733
16229,voxik,3,0.00006,4807888,90.20880,5329733
16230,vramakrishnan,3,0.00006,4807891,90.20885,5329733
16231,vrih,3,0.00006,4807894,90.20891,5329733
16232,vtorhonen,3,0.00006,4807897,90.20897,5329733
16233,vvk,3,0.00006,4807900,90.20902,5329733
16234,wadahiro,3,0.00006,4807903,90.20908,5329733
16235,wangkuiyi,3,0.00006,4807906,90.20913,5329733
16236,wangsha,3,0.00006,4807909,90.20919,5329733
16237,wangxing1517,3,0.00006,4807912,90.20925,5329733
16238,wejendorp,3,0.00006,4807915,90.20930,5329733
16239,WenlinH,3,0.00006,4807918,90.20936,5329733
16240,westonmyers,3,0.00006,4807921,90.20942,5329733
16241,weters,3,0.00006,4807924,90.20947,5329733
16242,wgui1,3,0.00006,4807927,90.20953,5329733
16243,WhatTheFar,3,0.00006,4807930,90.20958,5329733
16244,wheleph,3,0.00006,4807933,90.20964,5329733
16245,williamcroberts,3,0.00006,4807936,90.20970,5329733
16246,wingerted,3,0.00006,4807939,90.20975,5329733
16247,witmicko,3,0.00006,4807942,90.20981,5329733
16248,wizcas,3,0.00006,4807945,90.20987,5329733
16249,wokaoo1234,3,0.00006,4807948,90.20992,5329733
16250,wurbanski,3,0.00006,4807951,90.20998,5329733
16251,wusui,3,0.00006,4807954,90.21003,5329733
16252,wyllys66,3,0.00006,4807957,90.21009,5329733
16253,xahmad,3,0.00006,4807960,90.21015,5329733
16254,XB32Z,3,0.00006,4807963,90.21020,5329733
16255,xenithorb,3,0.00006,4807966,90.21026,5329733
16256,xin3liang,3,0.00006,4807969,90.21032,5329733
16257,xiongsongsong,3,0.00006,4807972,90.21037,5329733
16258,xxmyjk,3,0.00006,4807975,90.21043,5329733
16259,yamaszone,3,0.00006,4807978,90.21049,5329733
16260,YanFen-Guo,3,0.00006,4807981,90.21054,5329733
16261,yangxiangyu,3,0.00006,4807984,90.21060,5329733
16262,yaozongyou,3,0.00006,4807987,90.21065,5329733
16263,yarmiganosca,3,0.00006,4807990,90.21071,5329733
16264,yaronr,3,0.00006,4807993,90.21077,5329733
16265,ybz,3,0.00006,4807996,90.21082,5329733
16266,yehezkielbs,3,0.00006,4807999,90.21088,5329733
16267,yeputons,3,0.00006,4808002,90.21094,5329733
16268,yersan,3,0.00006,4808005,90.21099,5329733
16269,yharel,3,0.00006,4808008,90.21105,5329733
16270,yiyiyaya,3,0.00006,4808011,90.21110,5329733
16271,ykhrustalev,3,0.00006,4808014,90.21116,5329733
16272,ylil93,3,0.00006,4808017,90.21122,5329733
16273,yoloseem,3,0.00006,4808020,90.21127,5329733
16274,yousafsyed,3,0.00006,4808023,90.21133,5329733
16275,ypraveen,3,0.00006,4808026,90.21139,5329733
16276,yuriw,3,0.00006,4808029,90.21144,5329733
16277,yusuoh,3,0.00006,4808032,90.21150,5329733
16278,yuyuyu101,3,0.00006,4808035,90.21155,5329733
16279,zaherg,3,0.00006,4808038,90.21161,5329733
16280,zarenner,3,0.00006,4808041,90.21167,5329733
16281,ZelJin,3,0.00006,4808044,90.21172,5329733
16282,zeroviscosity,3,0.00006,4808047,90.21178,5329733
16283,zhiliangxu,3,0.00006,4808050,90.21184,5329733
16284,zhilingc,3,0.00006,4808053,90.21189,5329733
16285,zjw940419,3,0.00006,4808056,90.21195,5329733
16286,zmhassan,3,0.00006,4808059,90.21200,5329733
16287,zolotov,3,0.00006,4808062,90.21206,5329733
16288,zrbcool,3,0.00006,4808065,90.21212,5329733
16289,zregvart,3,0.00006,4808068,90.21217,5329733
16290,ZVampirEM77,3,0.00006,4808071,90.21223,5329733
16291,zyren88,3,0.00006,4808074,90.21229,5329733
16292,140am,2,0.00004,4808076,90.21232,5329733
16293,23caterpie,2,0.00004,4808078,90.21236,5329733
16294,502155589,2,0.00004,4808080,90.21240,5329733
16295,aaronwalker,2,0.00004,4808082,90.21244,5329733
16296,aaslamin,2,0.00004,4808084,90.21247,5329733
16297,abc11h,2,0.00004,4808086,90.21251,5329733
16298,Abd4llA,2,0.00004,4808088,90.21255,5329733
16299,abhinandan13jan,2,0.00004,4808090,90.21259,5329733
16300,Abhishekvrshny,2,0.00004,4808092,90.21262,5329733
16301,accelazh,2,0.00004,4808094,90.21266,5329733
16302,AcoustickSan,2,0.00004,4808096,90.21270,5329733
16303,acsulli,2,0.00004,4808098,90.21274,5329733
16304,adamgross42,2,0.00004,4808100,90.21277,5329733
16305,adhithyasrinivasan,2,0.00004,4808102,90.21281,5329733
16306,adreznec,2,0.00004,4808104,90.21285,5329733
16307,aep,2,0.00004,4808106,90.21289,5329733
16308,aeriff,2,0.00004,4808108,90.21292,5329733
16309,aerusso,2,0.00004,4808110,90.21296,5329733
16310,AgarFu,2,0.00004,4808112,90.21300,5329733
16311,agnewp,2,0.00004,4808114,90.21304,5329733
16312,agnivade,2,0.00004,4808116,90.21307,5329733
16313,agusl88,2,0.00004,4808118,90.21311,5329733
16314,ahazelwood,2,0.00004,4808120,90.21315,5329733
16315,ahmadnassri,2,0.00004,4808122,90.21319,5329733
16316,Aiqbal1234,2,0.00004,4808124,90.21322,5329733
16317,aj-michael,2,0.00004,4808126,90.21326,5329733
16318,Akashtic,2,0.00004,4808128,90.21330,5329733
16319,akeep,2,0.00004,4808130,90.21334,5329733
16320,a-know,2,0.00004,4808132,90.21337,5329733
16321,akornatskyy,2,0.00004,4808134,90.21341,5329733
16322,akramer,2,0.00004,4808136,90.21345,5329733
16323,akshaybahetii,2,0.00004,4808138,90.21349,5329733
16324,akshaydixi,2,0.00004,4808140,90.21352,5329733
16325,alanwill,2,0.00004,4808142,90.21356,5329733
16326,AlaRuba,2,0.00004,4808144,90.21360,5329733
16327,aldenpeterson-wf,2,0.00004,4808146,90.21364,5329733
16328,AleiHanami,2,0.00004,4808148,90.21367,5329733
16329,alexander-aldev,2,0.00004,4808150,90.21371,5329733
16330,alexcetto,2,0.00004,4808152,90.21375,5329733
16331,alexcrichton,2,0.00004,4808154,90.21379,5329733
16332,alfaproject,2,0.00004,4808156,90.21382,5329733
16333,algas,2,0.00004,4808158,90.21386,5329733
16334,aliciafmachado,2,0.00004,4808160,90.21390,5329733
16335,almusil,2,0.00004,4808162,90.21394,5329733
16336,alonpeer,2,0.00004,4808164,90.21398,5329733
16337,alq666,2,0.00004,4808166,90.21401,5329733
16338,alvin-huang,2,0.00004,4808168,90.21405,5329733
16339,amaltson,2,0.00004,4808170,90.21409,5329733
16340,amandaz,2,0.00004,4808172,90.21413,5329733
16341,amatas,2,0.00004,4808174,90.21416,5329733
16342,amaya382,2,0.00004,4808176,90.21420,5329733
16343,AM-iain,2,0.00004,4808178,90.21424,5329733
16344,aminjam,2,0.00004,4808180,90.21428,5329733
16345,amirfefer,2,0.00004,4808182,90.21431,5329733
16346,amitkumar2013,2,0.00004,4808184,90.21435,5329733
16347,am-MongoDB,2,0.00004,4808186,90.21439,5329733
16348,amread,2,0.00004,4808188,90.21443,5329733
16349,andreas-eriksson,2,0.00004,4808190,90.21446,5329733
16350,andreikop,2,0.00004,4808192,90.21450,5329733
16351,andrewmed,2,0.00004,4808194,90.21454,5329733
16352,andrewseidl,2,0.00004,4808196,90.21458,5329733
16353,andreyev,2,0.00004,4808198,90.21461,5329733
16354,angeloramarolahy,2,0.00004,4808200,90.21465,5329733
16355,anhou,2,0.00004,4808202,90.21469,5329733
16356,annawinkler,2,0.00004,4808204,90.21473,5329733
16357,ansuabraham,2,0.00004,4808206,90.21476,5329733
16358,ant1eicher,2,0.00004,4808208,90.21480,5329733
16359,antegulin,2,0.00004,4808210,90.21484,5329733
16360,anthonny,2,0.00004,4808212,90.21488,5329733
16361,antoinecarton,2,0.00004,4808214,90.21491,5329733
16362,antonkyrylenko,2,0.00004,4808216,90.21495,5329733
16363,anton-kyrylenko,2,0.00004,4808218,90.21499,5329733
16364,anurag-prakash-singh,2,0.00004,4808220,90.21503,5329733
16365,ap2516,2,0.00004,4808222,90.21506,5329733
16366,arbeit,2,0.00004,4808224,90.21510,5329733
16367,arcanis,2,0.00004,4808226,90.21514,5329733
16368,archseer,2,0.00004,4808228,90.21518,5329733
16369,arges,2,0.00004,4808230,90.21521,5329733
16370,ArloL,2,0.00004,4808232,90.21525,5329733
16371,arnulfojr,2,0.00004,4808234,90.21529,5329733
16372,aRobinson-R7,2,0.00004,4808236,90.21533,5329733
16373,aroc,2,0.00004,4808238,90.21536,5329733
16374,arranf,2,0.00004,4808240,90.21540,5329733
16375,arthurbragaa,2,0.00004,4808242,90.21544,5329733
16376,ArtiomPetrov,2,0.00004,4808244,90.21548,5329733
16377,artkoshelev,2,0.00004,4808246,90.21551,5329733
16378,arturobrzut,2,0.00004,4808248,90.21555,5329733
16379,arya,2,0.00004,4808250,90.21559,5329733
16380,asakaev,2,0.00004,4808252,90.21563,5329733
16381,ashahab-altiscale,2,0.00004,4808254,90.21566,5329733
16382,askhari,2,0.00004,4808256,90.21570,5329733
16383,asmabri,2,0.00004,4808258,90.21574,5329733
16384,asnimansari,2,0.00004,4808260,90.21578,5329733
16385,asomya,2,0.00004,4808262,90.21581,5329733
16386,AT1012,2,0.00004,4808264,90.21585,5329733
16387,athomason,2,0.00004,4808266,90.21589,5329733
16388,aucampia,2,0.00004,4808268,90.21593,5329733
16389,auphyroc99,2,0.00004,4808270,90.21596,5329733
16390,aweary,2,0.00004,4808272,90.21600,5329733
16391,awpr-google,2,0.00004,4808274,90.21604,5329733
16392,awsuderman,2,0.00004,4808276,90.21608,5329733
16393,axd1967,2,0.00004,4808278,90.21611,5329733
16394,azakrzewski,2,0.00004,4808280,90.21615,5329733
16395,babilen,2,0.00004,4808282,90.21619,5329733
16396,bahatron,2,0.00004,4808284,90.21623,5329733
16397,Baisang,2,0.00004,4808286,90.21626,5329733
16398,barambani,2,0.00004,4808288,90.21630,5329733
16399,barnardb,2,0.00004,4808290,90.21634,5329733
16400,barry8schneider,2,0.00004,4808292,90.21638,5329733
16401,basak073,2,0.00004,4808294,90.21641,5329733
16402,basgys,2,0.00004,4808296,90.21645,5329733
16403,BatiGencho,2,0.00004,4808298,90.21649,5329733
16404,bdevloed,2,0.00004,4808300,90.21653,5329733
16405,beldougie,2,0.00004,4808302,90.21656,5329733
16406,benbennett,2,0.00004,4808304,90.21660,5329733
16407,benjamin-tucker,2,0.00004,4808306,90.21664,5329733
16408,bentranter,2,0.00004,4808308,90.21668,5329733
16409,bernerdschaefer,2,0.00004,4808310,90.21671,5329733
16410,bhathiya,2,0.00004,4808312,90.21675,5329733
16411,bheuvel,2,0.00004,4808314,90.21679,5329733
16412,biblesyme,2,0.00004,4808316,90.21683,5329733
16413,BillyMorgan,2,0.00004,4808318,90.21686,5329733
16414,billyoung,2,0.00004,4808320,90.21690,5329733
16415,bingoarun,2,0.00004,4808322,90.21694,5329733
16416,bjd,2,0.00004,4808324,90.21698,5329733
16417,bkniffler,2,0.00004,4808326,90.21701,5329733
16418,bkrannich,2,0.00004,4808328,90.21705,5329733
16419,blackbird29,2,0.00004,4808330,90.21709,5329733
16420,blankenhaus,2,0.00004,4808332,90.21713,5329733
16421,bmorton,2,0.00004,4808334,90.21716,5329733
16422,BobBall,2,0.00004,4808336,90.21720,5329733
16423,bochunz,2,0.00004,4808338,90.21724,5329733
16424,bookwar,2,0.00004,4808340,90.21728,5329733
16425,Bowbaq,2,0.00004,4808342,90.21731,5329733
16426,brandonstephens,2,0.00004,4808344,90.21735,5329733
16427,brawer,2,0.00004,4808346,90.21739,5329733
16428,bretdabaker,2,0.00004,4808348,90.21743,5329733
16429,brettkail-wk,2,0.00004,4808350,90.21746,5329733
16430,brettporter,2,0.00004,4808352,90.21750,5329733
16431,brikr,2,0.00004,4808354,90.21754,5329733
16432,brissenden,2,0.00004,4808356,90.21758,5329733
16433,britter,2,0.00004,4808358,90.21762,5329733
16434,bryanbecker,2,0.00004,4808360,90.21765,5329733
16435,bryaneburr,2,0.00004,4808362,90.21769,5329733
16436,brycethomsen,2,0.00004,4808364,90.21773,5329733
16437,bsteinm2,2,0.00004,4808366,90.21777,5329733
16438,bukton123,2,0.00004,4808368,90.21780,5329733
16439,by-erik,2,0.00004,4808370,90.21784,5329733
16440,c16a,2,0.00004,4808372,90.21788,5329733
16441,caggles,2,0.00004,4808374,90.21792,5329733
16442,calbach,2,0.00004,4808376,90.21795,5329733
16443,camen6ert,2,0.00004,4808378,90.21799,5329733
16444,caogj,2,0.00004,4808380,90.21803,5329733
16445,captbaritone,2,0.00004,4808382,90.21807,5329733
16446,carlsendk,2,0.00004,4808384,90.21810,5329733
16447,carwynmoore,2,0.00004,4808386,90.21814,5329733
16448,cassiosantos,2,0.00004,4808388,90.21818,5329733
16449,castocolina,2,0.00004,4808390,90.21822,5329733
16450,ccascone,2,0.00004,4808392,90.21825,5329733
16451,celskeggs,2,0.00004,4808394,90.21829,5329733
16452,cenkalti,2,0.00004,4808396,90.21833,5329733
16453,cfunkhouser,2,0.00004,4808398,90.21837,5329733
16454,cgabbadon,2,0.00004,4808400,90.21840,5329733
16455,cgriggs01,2,0.00004,4808402,90.21844,5329733
16456,charlesakalugwu,2,0.00004,4808404,90.21848,5329733
16457,charlesmcchan,2,0.00004,4808406,90.21852,5329733
16458,chawklit,2,0.00004,4808408,90.21855,5329733
16459,chchliang,2,0.00004,4808410,90.21859,5329733
16460,chr15murray,2,0.00004,4808412,90.21863,5329733
16461,chris-kr,2,0.00004,4808414,90.21867,5329733
16462,chrisleck-old-personal,2,0.00004,4808416,90.21870,5329733
16463,chrismytton,2,0.00004,4808418,90.21874,5329733
16464,christophermaier,2,0.00004,4808420,90.21878,5329733
16465,ch-stark,2,0.00004,4808422,90.21882,5329733
16466,CITnDev,2,0.00004,4808424,90.21885,5329733
16467,cjolif,2,0.00004,4808426,90.21889,5329733
16468,ckaczor,2,0.00004,4808428,90.21893,5329733
16469,claudio4j,2,0.00004,4808430,90.21897,5329733
16470,cliffy94,2,0.00004,4808432,90.21900,5329733
16471,cloudever,2,0.00004,4808434,90.21904,5329733
16472,cludden,2,0.00004,4808436,90.21908,5329733
16473,codergr,2,0.00004,4808438,90.21912,5329733
16474,coliff,2,0.00004,4808440,90.21915,5329733
16475,corylanou,2,0.00004,4808442,90.21919,5329733
16476,CourseraStudent58,2,0.00004,4808444,90.21923,5329733
16477,cpojer,2,0.00004,4808446,90.21927,5329733
16478,creatorrr,2,0.00004,4808448,90.21930,5329733
16479,creedasaurus,2,0.00004,4808450,90.21934,5329733
16480,cristianpop,2,0.00004,4808452,90.21938,5329733
16481,Crusty82,2,0.00004,4808454,90.21942,5329733
16482,CryptoCopter,2,0.00004,4808456,90.21945,5329733
16483,crystaldust,2,0.00004,4808458,90.21949,5329733
16484,ctriv,2,0.00004,4808460,90.21953,5329733
16485,cubicdaiya,2,0.00004,4808462,90.21957,5329733
16486,cviktorov,2,0.00004,4808464,90.21960,5329733
16487,cwitte4191,2,0.00004,4808466,90.21964,5329733
16488,cwwarren,2,0.00004,4808468,90.21968,5329733
16489,d0ugal,2,0.00004,4808470,90.21972,5329733
16490,d1vanloon,2,0.00004,4808472,90.21975,5329733
16491,daghack,2,0.00004,4808474,90.21979,5329733
16492,dagostinelli,2,0.00004,4808476,90.21983,5329733
16493,DaleBingham,2,0.00004,4808478,90.21987,5329733
16494,danackerson,2,0.00004,4808480,90.21990,5329733
16495,DanBuchan,2,0.00004,4808482,90.21994,5329733
16496,danehrlich1,2,0.00004,4808484,90.21998,5329733
16497,danialgood,2,0.00004,4808486,90.22002,5329733
16498,DanielDent,2,0.00004,4808488,90.22005,5329733
16499,danielle-mustillo,2,0.00004,4808490,90.22009,5329733
16500,dannydavidson,2,0.00004,4808492,90.22013,5329733
16501,dannyhajj,2,0.00004,4808494,90.22017,5329733
16502,DanSmith70,2,0.00004,4808496,90.22020,5329733
16503,dario1985,2,0.00004,4808498,90.22024,5329733
16504,dariodip,2,0.00004,4808500,90.22028,5329733
16505,DarkPurple141,2,0.00004,4808502,90.22032,5329733
16506,daudetCA,2,0.00004,4808504,90.22035,5329733
16507,davepersing,2,0.00004,4808506,90.22039,5329733
16508,davetropeano,2,0.00004,4808508,90.22043,5329733
16509,dave-tucker,2,0.00004,4808510,90.22047,5329733
16510,davidbarratt,2,0.00004,4808512,90.22050,5329733
16511,davidbarsky,2,0.00004,4808514,90.22054,5329733
16512,davidemerritt,2,0.00004,4808516,90.22058,5329733
16513,davidkaya,2,0.00004,4808518,90.22062,5329733
16514,davidleach,2,0.00004,4808520,90.22065,5329733
16515,davidreynolds,2,0.00004,4808522,90.22069,5329733
16516,davidshepard989,2,0.00004,4808524,90.22073,5329733
16517,Davidsoff,2,0.00004,4808526,90.22077,5329733
16518,davsclaus,2,0.00004,4808528,90.22080,5329733
16519,davwilliams,2,0.00004,4808530,90.22084,5329733
16520,daweiq,2,0.00004,4808532,90.22088,5329733
16521,da-x,2,0.00004,4808534,90.22092,5329733
16522,dc0d,2,0.00004,4808536,90.22095,5329733
16523,deepy,2,0.00004,4808538,90.22099,5329733
16524,deini,2,0.00004,4808540,90.22103,5329733
16525,delta440,2,0.00004,4808542,90.22107,5329733
16526,deweya,2,0.00004,4808544,90.22110,5329733
16527,dgerd,2,0.00004,4808546,90.22114,5329733
16528,dgruntz,2,0.00004,4808548,90.22118,5329733
16529,dh1tw,2,0.00004,4808550,90.22122,5329733
16530,didierfranc,2,0.00004,4808552,90.22125,5329733
16531,diegofernandes,2,0.00004,4808554,90.22129,5329733
16532,digitalnomd,2,0.00004,4808556,90.22133,5329733
16533,dilekuzulmez,2,0.00004,4808558,90.22137,5329733
16534,dimh,2,0.00004,4808560,90.22141,5329733
16535,dinatale2,2,0.00004,4808562,90.22144,5329733
16536,discoposse,2,0.00004,4808564,90.22148,5329733
16537,dmarion,2,0.00004,4808566,90.22152,5329733
16538,dmitryyankowski,2,0.00004,4808568,90.22156,5329733
16539,dobrerazvan,2,0.00004,4808570,90.22159,5329733
16540,dobrzyn2,2,0.00004,4808572,90.22163,5329733
16541,dockersid,2,0.00004,4808574,90.22167,5329733
16542,Dohbedoh,2,0.00004,4808576,90.22171,5329733
16543,domdom82,2,0.00004,4808578,90.22174,5329733
16544,dong-liuliu,2,0.00004,4808580,90.22178,5329733
16545,doubliez,2,0.00004,4808582,90.22182,5329733
16546,douglas-gibbons,2,0.00004,4808584,90.22186,5329733
16547,dpiddy,2,0.00004,4808586,90.22189,5329733
16548,dpippenger,2,0.00004,4808588,90.22193,5329733
16549,dpquigl,2,0.00004,4808590,90.22197,5329733
16550,drcrook1,2,0.00004,4808592,90.22201,5329733
16551,dreadbird,2,0.00004,4808594,90.22204,5329733
16552,drewda,2,0.00004,4808596,90.22208,5329733
16553,dtolnay,2,0.00004,4808598,90.22212,5329733
16554,duck8823,2,0.00004,4808600,90.22216,5329733
16555,durana,2,0.00004,4808602,90.22219,5329733
16556,dvdhrm,2,0.00004,4808604,90.22223,5329733
16557,dwarburt,2,0.00004,4808606,90.22227,5329733
16558,dzen-it,2,0.00004,4808608,90.22231,5329733
16559,ecki,2,0.00004,4808610,90.22234,5329733
16560,ed0t,2,0.00004,4808612,90.22238,5329733
16561,ednaganon,2,0.00004,4808614,90.22242,5329733
16562,EduardoVega,2,0.00004,4808616,90.22246,5329733
16563,edwardgeorge,2,0.00004,4808618,90.22249,5329733
16564,efmr,2,0.00004,4808620,90.22253,5329733
16565,ehippy,2,0.00004,4808622,90.22257,5329733
16566,eldios,2,0.00004,4808624,90.22261,5329733
16567,eliben,2,0.00004,4808626,90.22264,5329733
16568,elihai-risk,2,0.00004,4808628,90.22268,5329733
16569,eLobato,2,0.00004,4808630,90.22272,5329733
16570,el-sai,2,0.00004,4808632,90.22276,5329733
16571,elsteelbrain,2,0.00004,4808634,90.22279,5329733
16572,eltonnuness,2,0.00004,4808636,90.22283,5329733
16573,emalihin,2,0.00004,4808638,90.22287,5329733
16574,ematpl,2,0.00004,4808640,90.22291,5329733
16575,emcpadden,2,0.00004,4808642,90.22294,5329733
16576,emetchar,2,0.00004,4808644,90.22298,5329733
16577,emgre,2,0.00004,4808646,90.22302,5329733
16578,emman27,2,0.00004,4808648,90.22306,5329733
16579,emmanuelewangi,2,0.00004,4808650,90.22309,5329733
16580,Emruz-Hossain,2,0.00004,4808652,90.22313,5329733
16581,eMxyzptlk,2,0.00004,4808654,90.22317,5329733
16582,epixa,2,0.00004,4808656,90.22321,5329733
16583,Erdk,2,0.00004,4808658,90.22324,5329733
16584,erdrix,2,0.00004,4808660,90.22328,5329733
16585,EricEdens,2,0.00004,4808662,90.22332,5329733
16586,erikparienty,2,0.00004,4808664,90.22336,5329733
16587,erikus,2,0.00004,4808666,90.22339,5329733
16588,errows,2,0.00004,4808668,90.22343,5329733
16589,ethanfrogers,2,0.00004,4808670,90.22347,5329733
16590,etiennedesign,2,0.00004,4808672,90.22351,5329733
16591,eugenekurasov,2,0.00004,4808674,90.22354,5329733
16592,evadnoob,2,0.00004,4808676,90.22358,5329733
16593,evanwolf,2,0.00004,4808678,90.22362,5329733
16594,ewindisch,2,0.00004,4808680,90.22366,5329733
16595,ExalDraen,2,0.00004,4808682,90.22369,5329733
16596,EXPErdelfavero,2,0.00004,4808684,90.22373,5329733
16597,eyusupov,2,0.00004,4808686,90.22377,5329733
16598,faascape,2,0.00004,4808688,90.22381,5329733
16599,fceller,2,0.00004,4808690,90.22384,5329733
16600,febuiles,2,0.00004,4808692,90.22388,5329733
16601,felipecruz91,2,0.00004,4808694,90.22392,5329733
16602,fen4o-work,2,0.00004,4808696,90.22396,5329733
16603,ferdi-bedag,2,0.00004,4808698,90.22399,5329733
16604,fernandoBRS,2,0.00004,4808700,90.22403,5329733
16605,ffilz,2,0.00004,4808702,90.22407,5329733
16606,filimonov,2,0.00004,4808704,90.22411,5329733
16607,Firemango,2,0.00004,4808706,90.22414,5329733
16608,fmui,2,0.00004,4808708,90.22418,5329733
16609,fordhamae,2,0.00004,4808710,90.22422,5329733
16610,FourSigma,2,0.00004,4808712,90.22426,5329733
16611,fpesce,2,0.00004,4808714,90.22429,5329733
16612,francisrangel,2,0.00004,4808716,90.22433,5329733
16613,franklin-stripe,2,0.00004,4808718,90.22437,5329733
16614,funkygao,2,0.00004,4808720,90.22441,5329733
16615,gabrielpjordao,2,0.00004,4808722,90.22444,5329733
16616,gandelman-a,2,0.00004,4808724,90.22448,5329733
16617,gaurav9825,2,0.00004,4808726,90.22452,5329733
16618,gberche-orange,2,0.00004,4808728,90.22456,5329733
16619,GDvalle,2,0.00004,4808730,90.22459,5329733
16620,GeorgiKhomeriki,2,0.00004,4808732,90.22463,5329733
16621,geraldinewhitt,2,0.00004,4808734,90.22467,5329733
16622,geritol,2,0.00004,4808736,90.22471,5329733
16623,gerrit8143,2,0.00004,4808738,90.22474,5329733
16624,gfinocchiaro,2,0.00004,4808740,90.22478,5329733
16625,gfmartins,2,0.00004,4808742,90.22482,5329733
16626,ggicci,2,0.00004,4808744,90.22486,5329733
16627,gguuss,2,0.00004,4808746,90.22489,5329733
16628,ginccc,2,0.00004,4808748,90.22493,5329733
16629,gk5885,2,0.00004,4808750,90.22497,5329733
16630,GlenTiki,2,0.00004,4808752,90.22501,5329733
16631,GlurG,2,0.00004,4808754,90.22505,5329733
16632,gmoisio,2,0.00004,4808756,90.22508,5329733
16633,gohar94,2,0.00004,4808758,90.22512,5329733
16634,gokalper,2,0.00004,4808760,90.22516,5329733
16635,goncalor,2,0.00004,4808762,90.22520,5329733
16636,gonzojive,2,0.00004,4808764,90.22523,5329733
16637,gostom,2,0.00004,4808766,90.22527,5329733
16638,gowalking,2,0.00004,4808768,90.22531,5329733
16639,gr4701,2,0.00004,4808770,90.22535,5329733
16640,grantseltzer,2,0.00004,4808772,90.22538,5329733
16641,gregorwolf,2,0.00004,4808774,90.22542,5329733
16642,gregsfortytwo,2,0.00004,4808776,90.22546,5329733
16643,gregw,2,0.00004,4808778,90.22550,5329733
16644,grgustaf,2,0.00004,4808780,90.22553,5329733
16645,gsanchezu,2,0.00004,4808782,90.22557,5329733
16646,gsemaj,2,0.00004,4808784,90.22561,5329733
16647,gstorme,2,0.00004,4808786,90.22565,5329733
16648,guoxiao,2,0.00004,4808788,90.22568,5329733
16649,guzt,2,0.00004,4808790,90.22572,5329733
16650,gvanderberg,2,0.00004,4808792,90.22576,5329733
16651,hamid-elaosta,2,0.00004,4808794,90.22580,5329733
16652,hansenms,2,0.00004,4808796,90.22583,5329733
16653,hansonw,2,0.00004,4808798,90.22587,5329733
16654,HarishSandbox,2,0.00004,4808800,90.22591,5329733
16655,harry0123,2,0.00004,4808802,90.22595,5329733
16656,harvestli,2,0.00004,4808804,90.22598,5329733
16657,HarveyEllis,2,0.00004,4808806,90.22602,5329733
16658,Hazhzeng,2,0.00004,4808808,90.22606,5329733
16659,hectoregm,2,0.00004,4808810,90.22610,5329733
16660,hehesky,2,0.00004,4808812,90.22613,5329733
16661,hekra01,2,0.00004,4808814,90.22617,5329733
16662,helinwang,2,0.00004,4808816,90.22621,5329733
16663,hellokangning,2,0.00004,4808818,90.22625,5329733
16664,hellolijj,2,0.00004,4808820,90.22628,5329733
16665,hello-ming,2,0.00004,4808822,90.22632,5329733
16666,hemantksingh,2,0.00004,4808824,90.22636,5329733
16667,henrikhodne,2,0.00004,4808826,90.22640,5329733
16668,henrybell,2,0.00004,4808828,90.22643,5329733
16669,hfwang,2,0.00004,4808830,90.22647,5329733
16670,hikim000,2,0.00004,4808832,90.22651,5329733
16671,hmrm,2,0.00004,4808834,90.22655,5329733
16672,hoegertn,2,0.00004,4808836,90.22658,5329733
16673,hos4m,2,0.00004,4808838,90.22662,5329733
16674,huangsuoyuan,2,0.00004,4808840,90.22666,5329733
16675,hudymi,2,0.00004,4808842,90.22670,5329733
16676,hugohaggmark,2,0.00004,4808844,90.22673,5329733
16677,HuzefaMandvi,2,0.00004,4808846,90.22677,5329733
16678,hyandell,2,0.00004,4808848,90.22681,5329733
16679,hypery2k,2,0.00004,4808850,90.22685,5329733
16680,iain-buclaw-sociomantic,2,0.00004,4808852,90.22688,5329733
16681,ianberinger,2,0.00004,4808854,90.22692,5329733
16682,ianflorentino,2,0.00004,4808856,90.22696,5329733
16683,ibuziuk,2,0.00004,4808858,90.22700,5329733
16684,ichii386,2,0.00004,4808860,90.22703,5329733
16685,IgorKey,2,0.00004,4808862,90.22707,5329733
16686,iheitlager,2,0.00004,4808864,90.22711,5329733
16687,ilianaw,2,0.00004,4808866,90.22715,5329733
16688,imeredith,2,0.00004,4808868,90.22718,5329733
16689,InhongKim,2,0.00004,4808870,90.22722,5329733
16690,intellij-rainbow-brackets,2,0.00004,4808872,90.22726,5329733
16691,ironMann,2,0.00004,4808874,90.22730,5329733
16692,is2ei,2,0.00004,4808876,90.22733,5329733
16693,isaacbrodsky,2,0.00004,4808878,90.22737,5329733
16694,ishanarora,2,0.00004,4808880,90.22741,5329733
16695,itsuugo,2,0.00004,4808882,90.22745,5329733
16696,ivar-lazzaro,2,0.00004,4808884,90.22748,5329733
16697,izeau,2,0.00004,4808886,90.22752,5329733
16698,jaewooo-lee,2,0.00004,4808888,90.22756,5329733
16699,jaharkes,2,0.00004,4808890,90.22760,5329733
16700,jahe,2,0.00004,4808892,90.22763,5329733
16701,Jakob-Naucke,2,0.00004,4808894,90.22767,5329733
16702,jamesdphillips,2,0.00004,4808896,90.22771,5329733
16703,jan-g,2,0.00004,4808898,90.22775,5329733
16704,janschumann,2,0.00004,4808900,90.22778,5329733
16705,Janus88,2,0.00004,4808902,90.22782,5329733
16706,jart,2,0.00004,4808904,90.22786,5329733
16707,jasonjlock,2,0.00004,4808906,90.22790,5329733
16708,Javlopez,2,0.00004,4808908,90.22793,5329733
16709,jayed,2,0.00004,4808910,90.22797,5329733
16710,jaygurnani,2,0.00004,4808912,90.22801,5329733
16711,jbuberel,2,0.00004,4808914,90.22805,5329733
16712,jcerjak,2,0.00004,4808916,90.22808,5329733
16713,jckasper,2,0.00004,4808918,90.22812,5329733
16714,jcruz2us,2,0.00004,4808920,90.22816,5329733
16715,jc-sanchez,2,0.00004,4808922,90.22820,5329733
16716,JeffreyVdb,2,0.00004,4808924,90.22823,5329733
16717,jen20,2,0.00004,4808926,90.22827,5329733
16718,jennbriden,2,0.00004,4808928,90.22831,5329733
16719,jeroenlanckmans,2,0.00004,4808930,90.22835,5329733
16720,jesperfj,2,0.00004,4808932,90.22838,5329733
16721,JesusIslam,2,0.00004,4808934,90.22842,5329733
16722,jgonthier,2,0.00004,4808936,90.22846,5329733
16723,jhand2,2,0.00004,4808938,90.22850,5329733
16724,jhendrixMSFT,2,0.00004,4808940,90.22853,5329733
16725,jhsmith,2,0.00004,4808942,90.22857,5329733
16726,jialaijun,2,0.00004,4808944,90.22861,5329733
16727,jimlindeman,2,0.00004,4808946,90.22865,5329733
16728,jimmy-huang,2,0.00004,4808948,90.22869,5329733
16729,jiwq,2,0.00004,4808950,90.22872,5329733
16730,jjcarstens,2,0.00004,4808952,90.22876,5329733
16731,jjlin,2,0.00004,4808954,90.22880,5329733
16732,jkammerl,2,0.00004,4808956,90.22884,5329733
16733,jkbrock,2,0.00004,4808958,90.22887,5329733
16734,jkt628,2,0.00004,4808960,90.22891,5329733
16735,jlauritsen,2,0.00004,4808962,90.22895,5329733
16736,jlbutler,2,0.00004,4808964,90.22899,5329733
16737,jmelis,2,0.00004,4808966,90.22902,5329733
16738,joakim-tjernlund,2,0.00004,4808968,90.22906,5329733
16739,joannanosek,2,0.00004,4808970,90.22910,5329733
16740,joecritch,2,0.00004,4808972,90.22914,5329733
16741,joelgenter,2,0.00004,4808974,90.22917,5329733
16742,joescars,2,0.00004,4808976,90.22921,5329733
16743,joeshaw,2,0.00004,4808978,90.22925,5329733
16744,joeyimbasciano,2,0.00004,4808980,90.22929,5329733
16745,johnrees,2,0.00004,4808982,90.22932,5329733
16746,johnrengelman,2,0.00004,4808984,90.22936,5329733
16747,JohnShahawy,2,0.00004,4808986,90.22940,5329733
16748,jorrit,2,0.00004,4808988,90.22944,5329733
16749,josepot,2,0.00004,4808990,90.22947,5329733
16750,joshisa,2,0.00004,4808992,90.22951,5329733
16751,joshlemer,2,0.00004,4808994,90.22955,5329733
16752,jperrin,2,0.00004,4808996,90.22959,5329733
16753,jphuynh,2,0.00004,4808998,90.22962,5329733
16754,jreyeshdez,2,0.00004,4809000,90.22966,5329733
16755,JthenG9,2,0.00004,4809002,90.22970,5329733
16756,jthomas,2,0.00004,4809004,90.22974,5329733
16757,jthomperoo,2,0.00004,4809006,90.22977,5329733
16758,juimonen,2,0.00004,4809008,90.22981,5329733
16759,Juliens,2,0.00004,4809010,90.22985,5329733
16760,justinvp,2,0.00004,4809012,90.22989,5329733
16761,juxtin,2,0.00004,4809014,90.22992,5329733
16762,jwflory,2,0.00004,4809016,90.22996,5329733
16763,k1eran,2,0.00004,4809018,90.23000,5329733
16764,k3ypad,2,0.00004,4809020,90.23004,5329733
16765,kailan,2,0.00004,4809022,90.23007,5329733
16766,kanekoh,2,0.00004,4809024,90.23011,5329733
16767,kans,2,0.00004,4809026,90.23015,5329733
16768,karelz,2,0.00004,4809028,90.23019,5329733
16769,karstengr,2,0.00004,4809030,90.23022,5329733
16770,kavichu,2,0.00004,4809032,90.23026,5329733
16771,kavichu-pochy,2,0.00004,4809034,90.23030,5329733
16772,kazhang,2,0.00004,4809036,90.23034,5329733
16773,kbrownlees,2,0.00004,4809038,90.23037,5329733
16774,kdave,2,0.00004,4809040,90.23041,5329733
16775,kelvie,2,0.00004,4809042,90.23045,5329733
16776,kentarosasaki,2,0.00004,4809044,90.23049,5329733
16777,kettanaito,2,0.00004,4809046,90.23052,5329733
16778,kevinawoo,2,0.00004,4809048,90.23056,5329733
16779,kevinhillinger,2,0.00004,4809050,90.23060,5329733
16780,kevinll,2,0.00004,4809052,90.23064,5329733
16781,KevM,2,0.00004,4809054,90.23067,5329733
16782,kguthrie,2,0.00004,4809056,90.23071,5329733
16783,k-hal,2,0.00004,4809058,90.23075,5329733
16784,kirankumar-mahi,2,0.00004,4809060,90.23079,5329733
16785,kirk91,2,0.00004,4809062,90.23082,5329733
16786,kiseok7,2,0.00004,4809064,90.23086,5329733
16787,kitae41lee,2,0.00004,4809066,90.23090,5329733
16788,kizzx2,2,0.00004,4809068,90.23094,5329733
16789,klaucos,2,0.00004,4809070,90.23097,5329733
16790,klaus1982,2,0.00004,4809072,90.23101,5329733
16791,kmjohansen,2,0.00004,4809074,90.23105,5329733
16792,knkski,2,0.00004,4809076,90.23109,5329733
16793,kohend,2,0.00004,4809078,90.23112,5329733
16794,kokaz,2,0.00004,4809080,90.23116,5329733
16795,kondor6c,2,0.00004,4809082,90.23120,5329733
16796,kowshikRoy,2,0.00004,4809084,90.23124,5329733
16797,kpauwel,2,0.00004,4809086,90.23127,5329733
16798,kpavel,2,0.00004,4809088,90.23131,5329733
16799,kraai,2,0.00004,4809090,90.23135,5329733
16800,krasimirgv,2,0.00004,4809092,90.23139,5329733
16801,kuun,2,0.00004,4809094,90.23142,5329733
16802,Kwonho,2,0.00004,4809096,90.23146,5329733
16803,kYann,2,0.00004,4809098,90.23150,5329733
16804,kyledetella,2,0.00004,4809100,90.23154,5329733
16805,laurentleseigneur,2,0.00004,4809102,90.23157,5329733
16806,leeplay,2,0.00004,4809104,90.23161,5329733
16807,leighmcculloch,2,0.00004,4809106,90.23165,5329733
16808,Lekensteyn,2,0.00004,4809108,90.23169,5329733
16809,lenisha,2,0.00004,4809110,90.23172,5329733
16810,LeoCavaille,2,0.00004,4809112,90.23176,5329733
16811,lferreirad1,2,0.00004,4809114,90.23180,5329733
16812,liaoj82,2,0.00004,4809116,90.23184,5329733
16813,LillyWu,2,0.00004,4809118,90.23187,5329733
16814,lilyfang,2,0.00004,4809120,90.23191,5329733
16815,limitx-choi,2,0.00004,4809122,90.23195,5329733
16816,linusguan,2,0.00004,4809124,90.23199,5329733
16817,liubogithub,2,0.00004,4809126,90.23202,5329733
16818,liuchang0812,2,0.00004,4809128,90.23206,5329733
16819,liujunhui74,2,0.00004,4809130,90.23210,5329733
16820,lixin0111,2,0.00004,4809132,90.23214,5329733
16821,Lixxia,2,0.00004,4809134,90.23217,5329733
16822,ljakab,2,0.00004,4809136,90.23221,5329733
16823,lkorth,2,0.00004,4809138,90.23225,5329733
16824,lparth,2,0.00004,4809140,90.23229,5329733
16825,lrepolho,2,0.00004,4809142,90.23232,5329733
16826,ltiao,2,0.00004,4809144,90.23236,5329733
16827,LucasRoesler,2,0.00004,4809146,90.23240,5329733
16828,Luizm,2,0.00004,4809148,90.23244,5329733
16829,lukapeschke,2,0.00004,4809150,90.23248,5329733
16830,lukatendai,2,0.00004,4809152,90.23251,5329733
16831,lukejin-dev,2,0.00004,4809154,90.23255,5329733
16832,luke-orden,2,0.00004,4809156,90.23259,5329733
16833,lvarayut,2,0.00004,4809158,90.23263,5329733
16834,lvdh,2,0.00004,4809160,90.23266,5329733
16835,m30m,2,0.00004,4809162,90.23270,5329733
16836,maciej,2,0.00004,4809164,90.23274,5329733
16837,mackonstan,2,0.00004,4809166,90.23278,5329733
16838,maetthu,2,0.00004,4809168,90.23281,5329733
16839,malagoli,2,0.00004,4809170,90.23285,5329733
16840,maltejk,2,0.00004,4809172,90.23289,5329733
16841,maltron,2,0.00004,4809174,90.23293,5329733
16842,Mangirdaz,2,0.00004,4809176,90.23296,5329733
16843,manuelkasiske,2,0.00004,4809178,90.23300,5329733
16844,manuvaldi,2,0.00004,4809180,90.23304,5329733
16845,marcbrandner,2,0.00004,4809182,90.23308,5329733
16846,marctrem,2,0.00004,4809184,90.23311,5329733
16847,marekcbj,2,0.00004,4809186,90.23315,5329733
16848,marian-margeta,2,0.00004,4809188,90.23319,5329733
16849,markgibaud,2,0.00004,4809190,90.23323,5329733
16850,martinpeck,2,0.00004,4809192,90.23326,5329733
16851,MartinPham,2,0.00004,4809194,90.23330,5329733
16852,martojdk,2,0.00004,4809196,90.23334,5329733
16853,masonlr,2,0.00004,4809198,90.23338,5329733
16854,mats16,2,0.00004,4809200,90.23341,5329733
16855,maxamillion,2,0.00004,4809202,90.23345,5329733
16856,maznikoff,2,0.00004,4809204,90.23349,5329733
16857,mbessolov,2,0.00004,4809206,90.23353,5329733
16858,mcdargh,2,0.00004,4809208,90.23356,5329733
16859,mcgG,2,0.00004,4809210,90.23360,5329733
16860,mcgreevy,2,0.00004,4809212,90.23364,5329733
16861,mconnew,2,0.00004,4809214,90.23368,5329733
16862,mcserbak,2,0.00004,4809216,90.23371,5329733
16863,mdelder,2,0.00004,4809218,90.23375,5329733
16864,mdempsky,2,0.00004,4809220,90.23379,5329733
16865,mdub,2,0.00004,4809222,90.23383,5329733
16866,meledin,2,0.00004,4809224,90.23386,5329733
16867,methodmissing,2,0.00004,4809226,90.23390,5329733
16868,mgedmin,2,0.00004,4809228,90.23394,5329733
16869,mgseelan,2,0.00004,4809230,90.23398,5329733
16870,mguillem,2,0.00004,4809232,90.23401,5329733
16871,mhenke1,2,0.00004,4809234,90.23405,5329733
16872,MichaelChirico,2,0.00004,4809236,90.23409,5329733
16873,MichalStrehovsky,2,0.00004,4809238,90.23413,5329733
16874,miiiyoung,2,0.00004,4809240,90.23416,5329733
16875,mikewiacek,2,0.00004,4809242,90.23420,5329733
16876,mikich,2,0.00004,4809244,90.23424,5329733
16877,miksen,2,0.00004,4809246,90.23428,5329733
16878,mikudeko,2,0.00004,4809248,90.23431,5329733
16879,mikz,2,0.00004,4809250,90.23435,5329733
16880,milosgajdos83,2,0.00004,4809252,90.23439,5329733
16881,minoritea,2,0.00004,4809254,90.23443,5329733
16882,miyagawa,2,0.00004,4809256,90.23446,5329733
16883,mjamaloney,2,0.00004,4809258,90.23450,5329733
16884,mjp41,2,0.00004,4809260,90.23454,5329733
16885,mkramb,2,0.00004,4809262,90.23458,5329733
16886,mmkkff,2,0.00004,4809264,90.23461,5329733
16887,mmoqui,2,0.00004,4809266,90.23465,5329733
16888,mocyuto,2,0.00004,4809268,90.23469,5329733
16889,moredhel,2,0.00004,4809270,90.23473,5329733
16890,Moshe-Immerman,2,0.00004,4809272,90.23476,5329733
16891,mpolden,2,0.00004,4809274,90.23480,5329733
16892,mrkurt,2,0.00004,4809276,90.23484,5329733
16893,mrutkows,2,0.00004,4809278,90.23488,5329733
16894,msabramo,2,0.00004,4809280,90.23491,5329733
16895,msmith,2,0.00004,4809282,90.23495,5329733
16896,msuozzo,2,0.00004,4809284,90.23499,5329733
16897,muenchow,2,0.00004,4809286,90.23503,5329733
16898,muhahacz,2,0.00004,4809288,90.23506,5329733
16899,mukundha,2,0.00004,4809290,90.23510,5329733
16900,multikatt,2,0.00004,4809292,90.23514,5329733
16901,muteor,2,0.00004,4809294,90.23518,5329733
16902,mvknowles,2,0.00004,4809296,90.23521,5329733
16903,mxschmitt,2,0.00004,4809298,90.23525,5329733
16904,mycryptonite,2,0.00004,4809300,90.23529,5329733
16905,my-dev,2,0.00004,4809302,90.23533,5329733
16906,mysterytony,2,0.00004,4809304,90.23536,5329733
16907,naelyn,2,0.00004,4809306,90.23540,5329733
16908,nagakonduri,2,0.00004,4809308,90.23544,5329733
16909,naphaso,2,0.00004,4809310,90.23548,5329733
16910,Nasdin,2,0.00004,4809312,90.23551,5329733
16911,ncresswell,2,0.00004,4809314,90.23555,5329733
16912,neha-ojha,2,0.00004,4809316,90.23559,5329733
16913,NeilHanlon,2,0.00004,4809318,90.23563,5329733
16914,neosab,2,0.00004,4809320,90.23566,5329733
16915,nerd0,2,0.00004,4809322,90.23570,5329733
16916,newswangerd,2,0.00004,4809324,90.23574,5329733
16917,nghuyong,2,0.00004,4809326,90.23578,5329733
16918,ngorskig,2,0.00004,4809328,90.23581,5329733
16919,nhall97,2,0.00004,4809330,90.23585,5329733
16920,nheinemans,2,0.00004,4809332,90.23589,5329733
16921,nickysemenza,2,0.00004,4809334,90.23593,5329733
16922,nikicat,2,0.00004,4809336,90.23596,5329733
16923,niklaskorz,2,0.00004,4809338,90.23600,5329733
16924,Ninir,2,0.00004,4809340,90.23604,5329733
16925,nlopes,2,0.00004,4809342,90.23608,5329733
16926,nmars,2,0.00004,4809344,90.23612,5329733
16927,nnorwitz,2,0.00004,4809346,90.23615,5329733
16928,noahgoldman,2,0.00004,4809348,90.23619,5329733
16929,noscripter,2,0.00004,4809350,90.23623,5329733
16930,notrab,2,0.00004,4809352,90.23627,5329733
16931,notsu,2,0.00004,4809354,90.23630,5329733
16932,nsuke,2,0.00004,4809356,90.23634,5329733
16933,nullin,2,0.00004,4809358,90.23638,5329733
16934,nulltrope,2,0.00004,4809360,90.23642,5329733
16935,Nyholm,2,0.00004,4809362,90.23645,5329733
16936,oaktowner,2,0.00004,4809364,90.23649,5329733
16937,ocisly,2,0.00004,4809366,90.23653,5329733
16938,ofaaland,2,0.00004,4809368,90.23657,5329733
16939,ohadmuch,2,0.00004,4809370,90.23660,5329733
16940,OliverNocon,2,0.00004,4809372,90.23664,5329733
16941,orangain,2,0.00004,4809374,90.23668,5329733
16942,oraNod,2,0.00004,4809376,90.23672,5329733
16943,orrc,2,0.00004,4809378,90.23675,5329733
16944,otherpirate,2,0.00004,4809380,90.23679,5329733
16945,ozancaglayan,2,0.00004,4809382,90.23683,5329733
16946,paladium,2,0.00004,4809384,90.23687,5329733
16947,palmerj3,2,0.00004,4809386,90.23690,5329733
16948,panichella,2,0.00004,4809388,90.23694,5329733
16949,paperstreet,2,0.00004,4809390,90.23698,5329733
16950,paramite,2,0.00004,4809392,90.23702,5329733
16951,paramr,2,0.00004,4809394,90.23705,5329733
16952,PassionForPie,2,0.00004,4809396,90.23709,5329733
16953,patform9,2,0.00004,4809398,90.23713,5329733
16954,PatrickJS,2,0.00004,4809400,90.23717,5329733
16955,paul-frybarger,2,0.00004,4809402,90.23720,5329733
16956,paulmey,2,0.00004,4809404,90.23724,5329733
16957,PaulRitzkat,2,0.00004,4809406,90.23728,5329733
16958,pdilyard,2,0.00004,4809408,90.23732,5329733
16959,pdufault,2,0.00004,4809410,90.23735,5329733
16960,pearkes,2,0.00004,4809412,90.23739,5329733
16961,pescerosso,2,0.00004,4809414,90.23743,5329733
16962,peterducai,2,0.00004,4809416,90.23747,5329733
16963,peterjakobs,2,0.00004,4809418,90.23750,5329733
16964,PeterMartini,2,0.00004,4809420,90.23754,5329733
16965,pfcurtis,2,0.00004,4809422,90.23758,5329733
16966,pgrm,2,0.00004,4809424,90.23762,5329733
16967,piastry,2,0.00004,4809426,90.23765,5329733
16968,piclemx,2,0.00004,4809428,90.23769,5329733
16969,pierorex,2,0.00004,4809430,90.23773,5329733
16970,pierredup,2,0.00004,4809432,90.23777,5329733
16971,pitlv2109,2,0.00004,4809434,90.23780,5329733
16972,pjarominsap,2,0.00004,4809436,90.23784,5329733
16973,pjeziorowski,2,0.00004,4809438,90.23788,5329733
16974,pjhamala,2,0.00004,4809440,90.23792,5329733
16975,plainchanter,2,0.00004,4809442,90.23795,5329733
16976,plutov,2,0.00004,4809444,90.23799,5329733
16977,pmikus,2,0.00004,4809446,90.23803,5329733
16978,pmoust,2,0.00004,4809448,90.23807,5329733
16979,pmuetschard,2,0.00004,4809450,90.23810,5329733
16980,polefishu,2,0.00004,4809452,90.23814,5329733
16981,posriniv,2,0.00004,4809454,90.23818,5329733
16982,ppwfx,2,0.00004,4809456,90.23822,5329733
16983,Pquincyl,2,0.00004,4809458,90.23825,5329733
16984,pradeepkumarbk,2,0.00004,4809460,90.23829,5329733
16985,prashantv,2,0.00004,4809462,90.23833,5329733
16986,praveenchandran,2,0.00004,4809464,90.23837,5329733
16987,premist,2,0.00004,4809466,90.23840,5329733
16988,Primigenus,2,0.00004,4809468,90.23844,5329733
16989,ptbrowne,2,0.00004,4809470,90.23848,5329733
16990,pyKun,2,0.00004,4809472,90.23852,5329733
16991,pyle,2,0.00004,4809474,90.23855,5329733
16992,pzghost,2,0.00004,4809476,90.23859,5329733
16993,qar,2,0.00004,4809478,90.23863,5329733
16994,qingbo,2,0.00004,4809480,90.23867,5329733
16995,QiuMike,2,0.00004,4809482,90.23870,5329733
16996,r7vme,2,0.00004,4809484,90.23874,5329733
16997,radamanthus,2,0.00004,4809486,90.23878,5329733
16998,ragnard,2,0.00004,4809488,90.23882,5329733
16999,rahulakash,2,0.00004,4809490,90.23885,5329733
17000,rajivnathan,2,0.00004,4809492,90.23889,5329733
17001,Rakanixu,2,0.00004,4809494,90.23893,5329733
17002,randing89,2,0.00004,4809496,90.23897,5329733
17003,rarguelloF,2,0.00004,4809498,90.23900,5329733
17004,ras0219-msft,2,0.00004,4809500,90.23904,5329733
17005,rasquill,2,0.00004,4809502,90.23908,5329733
17006,ravishankarsrrav,2,0.00004,4809504,90.23912,5329733
17007,raykao,2,0.00004,4809506,90.23915,5329733
17008,rbsilva,2,0.00004,4809508,90.23919,5329733
17009,rcoder23,2,0.00004,4809510,90.23923,5329733
17010,rdaniels6813,2,0.00004,4809512,90.23927,5329733
17011,reagul,2,0.00004,4809514,90.23930,5329733
17012,remingtonc,2,0.00004,4809516,90.23934,5329733
17013,RemiSahl,2,0.00004,4809518,90.23938,5329733
17014,resker,2,0.00004,4809520,90.23942,5329733
17015,retgits,2,0.00004,4809522,90.23945,5329733
17016,rgee0,2,0.00004,4809524,90.23949,5329733
17017,ribeiromiranda,2,0.00004,4809526,90.23953,5329733
17018,ricadelic,2,0.00004,4809528,90.23957,5329733
17019,riverron,2,0.00004,4809530,90.23960,5329733
17020,rjamet,2,0.00004,4809532,90.23964,5329733
17021,rjfd,2,0.00004,4809534,90.23968,5329733
17022,rm-you,2,0.00004,4809536,90.23972,5329733
17023,robbat2,2,0.00004,4809538,90.23975,5329733
17024,RobertKozak,2,0.00004,4809540,90.23979,5329733
17025,RobertNorthard,2,0.00004,4809542,90.23983,5329733
17026,RobinUS2,2,0.00004,4809544,90.23987,5329733
17027,roblalonde,2,0.00004,4809546,90.23991,5329733
17028,robo-corg,2,0.00004,4809548,90.23994,5329733
17029,robotmaxtron,2,0.00004,4809550,90.23998,5329733
17030,robphoenix,2,0.00004,4809552,90.24002,5329733
17031,robpike,2,0.00004,4809554,90.24006,5329733
17032,robyoung,2,0.00004,4809556,90.24009,5329733
17033,robzienert,2,0.00004,4809558,90.24013,5329733
17034,rohansahai,2,0.00004,4809560,90.24017,5329733
17035,roncrivera,2,0.00004,4809562,90.24021,5329733
17036,ronshapiro,2,0.00004,4809564,90.24024,5329733
17037,ross-mcdermott,2,0.00004,4809566,90.24028,5329733
17038,ross-p-smith,2,0.00004,4809568,90.24032,5329733
17039,roxiomontes,2,0.00004,4809570,90.24036,5329733
17040,rubbish,2,0.00004,4809572,90.24039,5329733
17041,ruhe,2,0.00004,4809574,90.24043,5329733
17042,ruivieira,2,0.00004,4809576,90.24047,5329733
17043,ryanfernandes09,2,0.00004,4809578,90.24051,5329733
17044,ryankennedy,2,0.00004,4809580,90.24054,5329733
17045,ryansb,2,0.00004,4809582,90.24058,5329733
17046,ryshi,2,0.00004,4809584,90.24062,5329733
17047,s0rc3r3r01,2,0.00004,4809586,90.24066,5329733
17048,SafPlusPlus,2,0.00004,4809588,90.24069,5329733
17049,samiam,2,0.00004,4809590,90.24073,5329733
17050,samjo-nyang,2,0.00004,4809592,90.24077,5329733
17051,samkeet,2,0.00004,4809594,90.24081,5329733
17052,sammcveety,2,0.00004,4809596,90.24084,5329733
17053,samnissen,2,0.00004,4809598,90.24088,5329733
17054,sangeethah,2,0.00004,4809600,90.24092,5329733
17055,savulchik,2,0.00004,4809602,90.24096,5329733
17056,sborman,2,0.00004,4809604,90.24099,5329733
17057,sbwsg,2,0.00004,4809606,90.24103,5329733
17058,schmaldaniel,2,0.00004,4809608,90.24107,5329733
17059,schmidtd,2,0.00004,4809610,90.24111,5329733
17060,schulzh,2,0.00004,4809612,90.24114,5329733
17061,Scott84,2,0.00004,4809614,90.24118,5329733
17062,scotws,2,0.00004,4809616,90.24122,5329733
17063,sebs42,2,0.00004,4809618,90.24126,5329733
17064,SeerUK,2,0.00004,4809620,90.24129,5329733
17065,sergejjevsejev-home24,2,0.00004,4809622,90.24133,5329733
17066,Seyun,2,0.00004,4809624,90.24137,5329733
17067,shalk,2,0.00004,4809626,90.24141,5329733
17068,Shamanoid,2,0.00004,4809628,90.24144,5329733
17069,sharma-rohit,2,0.00004,4809630,90.24148,5329733
17070,shawnpreissner,2,0.00004,4809632,90.24152,5329733
17071,shentaosky,2,0.00004,4809634,90.24156,5329733
17072,shigemk2,2,0.00004,4809636,90.24159,5329733
17073,shikhi7,2,0.00004,4809638,90.24163,5329733
17074,shkhisti,2,0.00004,4809640,90.24167,5329733
17075,shubham399,2,0.00004,4809642,90.24171,5329733
17076,shu-frank-csdn,2,0.00004,4809644,90.24174,5329733
17077,sigilite,2,0.00004,4809646,90.24178,5329733
17078,signed8bit,2,0.00004,4809648,90.24182,5329733
17079,sikevux,2,0.00004,4809650,90.24186,5329733
17080,SilvaXiang,2,0.00004,4809652,90.24189,5329733
17081,simonwa7,2,0.00004,4809654,90.24193,5329733
17082,simransinghal,2,0.00004,4809656,90.24197,5329733
17083,sjanota,2,0.00004,4809658,90.24201,5329733
17084,skylt,2,0.00004,4809660,90.24204,5329733
17085,sl1pm4t,2,0.00004,4809662,90.24208,5329733
17086,slaperche-scality,2,0.00004,4809664,90.24212,5329733
17087,slickplaid,2,0.00004,4809666,90.24216,5329733
17088,smileboywtu,2,0.00004,4809668,90.24219,5329733
17089,snaiksat,2,0.00004,4809670,90.24223,5329733
17090,SNakano,2,0.00004,4809672,90.24227,5329733
17091,snnn,2,0.00004,4809674,90.24231,5329733
17092,snobu,2,0.00004,4809676,90.24234,5329733
17093,snocorp,2,0.00004,4809678,90.24238,5329733
17094,sohaibmaroof,2,0.00004,4809680,90.24242,5329733
17095,soon,2,0.00004,4809682,90.24246,5329733
17096,soundTricker,2,0.00004,4809684,90.24249,5329733
17097,souzabrunoftw,2,0.00004,4809686,90.24253,5329733
17098,spacecowboy,2,0.00004,4809688,90.24257,5329733
17099,SpandanKumarSahu,2,0.00004,4809690,90.24261,5329733
17100,spicyj,2,0.00004,4809692,90.24264,5329733
17101,spion,2,0.00004,4809694,90.24268,5329733
17102,Splaktar,2,0.00004,4809696,90.24272,5329733
17103,sp-ronny-lopez,2,0.00004,4809698,90.24276,5329733
17104,srabraham,2,0.00004,4809700,90.24279,5329733
17105,srivathsanvc,2,0.00004,4809702,90.24283,5329733
17106,srl295,2,0.00004,4809704,90.24287,5329733
17107,StefanEnberg,2,0.00004,4809706,90.24291,5329733
17108,stephenkinder,2,0.00004,4809708,90.24294,5329733
17109,stkevintan,2,0.00004,4809710,90.24298,5329733
17110,stonexer,2,0.00004,4809712,90.24302,5329733
17111,stuartwdouglas,2,0.00004,4809714,90.24306,5329733
17112,SudharakaP,2,0.00004,4809716,90.24309,5329733
17113,suhlig,2,0.00004,4809718,90.24313,5329733
17114,suhothayan,2,0.00004,4809720,90.24317,5329733
17115,suryaval,2,0.00004,4809722,90.24321,5329733
17116,svekars,2,0.00004,4809724,90.24324,5329733
17117,svelleweetakealot,2,0.00004,4809726,90.24328,5329733
17118,sww,2,0.00004,4809728,90.24332,5329733
17119,szdr,2,0.00004,4809730,90.24336,5329733
17120,takada-s,2,0.00004,4809732,90.24339,5329733
17121,takeshi-yoshimura,2,0.00004,4809734,90.24343,5329733
17122,TalyaF,2,0.00004,4809736,90.24347,5329733
17123,TamikoT,2,0.00004,4809738,90.24351,5329733
17124,tangxiaodon89,2,0.00004,4809740,90.24355,5329733
17125,tannerpaige,2,0.00004,4809742,90.24358,5329733
17126,tauren,2,0.00004,4809744,90.24362,5329733
17127,tclavier,2,0.00004,4809746,90.24366,5329733
17128,tcyrus,2,0.00004,4809748,90.24370,5329733
17129,tdtds,2,0.00004,4809750,90.24373,5329733
17130,TedGreen,2,0.00004,4809752,90.24377,5329733
17131,telepenin,2,0.00004,4809754,90.24381,5329733
17132,terrajobst,2,0.00004,4809756,90.24385,5329733
17133,thadc23,2,0.00004,4809758,90.24388,5329733
17134,thatarchguy,2,0.00004,4809760,90.24392,5329733
17135,TheDude05,2,0.00004,4809762,90.24396,5329733
17136,theo01,2,0.00004,4809764,90.24400,5329733
17137,timani,2,0.00004,4809766,90.24403,5329733
17138,timcrall,2,0.00004,4809768,90.24407,5329733
17139,timpalpant,2,0.00004,4809770,90.24411,5329733
17140,timwheelercom,2,0.00004,4809772,90.24415,5329733
17141,tirthpandya,2,0.00004,4809774,90.24418,5329733
17142,tkgreg,2,0.00004,4809776,90.24422,5329733
17143,tkonduri,2,0.00004,4809778,90.24426,5329733
17144,tkopczynski,2,0.00004,4809780,90.24430,5329733
17145,toddpoynor,2,0.00004,4809782,90.24433,5329733
17146,toddysm,2,0.00004,4809784,90.24437,5329733
17147,tomaszwostal,2,0.00004,4809786,90.24441,5329733
17148,tomwei7,2,0.00004,4809788,90.24445,5329733
17149,TopGunBasten,2,0.00004,4809790,90.24448,5329733
17150,Toxicable,2,0.00004,4809792,90.24452,5329733
17151,tpetazzoni,2,0.00004,4809794,90.24456,5329733
17152,tpouyer,2,0.00004,4809796,90.24460,5329733
17153,tpryan,2,0.00004,4809798,90.24463,5329733
17154,treeder,2,0.00004,4809800,90.24467,5329733
17155,trentonsmith-wf,2,0.00004,4809802,90.24471,5329733
17156,TRManderson,2,0.00004,4809804,90.24475,5329733
17157,tsingakbar,2,0.00004,4809806,90.24478,5329733
17158,tsingloon,2,0.00004,4809808,90.24482,5329733
17159,tul,2,0.00004,4809810,90.24486,5329733
17160,tuxoko,2,0.00004,4809812,90.24490,5329733
17161,twose,2,0.00004,4809814,90.24493,5329733
17162,txase,2,0.00004,4809816,90.24497,5329733
17163,tyagi-prashant,2,0.00004,4809818,90.24501,5329733
17164,tylerphelan,2,0.00004,4809820,90.24505,5329733
17165,udhos,2,0.00004,4809822,90.24508,5329733
17166,umeshahuawei,2,0.00004,4809824,90.24512,5329733
17167,unisisdev,2,0.00004,4809826,90.24516,5329733
17168,uvgroovy,2,0.00004,4809828,90.24520,5329733
17169,vaimo-magnus,2,0.00004,4809830,90.24523,5329733
17170,vannrt,2,0.00004,4809832,90.24527,5329733
17171,vcabbage,2,0.00004,4809834,90.24531,5329733
17172,Vibzy19,2,0.00004,4809836,90.24535,5329733
17173,vintikzzz,2,0.00004,4809838,90.24538,5329733
17174,vishal-yadav,2,0.00004,4809840,90.24542,5329733
17175,vladimirtiukhtin,2,0.00004,4809842,90.24546,5329733
17176,vlajos,2,0.00004,4809844,90.24550,5329733
17177,VMmore,2,0.00004,4809846,90.24553,5329733
17178,vmogilev,2,0.00004,4809848,90.24557,5329733
17179,vsundupey,2,0.00004,4809850,90.24561,5329733
17180,vszakats,2,0.00004,4809852,90.24565,5329733
17181,vukor,2,0.00004,4809854,90.24568,5329733
17182,waffle-iron,2,0.00004,4809856,90.24572,5329733
17183,wangxunbo,2,0.00004,4809858,90.24576,5329733
17184,wathiede,2,0.00004,4809860,90.24580,5329733
17185,weirdwater,2,0.00004,4809862,90.24583,5329733
17186,WesleySugarFree,2,0.00004,4809864,90.24587,5329733
17187,wesmcouch,2,0.00004,4809866,90.24591,5329733
17188,westphahl,2,0.00004,4809868,90.24595,5329733
17189,whachoe,2,0.00004,4809870,90.24598,5329733
17190,WillBeebe,2,0.00004,4809872,90.24602,5329733
17191,wisererik,2,0.00004,4809874,90.24606,5329733
17192,witoff,2,0.00004,4809876,90.24610,5329733
17193,wj24021040,2,0.00004,4809878,90.24613,5329733
17194,woloski,2,0.00004,4809880,90.24617,5329733
17195,wshihadeh,2,0.00004,4809882,90.24621,5329733
17196,wtmthethird,2,0.00004,4809884,90.24625,5329733
17197,wulczer,2,0.00004,4809886,90.24628,5329733
17198,wybrono,2,0.00004,4809888,90.24632,5329733
17199,wz185,2,0.00004,4809890,90.24636,5329733
17200,x1ddos,2,0.00004,4809892,90.24640,5329733
17201,xemul,2,0.00004,4809894,90.24643,5329733
17202,xiaoxichen,2,0.00004,4809896,90.24647,5329733
17203,xiexingguo,2,0.00004,4809898,90.24651,5329733
17204,xinglin,2,0.00004,4809900,90.24655,5329733
17205,xingyunhui,2,0.00004,4809902,90.24658,5329733
17206,xoebus,2,0.00004,4809904,90.24662,5329733
17207,yanana,2,0.00004,4809906,90.24666,5329733
17208,yanyixing,2,0.00004,4809908,90.24670,5329733
17209,yapkke,2,0.00004,4809910,90.24673,5329733
17210,yashvardhannanavati,2,0.00004,4809912,90.24677,5329733
17211,ykorn012,2,0.00004,4809914,90.24681,5329733
17212,ylogx,2,0.00004,4809916,90.24685,5329733
17213,ymizushi,2,0.00004,4809918,90.24688,5329733
17214,yncxcw,2,0.00004,4809920,90.24692,5329733
17215,ynshenoy,2,0.00004,4809922,90.24696,5329733
17216,yosida95,2,0.00004,4809924,90.24700,5329733
17217,ypid,2,0.00004,4809926,90.24703,5329733
17218,yt3liu,2,0.00004,4809928,90.24707,5329733
17219,yuandaocloud,2,0.00004,4809930,90.24711,5329733
17220,Yuan-Junliang,2,0.00004,4809932,90.24715,5329733
17221,yuchunyu97,2,0.00004,4809934,90.24718,5329733
17222,yunyu950908,2,0.00004,4809936,90.24722,5329733
17223,z10127852,2,0.00004,4809938,90.24726,5329733
17224,zg,2,0.00004,4809940,90.24730,5329733
17225,zhangbaitong,2,0.00004,4809942,90.24734,5329733
17226,ZhiminXiang,2,0.00004,4809944,90.24737,5329733
17227,zhwill,2,0.00004,4809946,90.24741,5329733
17228,zipper97412,2,0.00004,4809948,90.24745,5329733
17229,zizhuo-yan,2,0.00004,4809950,90.24749,5329733
17230,zmc,2,0.00004,4809952,90.24752,5329733
17231,ZMI-JayGorrell,2,0.00004,4809954,90.24756,5329733
17232,znlstar,2,0.00004,4809956,90.24760,5329733
17233,Zooheck,2,0.00004,4809958,90.24764,5329733
17234,0snug0,1,0.00002,4809959,90.24765,5329733
17235,0xANDREW,1,0.00002,4809960,90.24767,5329733
17236,0xDEC0DE8,1,0.00002,4809961,90.24769,5329733
17237,112101160,1,0.00002,4809962,90.24771,5329733
17238,3ks,1,0.00002,4809963,90.24773,5329733
17239,45cali,1,0.00002,4809964,90.24775,5329733
17240,99,1,0.00002,4809965,90.24777,5329733
17241,aabouzaid,1,0.00002,4809966,90.24779,5329733
17242,AAbouZaid,1,0.00002,4809967,90.24780,5329733
17243,AaronJan,1,0.00002,4809968,90.24782,5329733
17244,abatilo-isp,1,0.00002,4809969,90.24784,5329733
17245,abcfy2,1,0.00002,4809970,90.24786,5329733
17246,abcsnowwolf,1,0.00002,4809971,90.24788,5329733
17247,abedwardsw,1,0.00002,4809972,90.24790,5329733
17248,abergmann,1,0.00002,4809973,90.24792,5329733
17249,abhimanyunagrath,1,0.00002,4809974,90.24794,5329733
17250,abhishekkumarsingh1,1,0.00002,4809975,90.24795,5329733
17251,ablock84,1,0.00002,4809976,90.24797,5329733
17252,aboe026,1,0.00002,4809977,90.24799,5329733
17253,aclamk,1,0.00002,4809978,90.24801,5329733
17254,adamdang,1,0.00002,4809979,90.24803,5329733
17255,adamemerson,1,0.00002,4809980,90.24805,5329733
17256,AdamNowaczyk,1,0.00002,4809981,90.24807,5329733
17257,adamples,1,0.00002,4809982,90.24809,5329733
17258,adelcast,1,0.00002,4809983,90.24810,5329733
17259,aditr,1,0.00002,4809984,90.24812,5329733
17260,adobley,1,0.00002,4809985,90.24814,5329733
17261,aerofoil-kite,1,0.00002,4809986,90.24816,5329733
17262,aertoria,1,0.00002,4809987,90.24818,5329733
17263,agershman,1,0.00002,4809988,90.24820,5329733
17264,aglover,1,0.00002,4809989,90.24822,5329733
17265,agoulti,1,0.00002,4809990,90.24824,5329733
17266,agowdamsft,1,0.00002,4809991,90.24825,5329733
17267,ahmed-menshawy,1,0.00002,4809992,90.24827,5329733
17268,ahrens,1,0.00002,4809993,90.24829,5329733
17269,ahsonkhan,1,0.00002,4809994,90.24831,5329733
17270,aiyarankith,1,0.00002,4809995,90.24833,5329733
17271,ajacquemot,1,0.00002,4809996,90.24835,5329733
17272,ajose01,1,0.00002,4809997,90.24837,5329733
17273,ajvb,1,0.00002,4809998,90.24839,5329733
17274,Akado2009,1,0.00002,4809999,90.24840,5329733
17275,akanarsky,1,0.00002,4810000,90.24842,5329733
17276,akashche,1,0.00002,4810001,90.24844,5329733
17277,akomic,1,0.00002,4810002,90.24846,5329733
17278,akshayadatta,1,0.00002,4810003,90.24848,5329733
17279,alancapc,1,0.00002,4810004,90.24850,5329733
17280,AlanGreene,1,0.00002,4810005,90.24852,5329733
17281,alecharp,1,0.00002,4810006,90.24854,5329733
17282,aleesham,1,0.00002,4810007,90.24855,5329733
17283,AlejandroEsquivel,1,0.00002,4810008,90.24857,5329733
17284,alekdu,1,0.00002,4810009,90.24859,5329733
17285,alek-p,1,0.00002,4810010,90.24861,5329733
17286,aleksmaus,1,0.00002,4810011,90.24863,5329733
17287,aletc1,1,0.00002,4810012,90.24865,5329733
17288,alexanderzimmer,1,0.00002,4810013,90.24867,5329733
17289,AlexGaspar,1,0.00002,4810014,90.24869,5329733
17290,alex-guenther,1,0.00002,4810015,90.24870,5329733
17291,alexishuxley,1,0.00002,4810016,90.24872,5329733
17292,alfanse,1,0.00002,4810017,90.24874,5329733
17293,alimobrem,1,0.00002,4810018,90.24876,5329733
17294,alin-sinpalean,1,0.00002,4810019,90.24878,5329733
17295,allcentury,1,0.00002,4810020,90.24880,5329733
17296,allex32,1,0.00002,4810021,90.24882,5329733
17297,al-maisan,1,0.00002,4810022,90.24884,5329733
17298,alock,1,0.00002,4810023,90.24885,5329733
17299,aluzzardi,1,0.00002,4810024,90.24887,5329733
17300,alvinyeats,1,0.00002,4810025,90.24889,5329733
17301,Alwinius,1,0.00002,4810026,90.24891,5329733
17302,ameetkonnur,1,0.00002,4810027,90.24893,5329733
17303,amilajack,1,0.00002,4810028,90.24895,5329733
17304,amolenaar,1,0.00002,4810029,90.24897,5329733
17305,amrnt,1,0.00002,4810030,90.24899,5329733
17306,amsaha,1,0.00002,4810031,90.24900,5329733
17307,amuniz,1,0.00002,4810032,90.24902,5329733
17308,ananthu1834,1,0.00002,4810033,90.24904,5329733
17309,anatol,1,0.00002,4810034,90.24906,5329733
17310,andreioss,1,0.00002,4810035,90.24908,5329733
17311,andrei-pavel,1,0.00002,4810036,90.24910,5329733
17312,andres-de-castro,1,0.00002,4810037,90.24912,5329733
17313,andrewazores,1,0.00002,4810038,90.24914,5329733
17314,andreweskeclarke,1,0.00002,4810039,90.24916,5329733
17315,andrewgeller,1,0.00002,4810040,90.24917,5329733
17316,andrewkavalry,1,0.00002,4810041,90.24919,5329733
17317,andrewschoen,1,0.00002,4810042,90.24921,5329733
17318,AndyLCorp,1,0.00002,4810043,90.24923,5329733
17319,ankitanallana,1,0.00002,4810044,90.24925,5329733
17320,ankitnanglia,1,0.00002,4810045,90.24927,5329733
17321,ankitsinhaiitg,1,0.00002,4810046,90.24929,5329733
17322,AnneTheAgile,1,0.00002,4810047,90.24931,5329733
17323,antonkhabaiev,1,0.00002,4810048,90.24932,5329733
17324,antonmedv,1,0.00002,4810049,90.24934,5329733
17325,anujw,1,0.00002,4810050,90.24936,5329733
17326,Aoana,1,0.00002,4810051,90.24938,5329733
17327,apevec,1,0.00002,4810052,90.24940,5329733
17328,apuigsech,1,0.00002,4810053,90.24942,5329733
17329,arewm,1,0.00002,4810054,90.24944,5329733
17330,arnisoph,1,0.00002,4810055,90.24946,5329733
17331,arthurdarcet,1,0.00002,4810056,90.24947,5329733
17332,arthurtsang,1,0.00002,4810057,90.24949,5329733
17333,ashishagg,1,0.00002,4810058,90.24951,5329733
17334,asm0dey,1,0.00002,4810059,90.24953,5329733
17335,astromechza,1,0.00002,4810060,90.24955,5329733
17336,ASzc,1,0.00002,4810061,90.24957,5329733
17337,athanatos,1,0.00002,4810062,90.24959,5329733
17338,Atrax1,1,0.00002,4810063,90.24961,5329733
17339,avnerbh,1,0.00002,4810064,90.24962,5329733
17340,avrahams,1,0.00002,4810065,90.24964,5329733
17341,aweimeow,1,0.00002,4810066,90.24966,5329733
17342,baba2k,1,0.00002,4810067,90.24968,5329733
17343,baconz,1,0.00002,4810068,90.24970,5329733
17344,bartdesmet,1,0.00002,4810069,90.24972,5329733
17345,bartvankleef,1,0.00002,4810070,90.24974,5329733
17346,basilisk487,1,0.00002,4810071,90.24976,5329733
17347,bassrock,1,0.00002,4810072,90.24977,5329733
17348,BastienM,1,0.00002,4810073,90.24979,5329733
17349,batmat,1,0.00002,4810074,90.24981,5329733
17350,baymaxhuang,1,0.00002,4810075,90.24983,5329733
17351,BBK-PiJ-2015-11,1,0.00002,4810076,90.24985,5329733
17352,bchrobot,1,0.00002,4810077,90.24987,5329733
17353,bcraun,1,0.00002,4810078,90.24989,5329733
17354,bearproof,1,0.00002,4810079,90.24991,5329733
17355,beeman,1,0.00002,4810080,90.24992,5329733
17356,bekircanagaoglu,1,0.00002,4810081,90.24994,5329733
17357,bemyak,1,0.00002,4810082,90.24996,5329733
17358,bencurrerburgess,1,0.00002,4810083,90.24998,5329733
17359,benoit-a,1,0.00002,4810084,90.25000,5329733
17360,benvitale,1,0.00002,4810085,90.25002,5329733
17361,bernardosulzbach,1,0.00002,4810086,90.25004,5329733
17362,bflance,1,0.00002,4810087,90.25006,5329733
17363,bguiz,1,0.00002,4810088,90.25007,5329733
17364,BillyD73,1,0.00002,4810089,90.25009,5329733
17365,billykern,1,0.00002,4810090,90.25011,5329733
17366,binarylogic,1,0.00002,4810091,90.25013,5329733
17367,bingoHuang,1,0.00002,4810092,90.25015,5329733
17368,birdchan,1,0.00002,4810093,90.25017,5329733
17369,bjpritch,1,0.00002,4810094,90.25019,5329733
17370,blackknight36,1,0.00002,4810095,90.25021,5329733
17371,blackskad,1,0.00002,4810096,90.25022,5329733
17372,blp,1,0.00002,4810097,90.25024,5329733
17373,Bonn93,1,0.00002,4810098,90.25026,5329733
17374,booyaa,1,0.00002,4810099,90.25028,5329733
17375,boris-42,1,0.00002,4810100,90.25030,5329733
17376,borqosky,1,0.00002,4810101,90.25032,5329733
17377,BoyangHuang,1,0.00002,4810102,90.25034,5329733
17378,boymaas,1,0.00002,4810103,90.25036,5329733
17379,brandonbodnar-wk,1,0.00002,4810104,90.25037,5329733
17380,brandondutra,1,0.00002,4810105,90.25039,5329733
17381,brendangregg,1,0.00002,4810106,90.25041,5329733
17382,brito-rafa,1,0.00002,4810107,90.25043,5329733
17383,britthouser,1,0.00002,4810108,90.25045,5329733
17384,bsedat,1,0.00002,4810109,90.25047,5329733
17385,btucker,1,0.00002,4810110,90.25049,5329733
17386,burakince,1,0.00002,4810111,90.25051,5329733
17387,buremba,1,0.00002,4810112,90.25052,5329733
17388,burtonr,1,0.00002,4810113,90.25054,5329733
17389,bvaughn,1,0.00002,4810114,90.25056,5329733
17390,bwells,1,0.00002,4810115,90.25058,5329733
17391,c00kiemon5ter,1,0.00002,4810116,90.25060,5329733
17392,c0deaddict,1,0.00002,4810117,90.25062,5329733
17393,c3d,1,0.00002,4810118,90.25064,5329733
17394,calizarr,1,0.00002,4810119,90.25066,5329733
17395,Carreau,1,0.00002,4810120,90.25067,5329733
17396,castillobgr,1,0.00002,4810121,90.25069,5329733
17397,cblichmann,1,0.00002,4810122,90.25071,5329733
17398,cccfxe444,1,0.00002,4810123,90.25073,5329733
17399,CDimonaco,1,0.00002,4810124,90.25075,5329733
17400,cduch,1,0.00002,4810125,90.25077,5329733
17401,cdvultur,1,0.00002,4810126,90.25079,5329733
17402,cespare,1,0.00002,4810127,90.25081,5329733
17403,cfchase,1,0.00002,4810128,90.25082,5329733
17404,chaiyuxiao,1,0.00002,4810129,90.25084,5329733
17405,chardan,1,0.00002,4810130,90.25086,5329733
17406,charles546,1,0.00002,4810131,90.25088,5329733
17407,chasat-ms,1,0.00002,4810132,90.25090,5329733
17408,chbiel,1,0.00002,4810133,90.25092,5329733
17409,chedetinaveen,1,0.00002,4810134,90.25094,5329733
17410,chenliuzhong,1,0.00002,4810135,90.25096,5329733
17411,chicoxyzzy,1,0.00002,4810136,90.25098,5329733
17412,chmike,1,0.00002,4810137,90.25099,5329733
17413,chowchow316,1,0.00002,4810138,90.25101,5329733
17414,chris-armstrong,1,0.00002,4810139,90.25103,5329733
17415,chrisbygrave,1,0.00002,4810140,90.25105,5329733
17416,chris-david-taylor,1,0.00002,4810141,90.25107,5329733
17417,chrishoffman,1,0.00002,4810142,90.25109,5329733
17418,chrisisbeef,1,0.00002,4810143,90.25111,5329733
17419,chris-jansson,1,0.00002,4810144,90.25113,5329733
17420,chriskuehl,1,0.00002,4810145,90.25114,5329733
17421,chrislonng,1,0.00002,4810146,90.25116,5329733
17422,chrispsommers,1,0.00002,4810147,90.25118,5329733
17423,christianhxc,1,0.00002,4810148,90.25120,5329733
17424,ChristianKreuzberger,1,0.00002,4810149,90.25122,5329733
17425,christopherriley,1,0.00002,4810150,90.25124,5329733
17426,chrisvugrinec,1,0.00002,4810151,90.25126,5329733
17427,chriswright,1,0.00002,4810152,90.25128,5329733
17428,cjaliaga,1,0.00002,4810153,90.25129,5329733
17429,ckennelly,1,0.00002,4810154,90.25131,5329733
17430,claubrz,1,0.00002,4810155,90.25133,5329733
17431,claymccoy,1,0.00002,4810156,90.25135,5329733
17432,cleech,1,0.00002,4810157,90.25137,5329733
17433,cloudbring,1,0.00002,4810158,90.25139,5329733
17434,cloudvar,1,0.00002,4810159,90.25141,5329733
17435,cmsj,1,0.00002,4810160,90.25143,5329733
17436,codegoalie,1,0.00002,4810161,90.25144,5329733
17437,codemonkey77,1,0.00002,4810162,90.25146,5329733
17438,codypenta,1,0.00002,4810163,90.25148,5329733
17439,coldy1992,1,0.00002,4810164,90.25150,5329733
17440,come2abhi,1,0.00002,4810165,90.25152,5329733
17441,contra,1,0.00002,4810166,90.25154,5329733
17442,coollog,1,0.00002,4810167,90.25156,5329733
17443,craigcitro,1,0.00002,4810168,90.25158,5329733
17444,creinholdsson,1,0.00002,4810169,90.25159,5329733
17445,crgarcia12,1,0.00002,4810170,90.25161,5329733
17446,Cristian-Hernandez,1,0.00002,4810171,90.25163,5329733
17447,ctavan,1,0.00002,4810172,90.25165,5329733
17448,CtrlDot,1,0.00002,4810173,90.25167,5329733
17449,cullenmcdermott,1,0.00002,4810174,90.25169,5329733
17450,cv711,1,0.00002,4810175,90.25171,5329733
17451,cwheikki,1,0.00002,4810176,90.25173,5329733
17452,cw-kuoka,1,0.00002,4810177,90.25174,5329733
17453,d2chau,1,0.00002,4810178,90.25176,5329733
17454,daisy-ycguo,1,0.00002,4810179,90.25178,5329733
17455,damiencarol,1,0.00002,4810180,90.25180,5329733
17456,damir-manapov,1,0.00002,4810181,90.25182,5329733
17457,dandillingham,1,0.00002,4810182,90.25184,5329733
17458,danieledraganti,1,0.00002,4810183,90.25186,5329733
17459,danielegallingani,1,0.00002,4810184,90.25188,5329733
17460,danieloliveira079,1,0.00002,4810185,90.25189,5329733
17461,danramteke,1,0.00002,4810186,90.25191,5329733
17462,darsto,1,0.00002,4810187,90.25193,5329733
17463,davechesebrough,1,0.00002,4810188,90.25195,5329733
17464,davidbatelu,1,0.00002,4810189,90.25197,5329733
17465,davidhole,1,0.00002,4810190,90.25199,5329733
17466,davidreuss,1,0.00002,4810191,90.25201,5329733
17467,davidwudv,1,0.00002,4810192,90.25203,5329733
17468,david-z,1,0.00002,4810193,90.25204,5329733
17469,DawnAngel,1,0.00002,4810194,90.25206,5329733
17470,dbuschman7,1,0.00002,4810195,90.25208,5329733
17471,ddcprg,1,0.00002,4810196,90.25210,5329733
17472,delroth,1,0.00002,4810197,90.25212,5329733
17473,dennis-tra,1,0.00002,4810198,90.25214,5329733
17474,Derbeth,1,0.00002,4810199,90.25216,5329733
17475,deregtd,1,0.00002,4810200,90.25218,5329733
17476,devguyio,1,0.00002,4810201,90.25219,5329733
17477,dguerri,1,0.00002,4810202,90.25221,5329733
17478,dickerpulli,1,0.00002,4810203,90.25223,5329733
17479,diegonvs,1,0.00002,4810204,90.25225,5329733
17480,die-kriegsmarine,1,0.00002,4810205,90.25227,5329733
17481,dieseltravis,1,0.00002,4810206,90.25229,5329733
17482,directhex,1,0.00002,4810207,90.25231,5329733
17483,dirtGit,1,0.00002,4810208,90.25233,5329733
17484,djyde,1,0.00002,4810209,90.25234,5329733
17485,dk1027,1,0.00002,4810210,90.25236,5329733
17486,dlan17,1,0.00002,4810211,90.25238,5329733
17487,dliappis,1,0.00002,4810212,90.25240,5329733
17488,dlindenkreuz,1,0.00002,4810213,90.25242,5329733
17489,dLobatog,1,0.00002,4810214,90.25244,5329733
17490,dmikurube,1,0.00002,4810215,90.25246,5329733
17491,DonghaiHan,1,0.00002,4810216,90.25248,5329733
17492,donileo,1,0.00002,4810217,90.25249,5329733
17493,donnikanton,1,0.00002,4810218,90.25251,5329733
17494,donovansolms,1,0.00002,4810219,90.25253,5329733
17495,dpwspoon,1,0.00002,4810220,90.25255,5329733
17496,DraconPern,1,0.00002,4810221,90.25257,5329733
17497,drusellers,1,0.00002,4810222,90.25259,5329733
17498,dsgouda,1,0.00002,4810223,90.25261,5329733
17499,dsouzajude,1,0.00002,4810224,90.25263,5329733
17500,dsplaisted,1,0.00002,4810225,90.25264,5329733
17501,dtatulea,1,0.00002,4810226,90.25266,5329733
17502,dubee,1,0.00002,4810227,90.25268,5329733
17503,dvorak42,1,0.00002,4810228,90.25270,5329733
17504,dwmw2,1,0.00002,4810229,90.25272,5329733
17505,econchick,1,0.00002,4810230,90.25274,5329733
17506,edovale,1,0.00002,4810231,90.25276,5329733
17507,EdwardStudy,1,0.00002,4810232,90.25278,5329733
17508,ehabkost,1,0.00002,4810233,90.25280,5329733
17509,eHattori,1,0.00002,4810234,90.25281,5329733
17510,eligijusvitkauskas-home24,1,0.00002,4810235,90.25283,5329733
17511,ellis-bigelow,1,0.00002,4810236,90.25285,5329733
17512,ellismg,1,0.00002,4810237,90.25287,5329733
17513,elmarco,1,0.00002,4810238,90.25289,5329733
17514,elppc,1,0.00002,4810239,90.25291,5329733
17515,emaste,1,0.00002,4810240,90.25293,5329733
17516,emcfarlane,1,0.00002,4810241,90.25295,5329733
17517,EmteZogaf,1,0.00002,4810242,90.25296,5329733
17518,Engerim,1,0.00002,4810243,90.25298,5329733
17519,ericholiveira,1,0.00002,4810244,90.25300,5329733
17520,ericstj,1,0.00002,4810245,90.25302,5329733
17521,ericwb,1,0.00002,4810246,90.25304,5329733
17522,erjohnso,1,0.00002,4810247,90.25306,5329733
17523,erock2112,1,0.00002,4810248,90.25308,5329733
17524,erriapo,1,0.00002,4810249,90.25310,5329733
17525,exosapp,1,0.00002,4810250,90.25311,5329733
17526,fabiocav,1,0.00002,4810251,90.25313,5329733
17527,fahhem,1,0.00002,4810252,90.25315,5329733
17528,fardream,1,0.00002,4810253,90.25317,5329733
17529,felipebragazup,1,0.00002,4810254,90.25319,5329733
17530,FelixGSE,1,0.00002,4810255,90.25321,5329733
17531,ferngarc,1,0.00002,4810256,90.25323,5329733
17532,FezVrasta,1,0.00002,4810257,90.25325,5329733
17533,FFSCL,1,0.00002,4810258,90.25326,5329733
17534,fieldju,1,0.00002,4810259,90.25328,5329733
17535,flesire,1,0.00002,4810260,90.25330,5329733
17536,floatdrop,1,0.00002,4810261,90.25332,5329733
17537,flozano,1,0.00002,4810262,90.25334,5329733
17538,fmovlex,1,0.00002,4810263,90.25336,5329733
17539,FourSpaces,1,0.00002,4810264,90.25338,5329733
17540,FrailWords,1,0.00002,4810265,90.25340,5329733
17541,francares,1,0.00002,4810266,90.25341,5329733
17542,FreakinaBox,1,0.00002,4810267,90.25343,5329733
17543,FreekingDean,1,0.00002,4810268,90.25345,5329733
17544,freshfishyu,1,0.00002,4810269,90.25347,5329733
17545,Furtchet,1,0.00002,4810270,90.25349,5329733
17546,gabemontero,1,0.00002,4810271,90.25351,5329733
17547,gabriel-samfira,1,0.00002,4810272,90.25353,5329733
17548,gabro,1,0.00002,4810273,90.25355,5329733
17549,gaplo917,1,0.00002,4810274,90.25356,5329733
17550,gautam1858,1,0.00002,4810275,90.25358,5329733
17551,gautambaghel,1,0.00002,4810276,90.25360,5329733
17552,gdelhumeau,1,0.00002,4810277,90.25362,5329733
17553,gdscei,1,0.00002,4810278,90.25364,5329733
17554,gegles,1,0.00002,4810279,90.25366,5329733
17555,georgeharley,1,0.00002,4810280,90.25368,5329733
17556,gerardorochin,1,0.00002,4810281,90.25370,5329733
17557,gershwinlabs,1,0.00002,4810282,90.25371,5329733
17558,ggee,1,0.00002,4810283,90.25373,5329733
17559,ghanshyammann,1,0.00002,4810284,90.25375,5329733
17560,gherlein,1,0.00002,4810285,90.25377,5329733
17561,gilles,1,0.00002,4810286,90.25379,5329733
17562,giulianob,1,0.00002,4810287,90.25381,5329733
17563,glodfish-zg,1,0.00002,4810288,90.25383,5329733
17564,gmagella-aws,1,0.00002,4810289,90.25385,5329733
17565,GMZwinge,1,0.00002,4810290,90.25386,5329733
17566,GoKu-gaga,1,0.00002,4810291,90.25388,5329733
17567,gowtham-sai,1,0.00002,4810292,90.25390,5329733
17568,gozali,1,0.00002,4810293,90.25392,5329733
17569,gpflaum,1,0.00002,4810294,90.25394,5329733
17570,graue,1,0.00002,4810295,90.25396,5329733
17571,gregkh,1,0.00002,4810296,90.25398,5329733
17572,GregMeno,1,0.00002,4810297,90.25400,5329733
17573,gregology,1,0.00002,4810298,90.25401,5329733
17574,gtriggiano,1,0.00002,4810299,90.25403,5329733
17575,guptaabhish,1,0.00002,4810300,90.25405,5329733
17576,guptasu,1,0.00002,4810301,90.25407,5329733
17577,guusdk,1,0.00002,4810302,90.25409,5329733
17578,guyfedwards,1,0.00002,4810303,90.25411,5329733
17579,gvalentinivmw,1,0.00002,4810304,90.25413,5329733
17580,hagzag,1,0.00002,4810305,90.25415,5329733
17581,harryjsmith,1,0.00002,4810306,90.25416,5329733
17582,harveyelsom,1,0.00002,4810307,90.25418,5329733
17583,havmad,1,0.00002,4810308,90.25420,5329733
17584,Helen-Xie,1,0.00002,4810309,90.25422,5329733
17585,hellowaywewe,1,0.00002,4810310,90.25424,5329733
17586,hemantaltair,1,0.00002,4810311,90.25426,5329733
17587,HemantErappa,1,0.00002,4810312,90.25428,5329733
17588,hemanthnakkina,1,0.00002,4810313,90.25430,5329733
17589,hernandesbsousa,1,0.00002,4810314,90.25431,5329733
17590,hesidoryn,1,0.00002,4810315,90.25433,5329733
17591,hgschmie,1,0.00002,4810316,90.25435,5329733
17592,hhuchzh,1,0.00002,4810317,90.25437,5329733
17593,hibell,1,0.00002,4810318,90.25439,5329733
17594,hirokiky,1,0.00002,4810319,90.25441,5329733
17595,hogarthj,1,0.00002,4810320,90.25443,5329733
17596,hotchpotch,1,0.00002,4810321,90.25445,5329733
17597,HowardvanRooijen,1,0.00002,4810322,90.25446,5329733
17598,hpbonfim,1,0.00002,4810323,90.25448,5329733
17599,huangqg,1,0.00002,4810324,90.25450,5329733
17600,huanwu,1,0.00002,4810325,90.25452,5329733
17601,hughsaunders,1,0.00002,4810326,90.25454,5329733
17602,ianhays,1,0.00002,4810327,90.25456,5329733
17603,ianunruh,1,0.00002,4810328,90.25458,5329733
17604,ichigism,1,0.00002,4810329,90.25460,5329733
17605,ido-ran,1,0.00002,4810330,90.25462,5329733
17606,ii-dev,1,0.00002,4810331,90.25463,5329733
17607,ilikebits,1,0.00002,4810332,90.25465,5329733
17608,imacube,1,0.00002,4810333,90.25467,5329733
17609,ind1go,1,0.00002,4810334,90.25469,5329733
17610,internaught,1,0.00002,4810335,90.25471,5329733
17611,iqoption-sandbox3,1,0.00002,4810336,90.25473,5329733
17612,Irving23,1,0.00002,4810337,90.25475,5329733
17613,isaacs,1,0.00002,4810338,90.25477,5329733
17614,ithenov,1,0.00002,4810339,90.25478,5329733
17615,ivanRylach,1,0.00002,4810340,90.25480,5329733
17616,jackersson,1,0.00002,4810341,90.25482,5329733
17617,jackspirou,1,0.00002,4810342,90.25484,5329733
17618,jadeyliu939,1,0.00002,4810343,90.25486,5329733
17619,JakeWharton,1,0.00002,4810344,90.25488,5329733
17620,JakobGray,1,0.00002,4810345,90.25490,5329733
17621,JamesDawson,1,0.00002,4810346,90.25492,5329733
17622,jameskellynet,1,0.00002,4810347,90.25493,5329733
17623,jamesodhunt,1,0.00002,4810348,90.25495,5329733
17624,jarcher,1,0.00002,4810349,90.25497,5329733
17625,jasonwzm,1,0.00002,4810350,90.25499,5329733
17626,jbarreneche,1,0.00002,4810351,90.25501,5329733
17627,jcowgill,1,0.00002,4810352,90.25503,5329733
17628,jcpunk,1,0.00002,4810353,90.25505,5329733
17629,jdogg89,1,0.00002,4810354,90.25507,5329733
17630,jduan,1,0.00002,4810355,90.25508,5329733
17631,jebinjeb,1,0.00002,4810356,90.25510,5329733
17632,jeffmccune,1,0.00002,4810357,90.25512,5329733
17633,jeffreyc42,1,0.00002,4810358,90.25514,5329733
17634,jemshad,1,0.00002,4810359,90.25516,5329733
17635,jenlampton,1,0.00002,4810360,90.25518,5329733
17636,Jens-G,1,0.00002,4810361,90.25520,5329733
17637,JeremiahDJordan,1,0.00002,4810362,90.25522,5329733
17638,jesseolsen,1,0.00002,4810363,90.25523,5329733
17639,jhooyberghs,1,0.00002,4810364,90.25525,5329733
17640,jianglai,1,0.00002,4810365,90.25527,5329733
17641,jiangzhao00,1,0.00002,4810366,90.25529,5329733
17642,jin,1,0.00002,4810367,90.25531,5329733
17643,jjaferson,1,0.00002,4810368,90.25533,5329733
17644,Jkirsher,1,0.00002,4810369,90.25535,5329733
17645,jknipper,1,0.00002,4810370,90.25537,5329733
17646,jmillikin,1,0.00002,4810371,90.25538,5329733
17647,joachimvaldez,1,0.00002,4810372,90.25540,5329733
17648,joelspeed,1,0.00002,4810373,90.25542,5329733
17649,johnfriz,1,0.00002,4810374,90.25544,5329733
17650,johnjansen,1,0.00002,4810375,90.25546,5329733
17651,johnknoop,1,0.00002,4810376,90.25548,5329733
17652,joke-lee,1,0.00002,4810377,90.25550,5329733
17653,jonas-lu,1,0.00002,4810378,90.25552,5329733
17654,jonhermansen,1,0.00002,4810379,90.25553,5329733
17655,jonico,1,0.00002,4810380,90.25555,5329733
17656,joshdcar,1,0.00002,4810381,90.25557,5329733
17657,joshfree,1,0.00002,4810382,90.25559,5329733
17658,jpeddicord,1,0.00002,4810383,90.25561,5329733
17659,jpettit,1,0.00002,4810384,90.25563,5329733
17660,jronak,1,0.00002,4810385,90.25565,5329733
17661,juguerre,1,0.00002,4810386,90.25567,5329733
17662,junaidali,1,0.00002,4810387,90.25568,5329733
17663,jValdron,1,0.00002,4810388,90.25570,5329733
17664,jvinaya,1,0.00002,4810389,90.25572,5329733
17665,jvmirdel,1,0.00002,4810390,90.25574,5329733
17666,jwhonce,1,0.00002,4810391,90.25576,5329733
17667,jwuliger,1,0.00002,4810392,90.25578,5329733
17668,jyoverma,1,0.00002,4810393,90.25580,5329733
17669,jzillmann,1,0.00002,4810394,90.25582,5329733
17670,k82ma,1,0.00002,4810395,90.25583,5329733
17671,kaimallea,1,0.00002,4810396,90.25585,5329733
17672,kalmanb,1,0.00002,4810397,90.25587,5329733
17673,kamatama41,1,0.00002,4810398,90.25589,5329733
17674,Kantis,1,0.00002,4810399,90.25591,5329733
17675,karajas,1,0.00002,4810400,90.25593,5329733
17676,KariukiJ,1,0.00002,4810401,90.25595,5329733
17677,kasper-f,1,0.00002,4810402,90.25597,5329733
17678,kdudka,1,0.00002,4810403,90.25598,5329733
17679,kennethreitz,1,0.00002,4810404,90.25600,5329733
17680,kenrose,1,0.00002,4810405,90.25602,5329733
17681,kentcdodds,1,0.00002,4810406,90.25604,5329733
17682,kestewart,1,0.00002,4810407,90.25606,5329733
17683,kevinmdavis,1,0.00002,4810408,90.25608,5329733
17684,kf6nux,1,0.00002,4810409,90.25610,5329733
17685,khale94,1,0.00002,4810410,90.25612,5329733
17686,khipkin,1,0.00002,4810411,90.25613,5329733
17687,kimwnasptd,1,0.00002,4810412,90.25615,5329733
17688,kj187,1,0.00002,4810413,90.25617,5329733
17689,kjc-stripe,1,0.00002,4810414,90.25619,5329733
17690,klwalsh,1,0.00002,4810415,90.25621,5329733
17691,kmadel,1,0.00002,4810416,90.25623,5329733
17692,kostegit,1,0.00002,4810417,90.25625,5329733
17693,kowsheek,1,0.00002,4810418,90.25627,5329733
17694,kryzthov,1,0.00002,4810419,90.25628,5329733
17695,ksss,1,0.00002,4810420,90.25630,5329733
17696,kuboid,1,0.00002,4810421,90.25632,5329733
17697,kuisathaverat,1,0.00002,4810422,90.25634,5329733
17698,kulkarnisonia16,1,0.00002,4810423,90.25636,5329733
17699,Kumaravel2904,1,0.00002,4810424,90.25638,5329733
17700,kusumi,1,0.00002,4810425,90.25640,5329733
17701,lacolaco,1,0.00002,4810426,90.25642,5329733
17702,laf0rge,1,0.00002,4810427,90.25643,5329733
17703,lagartoflojo,1,0.00002,4810428,90.25645,5329733
17704,LaloLoop,1,0.00002,4810429,90.25647,5329733
17705,lanwen,1,0.00002,4810430,90.25649,5329733
17706,larsnaesbye,1,0.00002,4810431,90.25651,5329733
17707,LarsOL,1,0.00002,4810432,90.25653,5329733
17708,larte,1,0.00002,4810433,90.25655,5329733
17709,lavahot,1,0.00002,4810434,90.25657,5329733
17710,layomia,1,0.00002,4810435,90.25659,5329733
17711,lekoder,1,0.00002,4810436,90.25660,5329733
17712,Letme,1,0.00002,4810437,90.25662,5329733
17713,lexuszhi1990,1,0.00002,4810438,90.25664,5329733
17714,LimpingNinja,1,0.00002,4810439,90.25666,5329733
17715,linuxtim,1,0.00002,4810440,90.25668,5329733
17716,liozN,1,0.00002,4810441,90.25670,5329733
17717,lisael,1,0.00002,4810442,90.25672,5329733
17718,LiumxNL,1,0.00002,4810443,90.25674,5329733
17719,liuy,1,0.00002,4810444,90.25675,5329733
17720,ljwlc,1,0.00002,4810445,90.25677,5329733
17721,l-korbes,1,0.00002,4810446,90.25679,5329733
17722,lmammino,1,0.00002,4810447,90.25681,5329733
17723,longnguyen11288,1,0.00002,4810448,90.25683,5329733
17724,LongTu,1,0.00002,4810449,90.25685,5329733
17725,LordGoodman,1,0.00002,4810450,90.25687,5329733
17726,lowenna,1,0.00002,4810451,90.25689,5329733
17727,LPowlett,1,0.00002,4810452,90.25690,5329733
17728,lucasvasconcelos,1,0.00002,4810453,90.25692,5329733
17729,lukecwik,1,0.00002,4810454,90.25694,5329733
17730,lupoDharkael,1,0.00002,4810455,90.25696,5329733
17731,m0ppers,1,0.00002,4810456,90.25698,5329733
17732,mad0house,1,0.00002,4810457,90.25700,5329733
17733,maharg101,1,0.00002,4810458,90.25702,5329733
17734,maheshps-huawei,1,0.00002,4810459,90.25704,5329733
17735,Mahito,1,0.00002,4810460,90.25705,5329733
17736,maksonlee,1,0.00002,4810461,90.25707,5329733
17737,manni83,1,0.00002,4810462,90.25709,5329733
17738,manoharbrm,1,0.00002,4810463,90.25711,5329733
17739,mansikulkarni96,1,0.00002,4810464,90.25713,5329733
17740,marcusschiesser,1,0.00002,4810465,90.25715,5329733
17741,markrj,1,0.00002,4810466,90.25717,5329733
17742,Marqin,1,0.00002,4810467,90.25719,5329733
17743,Marsup,1,0.00002,4810468,90.25720,5329733
17744,martinda,1,0.00002,4810469,90.25722,5329733
17745,MartinKolarik,1,0.00002,4810470,90.25724,5329733
17746,maryamariyan,1,0.00002,4810471,90.25726,5329733
17747,masstomato,1,0.00002,4810472,90.25728,5329733
17748,MastaP,1,0.00002,4810473,90.25730,5329733
17749,mateuszwieloch,1,0.00002,4810474,90.25732,5329733
17750,mattdelco,1,0.00002,4810475,90.25734,5329733
17751,matthewberkland,1,0.00002,4810476,90.25735,5329733
17752,mattrice,1,0.00002,4810477,90.25737,5329733
17753,matt-turner-skyscanner,1,0.00002,4810478,90.25739,5329733
17754,maxx-bachurin,1,0.00002,4810479,90.25741,5329733
17755,mazgi,1,0.00002,4810480,90.25743,5329733
17756,mchalla,1,0.00002,4810481,90.25745,5329733
17757,mchugh19,1,0.00002,4810482,90.25747,5329733
17758,mdeuser,1,0.00002,4810483,90.25749,5329733
17759,mescanef,1,0.00002,4810484,90.25750,5329733
17760,mfoliveira,1,0.00002,4810485,90.25752,5329733
17761,michaeljohnbennett,1,0.00002,4810486,90.25754,5329733
17762,Michkov,1,0.00002,4810487,90.25756,5329733
17763,mikeal,1,0.00002,4810488,90.25758,5329733
17764,mikeandescavage,1,0.00002,4810489,90.25760,5329733
17765,mikechristie,1,0.00002,4810490,90.25762,5329733
17766,mikethebeer,1,0.00002,4810491,90.25764,5329733
17767,mikkelbu,1,0.00002,4810492,90.25765,5329733
17768,mindjiver,1,0.00002,4810493,90.25767,5329733
17769,mingan,1,0.00002,4810494,90.25769,5329733
17770,minyk,1,0.00002,4810495,90.25771,5329733
17771,mitchellh,1,0.00002,4810496,90.25773,5329733
17772,mjbrender,1,0.00002,4810497,90.25775,5329733
17773,mjsteger,1,0.00002,4810498,90.25777,5329733
17774,mkarg,1,0.00002,4810499,90.25779,5329733
17775,MMarus,1,0.00002,4810500,90.25780,5329733
17776,mmayernick,1,0.00002,4810501,90.25782,5329733
17777,mmckeen,1,0.00002,4810502,90.25784,5329733
17778,mmedvede,1,0.00002,4810503,90.25786,5329733
17779,mnitta,1,0.00002,4810504,90.25788,5329733
17780,mnoumanshahzad,1,0.00002,4810505,90.25790,5329733
17781,mnowaksuse,1,0.00002,4810506,90.25792,5329733
17782,mohamedsaif,1,0.00002,4810507,90.25794,5329733
17783,moravit,1,0.00002,4810508,90.25795,5329733
17784,mpseidel,1,0.00002,4810509,90.25797,5329733
17785,MrChaos1993,1,0.00002,4810510,90.25799,5329733
17786,mrhohn,1,0.00002,4810511,90.25801,5329733
17787,mriedem,1,0.00002,4810512,90.25803,5329733
17788,msekletar,1,0.00002,4810513,90.25805,5329733
17789,msolomon,1,0.00002,4810514,90.25807,5329733
17790,mstanleyjones,1,0.00002,4810515,90.25809,5329733
17791,mtricht,1,0.00002,4810516,90.25810,5329733
17792,muojp,1,0.00002,4810517,90.25812,5329733
17793,mwelch-ptc,1,0.00002,4810518,90.25814,5329733
17794,nagarjunk,1,0.00002,4810519,90.25816,5329733
17795,NaohiroTamura,1,0.00002,4810520,90.25818,5329733
17796,naomichi-y,1,0.00002,4810521,90.25820,5329733
17797,nathanjosiah,1,0.00002,4810522,90.25822,5329733
17798,nathantsoi,1,0.00002,4810523,90.25824,5329733
17799,nellessen,1,0.00002,4810524,90.25825,5329733
17800,nenadstojanovikj,1,0.00002,4810525,90.25827,5329733
17801,nerikle,1,0.00002,4810526,90.25829,5329733
17802,netoptimizer,1,0.00002,4810527,90.25831,5329733
17803,neurodrone,1,0.00002,4810528,90.25833,5329733
17804,nfelt,1,0.00002,4810529,90.25835,5329733
17805,nfultz,1,0.00002,4810530,90.25837,5329733
17806,nick-zh,1,0.00002,4810531,90.25839,5329733
17807,nicovogelaar,1,0.00002,4810532,90.25841,5329733
17808,nikhail,1,0.00002,4810533,90.25842,5329733
17809,niki-1905,1,0.00002,4810534,90.25844,5329733
17810,nish8099,1,0.00002,4810535,90.25846,5329733
17811,nishanttotla,1,0.00002,4810536,90.25848,5329733
17812,nithyanatarajan,1,0.00002,4810537,90.25850,5329733
17813,nmihajlovski,1,0.00002,4810538,90.25852,5329733
17814,nobse,1,0.00002,4810539,90.25854,5329733
17815,normj,1,0.00002,4810540,90.25856,5329733
17816,nre-ableton,1,0.00002,4810541,90.25857,5329733
17817,nslater,1,0.00002,4810542,90.25859,5329733
17818,nsriramulu,1,0.00002,4810543,90.25861,5329733
17819,nvcastet,1,0.00002,4810544,90.25863,5329733
17820,nyaxt,1,0.00002,4810545,90.25865,5329733
17821,O5ten,1,0.00002,4810546,90.25867,5329733
17822,ocaner-biz,1,0.00002,4810547,90.25869,5329733
17823,oCHRISo,1,0.00002,4810548,90.25871,5329733
17824,onuryilmaz,1,0.00002,4810549,90.25872,5329733
17825,orlade-anz,1,0.00002,4810550,90.25874,5329733
17826,orzhang,1,0.00002,4810551,90.25876,5329733
17827,Pankh,1,0.00002,4810552,90.25878,5329733
17828,paravoid,1,0.00002,4810553,90.25880,5329733
17829,patelrit,1,0.00002,4810554,90.25882,5329733
17830,patrious,1,0.00002,4810555,90.25884,5329733
17831,paulcastro,1,0.00002,4810556,90.25886,5329733
17832,PaulMaddox,1,0.00002,4810557,90.25887,5329733
17833,paystee,1,0.00002,4810558,90.25889,5329733
17834,pculka,1,0.00002,4810559,90.25891,5329733
17835,pdxjohnny,1,0.00002,4810560,90.25893,5329733
17836,pencil001,1,0.00002,4810561,90.25895,5329733
17837,pendoragon,1,0.00002,4810562,90.25897,5329733
17838,petebowden,1,0.00002,4810563,90.25899,5329733
17839,pewpewp3w,1,0.00002,4810564,90.25901,5329733
17840,pgavlin,1,0.00002,4810565,90.25902,5329733
17841,pgodowski,1,0.00002,4810566,90.25904,5329733
17842,phantomjinx,1,0.00002,4810567,90.25906,5329733
17843,pierre-b,1,0.00002,4810568,90.25908,5329733
17844,pkleimann,1,0.00002,4810569,90.25910,5329733
17845,pmccarthy,1,0.00002,4810570,90.25912,5329733
17846,pmorillas-copado,1,0.00002,4810571,90.25914,5329733
17847,porras,1,0.00002,4810572,90.25916,5329733
17848,potto007,1,0.00002,4810573,90.25917,5329733
17849,pphaneuf,1,0.00002,4810574,90.25919,5329733
17850,pradeepchhetri,1,0.00002,4810575,90.25921,5329733
17851,pradeepitm12,1,0.00002,4810576,90.25923,5329733
17852,pragnagopa,1,0.00002,4810577,90.25925,5329733
17853,Prakash2403,1,0.00002,4810578,90.25927,5329733
17854,prashant-ee,1,0.00002,4810579,90.25929,5329733
17855,prfalken,1,0.00002,4810580,90.25931,5329733
17856,pritidesai,1,0.00002,4810581,90.25932,5329733
17857,q0115643,1,0.00002,4810582,90.25934,5329733
17858,q0rban,1,0.00002,4810583,90.25936,5329733
17859,qitao-222,1,0.00002,4810584,90.25938,5329733
17860,QuanLab,1,0.00002,4810585,90.25940,5329733
17861,Quantisan,1,0.00002,4810586,90.25942,5329733
17862,quidryan,1,0.00002,4810587,90.25944,5329733
17863,QuinnWilton,1,0.00002,4810588,90.25946,5329733
17864,qvistgaard,1,0.00002,4810589,90.25947,5329733
17865,ragebflame,1,0.00002,4810590,90.25949,5329733
17866,rahul8590,1,0.00002,4810591,90.25951,5329733
17867,rainersigwald,1,0.00002,4810592,90.25953,5329733
17868,rajivr,1,0.00002,4810593,90.25955,5329733
17869,ramonsaboya,1,0.00002,4810594,90.25957,5329733
17870,rancid,1,0.00002,4810595,90.25959,5329733
17871,rastapopulous,1,0.00002,4810596,90.25961,5329733
17872,rberlind,1,0.00002,4810597,90.25962,5329733
17873,rbo,1,0.00002,4810598,90.25964,5329733
17874,rchench,1,0.00002,4810599,90.25966,5329733
17875,rdoxenham,1,0.00002,4810600,90.25968,5329733
17876,realityking,1,0.00002,4810601,90.25970,5329733
17877,rebalag,1,0.00002,4810602,90.25972,5329733
17878,recampbell,1,0.00002,4810603,90.25974,5329733
17879,ReiReiRei,1,0.00002,4810604,90.25976,5329733
17880,rgarcia6520,1,0.00002,4810605,90.25977,5329733
17881,rhencke,1,0.00002,4810606,90.25979,5329733
17882,riannucci,1,0.00002,4810607,90.25981,5329733
17883,riccardofreixo,1,0.00002,4810608,90.25983,5329733
17884,richbg,1,0.00002,4810609,90.25985,5329733
17885,rlarocque2,1,0.00002,4810610,90.25987,5329733
17886,rluders,1,0.00002,4810611,90.25989,5329733
17887,Rob4001,1,0.00002,4810612,90.25991,5329733
17888,rohitbhoj,1,0.00002,4810613,90.25992,5329733
17889,rosberglinhares,1,0.00002,4810614,90.25994,5329733
17890,royingantaginting,1,0.00002,4810615,90.25996,5329733
17891,rpajay,1,0.00002,4810616,90.25998,5329733
17892,rprouse,1,0.00002,4810617,90.26000,5329733
17893,RsrchBoy,1,0.00002,4810618,90.26002,5329733
17894,RSully,1,0.00002,4810619,90.26004,5329733
17895,rumpl,1,0.00002,4810620,90.26006,5329733
17896,runsisi,1,0.00002,4810621,90.26007,5329733
17897,rutulpatel,1,0.00002,4810622,90.26009,5329733
17898,rvagg,1,0.00002,4810623,90.26011,5329733
17899,ryanbrandenburg,1,0.00002,4810624,90.26013,5329733
17900,s4s0l,1,0.00002,4810625,90.26015,5329733
17901,SalmanAwan,1,0.00002,4810626,90.26017,5329733
17902,samarvin,1,0.00002,4810627,90.26019,5329733
17903,samchan22,1,0.00002,4810628,90.26021,5329733
17904,SandyWalsh,1,0.00002,4810629,90.26023,5329733
17905,santoshsk007,1,0.00002,4810630,90.26024,5329733
17906,sara4dev,1,0.00002,4810631,90.26026,5329733
17907,sawlogs,1,0.00002,4810632,90.26028,5329733
17908,scele,1,0.00002,4810633,90.26030,5329733
17909,schen1,1,0.00002,4810634,90.26032,5329733
17910,schmitzhermes,1,0.00002,4810635,90.26034,5329733
17911,scpeters,1,0.00002,4810636,90.26036,5329733
17912,sdudoladov,1,0.00002,4810637,90.26038,5329733
17913,sebastianrosch,1,0.00002,4810638,90.26039,5329733
17914,sebastian-sch,1,0.00002,4810639,90.26041,5329733
17915,sergei-utinski,1,0.00002,4810640,90.26043,5329733
17916,sergmelikyan,1,0.00002,4810641,90.26045,5329733
17917,serhatck,1,0.00002,4810642,90.26047,5329733
17918,Seth5141,1,0.00002,4810643,90.26049,5329733
17919,sfluor,1,0.00002,4810644,90.26051,5329733
17920,sgran,1,0.00002,4810645,90.26053,5329733
17921,sgrman,1,0.00002,4810646,90.26054,5329733
17922,shaba,1,0.00002,4810647,90.26056,5329733
17923,shangfufei,1,0.00002,4810648,90.26058,5329733
17924,shawnshuang,1,0.00002,4810649,90.26060,5329733
17925,sheeprine,1,0.00002,4810650,90.26062,5329733
17926,shevchyk-aa,1,0.00002,4810651,90.26064,5329733
17927,shicks,1,0.00002,4810652,90.26066,5329733
17928,shrinaththube,1,0.00002,4810653,90.26068,5329733
17929,shrugs,1,0.00002,4810654,90.26069,5329733
17930,shuaili87,1,0.00002,4810655,90.26071,5329733
17931,shuawest,1,0.00002,4810656,90.26073,5329733
17932,shubham-kumar-sharma,1,0.00002,4810657,90.26075,5329733
17933,shweta426060,1,0.00002,4810658,90.26077,5329733
17934,shykes,1,0.00002,4810659,90.26079,5329733
17935,sigmavirus24,1,0.00002,4810660,90.26081,5329733
17936,Silence2012,1,0.00002,4810661,90.26083,5329733
17937,sils,1,0.00002,4810662,90.26084,5329733
17938,simonguest,1,0.00002,4810663,90.26086,5329733
17939,simplyianm,1,0.00002,4810664,90.26088,5329733
17940,sindbis,1,0.00002,4810665,90.26090,5329733
17941,sjbylo,1,0.00002,4810666,90.26092,5329733
17942,skilxnTL,1,0.00002,4810667,90.26094,5329733
17943,skim1420,1,0.00002,4810668,90.26096,5329733
17944,skinowski,1,0.00002,4810669,90.26098,5329733
17945,skylerto,1,0.00002,4810670,90.26099,5329733
17946,slimbit90,1,0.00002,4810671,90.26101,5329733
17947,smaffulli,1,0.00002,4810672,90.26103,5329733
17948,smart-shore,1,0.00002,4810673,90.26105,5329733
17949,smfrench,1,0.00002,4810674,90.26107,5329733
17950,smibarber,1,0.00002,4810675,90.26109,5329733
17951,snits,1,0.00002,4810676,90.26111,5329733
17952,snowerem,1,0.00002,4810677,90.26113,5329733
17953,snuf,1,0.00002,4810678,90.26114,5329733
17954,solcates,1,0.00002,4810679,90.26116,5329733
17955,sorc1,1,0.00002,4810680,90.26118,5329733
17956,spockz,1,0.00002,4810681,90.26120,5329733
17957,SRaddict,1,0.00002,4810682,90.26122,5329733
17958,Stavrus,1,0.00002,4810683,90.26124,5329733
17959,stefanha,1,0.00002,4810684,90.26126,5329733
17960,sterlingwhite,1,0.00002,4810685,90.26128,5329733
17961,stevegrubb,1,0.00002,4810686,90.26129,5329733
17962,steve-perkins-bc,1,0.00002,4810687,90.26131,5329733
17963,strzalek,1,0.00002,4810688,90.26133,5329733
17964,SubX7,1,0.00002,4810689,90.26135,5329733
17965,sunanxiang,1,0.00002,4810690,90.26137,5329733
17966,sunqm,1,0.00002,4810691,90.26139,5329733
17967,superfell,1,0.00002,4810692,90.26141,5329733
17968,sveneh,1,0.00002,4810693,90.26143,5329733
17969,synhershko,1,0.00002,4810694,90.26144,5329733
17970,SypleMatt,1,0.00002,4810695,90.26146,5329733
17971,szmi,1,0.00002,4810696,90.26148,5329733
17972,szprutamich,1,0.00002,4810697,90.26150,5329733
17973,tactical-drone,1,0.00002,4810698,90.26152,5329733
17974,taichi,1,0.00002,4810699,90.26154,5329733
17975,takara9,1,0.00002,4810700,90.26156,5329733
17976,TakiTake,1,0.00002,4810701,90.26158,5329733
17977,taksan,1,0.00002,4810702,90.26159,5329733
17978,tamireran,1,0.00002,4810703,90.26161,5329733
17979,tannerb,1,0.00002,4810704,90.26163,5329733
17980,taylanerden,1,0.00002,4810705,90.26165,5329733
17981,techthumb,1,0.00002,4810706,90.26167,5329733
17982,Tehsmash,1,0.00002,4810707,90.26169,5329733
17983,teone,1,0.00002,4810708,90.26171,5329733
17984,tfennelly,1,0.00002,4810709,90.26173,5329733
17985,tgjonesuk,1,0.00002,4810710,90.26174,5329733
17986,thaiphv,1,0.00002,4810711,90.26176,5329733
17987,theanalyst,1,0.00002,4810712,90.26178,5329733
17988,TheNewGuyAtGithub,1,0.00002,4810713,90.26180,5329733
17989,theSupermacy,1,0.00002,4810714,90.26182,5329733
17990,thiagoalessio,1,0.00002,4810715,90.26184,5329733
17991,thiagophx,1,0.00002,4810716,90.26186,5329733
17992,thom8,1,0.00002,4810717,90.26188,5329733
17993,tianshan,1,0.00002,4810718,90.26189,5329733
17994,tillyt,1,0.00002,4810719,90.26191,5329733
17995,TimMoran,1,0.00002,4810720,90.26193,5329733
17996,timonvo,1,0.00002,4810721,90.26195,5329733
17997,TimothyGu,1,0.00002,4810722,90.26197,5329733
17998,tinygrasshopper,1,0.00002,4810723,90.26199,5329733
17999,tjake,1,0.00002,4810724,90.26201,5329733
18000,tjperry07,1,0.00002,4810725,90.26203,5329733
18001,tkbky,1,0.00002,4810726,90.26205,5329733
18002,tmortagne,1,0.00002,4810727,90.26206,5329733
18003,tn5993,1,0.00002,4810728,90.26208,5329733
18004,toebbel,1,0.00002,4810729,90.26210,5329733
18005,tomdottom,1,0.00002,4810730,90.26212,5329733
18006,tomtjose,1,0.00002,4810731,90.26214,5329733
18007,toppole69,1,0.00002,4810732,90.26216,5329733
18008,torquemada163,1,0.00002,4810733,90.26218,5329733
18009,tplevko,1,0.00002,4810734,90.26220,5329733
18010,trescst,1,0.00002,4810735,90.26221,5329733
18011,trevorlinton,1,0.00002,4810736,90.26223,5329733
18012,tserong,1,0.00002,4810737,90.26225,5329733
18013,tstringer,1,0.00002,4810738,90.26227,5329733
18014,TurboTim,1,0.00002,4810739,90.26229,5329733
18015,tysonnorris,1,0.00002,4810740,90.26231,5329733
18016,tytso,1,0.00002,4810741,90.26233,5329733
18017,umeshnaik,1,0.00002,4810742,90.26235,5329733
18018,urfuwo,1,0.00002,4810743,90.26236,5329733
18019,v0id3r,1,0.00002,4810744,90.26238,5329733
18020,vanesyan,1,0.00002,4810745,90.26240,5329733
18021,vann-pf9,1,0.00002,4810746,90.26242,5329733
18022,vanwykrl,1,0.00002,4810747,90.26244,5329733
18023,varenaggarwal,1,0.00002,4810748,90.26246,5329733
18024,vbalazs,1,0.00002,4810749,90.26248,5329733
18025,vegood,1,0.00002,4810750,90.26250,5329733
18026,venkatpx,1,0.00002,4810751,90.26251,5329733
18027,visualphoenix,1,0.00002,4810752,90.26253,5329733
18028,vitalvas,1,0.00002,4810753,90.26255,5329733
18029,vteves-pf9,1,0.00002,4810754,90.26257,5329733
18030,vvm-broadsoft,1,0.00002,4810755,90.26259,5329733
18031,Wadeck,1,0.00002,4810756,90.26261,5329733
18032,waltforme,1,0.00002,4810757,90.26263,5329733
18033,wanderboessenkool,1,0.00002,4810758,90.26265,5329733
18034,wangxfbelieve,1,0.00002,4810759,90.26266,5329733
18035,wchrisjohnson,1,0.00002,4810760,90.26268,5329733
18036,Wei-1,1,0.00002,4810761,90.26270,5329733
18037,wenwenwenjun,1,0.00002,4810762,90.26272,5329733
18038,weshaggard,1,0.00002,4810763,90.26274,5329733
18039,wesleytodd,1,0.00002,4810764,90.26276,5329733
18040,wfarr,1,0.00002,4810765,90.26278,5329733
18041,wheelerlaw,1,0.00002,4810766,90.26280,5329733
18042,whowutwut,1,0.00002,4810767,90.26281,5329733
18043,whyjustin,1,0.00002,4810768,90.26283,5329733
18044,willgorman,1,0.00002,4810769,90.26285,5329733
18045,WilliamDurin,1,0.00002,4810770,90.26287,5329733
18046,William-Yeh,1,0.00002,4810771,90.26289,5329733
18047,wjayesh,1,0.00002,4810772,90.26291,5329733
18048,WJerry0227,1,0.00002,4810773,90.26293,5329733
18049,wjoel,1,0.00002,4810774,90.26295,5329733
18050,woahitsraj,1,0.00002,4810775,90.26296,5329733
18051,wohali,1,0.00002,4810776,90.26298,5329733
18052,wtritch,1,0.00002,4810777,90.26300,5329733
18053,wweic,1,0.00002,4810778,90.26302,5329733
18054,XaF,1,0.00002,4810779,90.26304,5329733
18055,xdexter,1,0.00002,4810780,90.26306,5329733
18056,xianwei2016,1,0.00002,4810781,90.26308,5329733
18057,xiaozhu36,1,0.00002,4810782,90.26310,5329733
18058,xiay-nv,1,0.00002,4810783,90.26311,5329733
18059,xinzweb,1,0.00002,4810784,90.26313,5329733
18060,xuesea,1,0.00002,4810785,90.26315,5329733
18061,Xunil32,1,0.00002,4810786,90.26317,5329733
18062,xuxiaodi0,1,0.00002,4810787,90.26319,5329733
18063,YafimK,1,0.00002,4810788,90.26321,5329733
18064,yagnik,1,0.00002,4810789,90.26323,5329733
18065,yapei,1,0.00002,4810790,90.26325,5329733
18066,yfeng72,1,0.00002,4810791,90.26326,5329733
18067,yghannam,1,0.00002,4810792,90.26328,5329733
18068,yjiang5,1,0.00002,4810793,90.26330,5329733
18069,yllierop,1,0.00002,4810794,90.26332,5329733
18070,ynezz,1,0.00002,4810795,90.26334,5329733
18071,yorammi,1,0.00002,4810796,90.26336,5329733
18072,YToutah993,1,0.00002,4810797,90.26338,5329733
18073,yujiantao,1,0.00002,4810798,90.26340,5329733
18074,yyamano,1,0.00002,4810799,90.26341,5329733
18075,Zasimovich,1,0.00002,4810800,90.26343,5329733
18076,zhangchaolei,1,0.00002,4810801,90.26345,5329733
18077,zhangzheming629,1,0.00002,4810802,90.26347,5329733
18078,zippy2,1,0.00002,4810803,90.26349,5329733
18079,zootalures,1,0.00002,4810804,90.26351,5329733
18080,zuk,1,0.00002,4810805,90.26353,5329733
18081,zx2c4,1,0.00002,4810806,90.26355,5329733
18082,zz-bmj,1,0.00002,4810807,90.26356,5329733
