rank_number,actor,contributions,percent,cumulative_sum,cumulative_percent,all_contributions
1,lucasjesuss,88,1.21262,88,1.21262,7257
2,Sea-n,68,0.93703,156,2.14965,7257
3,dunnderr,60,0.82679,216,2.97644,7257
4,mihirpandya-greenops,59,0.81301,275,3.78944,7257
5,nameYULI,47,0.64765,322,4.43710,7257
6,jmclong,45,0.62009,367,5.05719,7257
7,IoannisMatzaris,43,0.59253,410,5.64972,7257
8,billmeyer,40,0.55119,450,6.20091,7257
9,kidddddddddddddddddddddd,40,0.55119,490,6.75210,7257
10,MicroOps-cn,40,0.55119,530,7.30329,7257
11,shintard,39,0.53741,569,7.84071,7257
12,windsonsea,36,0.49607,605,8.33678,7257
13,pigletDips,35,0.48229,640,8.81907,7257
14,JohnTitor,34,0.46851,674,9.28758,7257
15,aniruddha2000,32,0.44095,706,9.72854,7257
16,DW2022511,32,0.44095,738,10.16949,7257
17,raphaelreyna,28,0.38583,766,10.55533,7257
18,StefanoDuo,27,0.37205,793,10.92738,7257
19,claudiahub,26,0.35827,819,11.28566,7257
20,xuanyu66,26,0.35827,845,11.64393,7257
21,zyy19981018,26,0.35827,871,12.00220,7257
22,jonahaapala,24,0.33072,895,12.33292,7257
23,Nikhil2001,24,0.33072,919,12.66364,7257
24,philipaconrad,24,0.33072,943,12.99435,7257
25,alexdittmann,23,0.31694,966,13.31129,7257
26,jwilm,23,0.31694,989,13.62822,7257
27,jonathan-s,22,0.30316,1011,13.93138,7257
28,prakharporwal,22,0.30316,1033,14.23453,7257
29,tremordockerbuild,22,0.30316,1055,14.53769,7257
30,anilnokia,21,0.28938,1076,14.82706,7257
31,nslaughter,21,0.28938,1097,15.11644,7257
32,tyuchn,21,0.28938,1118,15.40582,7257
33,wrongerror,21,0.28938,1139,15.69519,7257
34,jasonbraganza,20,0.27560,1159,15.97079,7257
35,tpapagian,20,0.27560,1179,16.24638,7257
36,donpenney,19,0.26182,1198,16.50820,7257
37,michaelgoodrx,19,0.26182,1217,16.77002,7257
38,xieyuschen,19,0.26182,1236,17.03183,7257
39,FireLv,18,0.24804,1254,17.27987,7257
40,mayday0208,18,0.24804,1272,17.52790,7257
41,akhilac1,17,0.23426,1289,17.76216,7257
42,francotiveron,17,0.23426,1306,17.99642,7257
43,shruthidharani-4313,17,0.23426,1323,18.23067,7257
44,suning0,17,0.23426,1340,18.46493,7257
45,yo348,17,0.23426,1357,18.69919,7257
46,candita,16,0.22048,1373,18.91966,7257
47,MediosZ,16,0.22048,1389,19.14014,7257
48,amol-go,15,0.20670,1404,19.34684,7257
49,avillela,15,0.20670,1419,19.55353,7257
50,enjeck,15,0.20670,1434,19.76023,7257
51,exiett,15,0.20670,1449,19.96693,7257
52,imnitishng,15,0.20670,1464,20.17363,7257
53,JimWeier-VeteransUnited,15,0.20670,1479,20.38032,7257
54,LOMOGO,15,0.20670,1494,20.58702,7257
55,mdtamim,15,0.20670,1509,20.79372,7257
56,plombaer,15,0.20670,1524,21.00041,7257
57,rejmond,15,0.20670,1539,21.20711,7257
58,lewgun,14,0.19292,1553,21.40003,7257
59,MichaelVoelkel,14,0.19292,1567,21.59294,7257
60,mkcetinkaya,14,0.19292,1581,21.78586,7257
61,starlightknown,14,0.19292,1595,21.97878,7257
62,Stuti-mishra,14,0.19292,1609,22.17170,7257
63,apoorva-jn,13,0.17914,1622,22.35083,7257
64,caproven,13,0.17914,1635,22.52997,7257
65,dasMulli,13,0.17914,1648,22.70911,7257
66,dhavalgshah,13,0.17914,1661,22.88825,7257
67,GanZiheng,13,0.17914,1674,23.06738,7257
68,nikhleshgoenka,13,0.17914,1687,23.24652,7257
69,onalante-msft,13,0.17914,1700,23.42566,7257
70,pgvishnuram,13,0.17914,1713,23.60480,7257
71,Pinolo,13,0.17914,1726,23.78393,7257
72,rthera7,13,0.17914,1739,23.96307,7257
73,SamrathPalSingh,13,0.17914,1752,24.14221,7257
74,SethFalco,13,0.17914,1765,24.32134,7257
75,ToniIltanen,13,0.17914,1778,24.50048,7257
76,vinli-cn,13,0.17914,1791,24.67962,7257
77,XiaoxiHuang21,13,0.17914,1804,24.85876,7257
78,zylan29,13,0.17914,1817,25.03789,7257
79,encausticcello,12,0.16536,1829,25.20325,7257
80,marcalff,12,0.16536,1841,25.36861,7257
81,NanyinK,12,0.16536,1853,25.53397,7257
82,ridavid2002,12,0.16536,1865,25.69932,7257
83,shmilyoo,12,0.16536,1877,25.86468,7257
84,vividvilla,12,0.16536,1889,26.03004,7257
85,carpediemtal,11,0.15158,1900,26.18162,7257
86,ChenCong0207,11,0.15158,1911,26.33320,7257
87,codelipenghui,11,0.15158,1922,26.48477,7257
88,ihuibin,11,0.15158,1933,26.63635,7257
89,izturn,11,0.15158,1944,26.78793,7257
90,joe-atzinger,11,0.15158,1955,26.93951,7257
91,Jungle666,11,0.15158,1966,27.09108,7257
92,kentahikaru,11,0.15158,1977,27.24266,7257
93,Oreoxmt,11,0.15158,1988,27.39424,7257
94,Vaxuite,11,0.15158,1999,27.54582,7257
95,xueliang-zhong-arm,11,0.15158,2010,27.69740,7257
96,anjalisajith,10,0.13780,2020,27.83519,7257
97,annelausf,10,0.13780,2030,27.97299,7257
98,ataker,10,0.13780,2040,28.11079,7257
99,ben-natan,10,0.13780,2050,28.24859,7257
100,gaow1423,10,0.13780,2060,28.38639,7257
101,hoxhaeris,10,0.13780,2070,28.52418,7257
102,josevnz,10,0.13780,2080,28.66198,7257
103,mboussarov,10,0.13780,2090,28.79978,7257
104,meliwex,10,0.13780,2100,28.93758,7257
105,mstange,10,0.13780,2110,29.07538,7257
106,sarahhuber001,10,0.13780,2120,29.21317,7257
107,smithi76,10,0.13780,2130,29.35097,7257
108,Super-long,10,0.13780,2140,29.48877,7257
109,vampireqian,10,0.13780,2150,29.62657,7257
110,Vighi88,10,0.13780,2160,29.76437,7257
111,aanoaa,9,0.12402,2169,29.88838,7257
112,adamdepollo,9,0.12402,2178,30.01240,7257
113,angelokurtis,9,0.12402,2187,30.13642,7257
114,cnvergence,9,0.12402,2196,30.26044,7257
115,jnunezgts,9,0.12402,2205,30.38446,7257
116,joshniec,9,0.12402,2214,30.50847,7257
117,k0eff,9,0.12402,2223,30.63249,7257
118,kehuili,9,0.12402,2232,30.75651,7257
119,kongjibai,9,0.12402,2241,30.88053,7257
120,lobshunter,9,0.12402,2250,31.00455,7257
121,Paciv,9,0.12402,2259,31.12857,7257
122,panktishah26,9,0.12402,2268,31.25258,7257
123,pns-nirmata,9,0.12402,2277,31.37660,7257
124,QuiiBz,9,0.12402,2286,31.50062,7257
125,rickerc,9,0.12402,2295,31.62464,7257
126,rzyns,9,0.12402,2304,31.74866,7257
127,xyq175com,9,0.12402,2313,31.87267,7257
128,Yansongsongsong,9,0.12402,2322,31.99669,7257
129,ajames-branch,8,0.11024,2330,32.10693,7257
130,asaini11,8,0.11024,2338,32.21717,7257
131,avish42,8,0.11024,2346,32.32741,7257
132,boy461205160,8,0.11024,2354,32.43765,7257
133,danielvieiravega,8,0.11024,2362,32.54788,7257
134,doaspx,8,0.11024,2370,32.65812,7257
135,emperinter,8,0.11024,2378,32.76836,7257
136,eridai,8,0.11024,2386,32.87860,7257
137,Ileriayo,8,0.11024,2394,32.98884,7257
138,jsoo1,8,0.11024,2402,33.09908,7257
139,krisdiano,8,0.11024,2410,33.20932,7257
140,ljflores,8,0.11024,2418,33.31955,7257
141,mahaisong,8,0.11024,2426,33.42979,7257
142,matglas,8,0.11024,2434,33.54003,7257
143,morepork,8,0.11024,2442,33.65027,7257
144,renlord,8,0.11024,2450,33.76051,7257
145,stelah1423,8,0.11024,2458,33.87075,7257
146,TalhaNaeem1,8,0.11024,2466,33.98098,7257
147,tgckpg,8,0.11024,2474,34.09122,7257
148,tranthang2404,8,0.11024,2482,34.20146,7257
149,vakalapa,8,0.11024,2490,34.31170,7257
150,xiake468,8,0.11024,2498,34.42194,7257
151,xiao-jay,8,0.11024,2506,34.53218,7257
152,xtaje,8,0.11024,2514,34.64241,7257
153,y-gagar1n,8,0.11024,2522,34.75265,7257
154,zeta2030,8,0.11024,2530,34.86289,7257
155,alokpr,7,0.09646,2537,34.95935,7257
156,Anarkis,7,0.09646,2544,35.05581,7257
157,ankitnmalhotra,7,0.09646,2551,35.15227,7257
158,Balfa,7,0.09646,2558,35.24873,7257
159,BenHesketh21,7,0.09646,2565,35.34518,7257
160,bryan-styra,7,0.09646,2572,35.44164,7257
161,carlotas19,7,0.09646,2579,35.53810,7257
162,cdkgenie,7,0.09646,2586,35.63456,7257
163,ComaX21,7,0.09646,2593,35.73102,7257
164,dbravovmw,7,0.09646,2600,35.82748,7257
165,dgradecak,7,0.09646,2607,35.92394,7257
166,evhfla,7,0.09646,2614,36.02039,7257
167,gp187,7,0.09646,2621,36.11685,7257
168,heibaijian,7,0.09646,2628,36.21331,7257
169,jimmypresto,7,0.09646,2635,36.30977,7257
170,justin-obn,7,0.09646,2642,36.40623,7257
171,Keimille,7,0.09646,2649,36.50269,7257
172,ku524,7,0.09646,2656,36.59915,7257
173,lvyanru8200,7,0.09646,2663,36.69560,7257
174,marvinliu,7,0.09646,2670,36.79206,7257
175,MingkeVan,7,0.09646,2677,36.88852,7257
176,moule3053,7,0.09646,2684,36.98498,7257
177,nashford77,7,0.09646,2691,37.08144,7257
178,orhanasan,7,0.09646,2698,37.17790,7257
179,pthoelken,7,0.09646,2705,37.27436,7257
180,S972776051,7,0.09646,2712,37.37081,7257
181,SahityaGupta25,7,0.09646,2719,37.46727,7257
182,sakulka,7,0.09646,2726,37.56373,7257
183,sergey-telpuk,7,0.09646,2733,37.66019,7257
184,siaimes,7,0.09646,2740,37.75665,7257
185,skmkzyk,7,0.09646,2747,37.85311,7257
186,slahirucd7,7,0.09646,2754,37.94957,7257
187,tomk9,7,0.09646,2761,38.04602,7257
188,Venkat1188,7,0.09646,2768,38.14248,7257
189,xieyi888,7,0.09646,2775,38.23894,7257
190,abhinav-g-goyal,6,0.08268,2781,38.32162,7257
191,ajlane,6,0.08268,2787,38.40430,7257
192,arukiidou,6,0.08268,2793,38.48698,7257
193,benn0r,6,0.08268,2799,38.56966,7257
194,biswajit-nanda,6,0.08268,2805,38.65234,7257
195,c0c0n3,6,0.08268,2811,38.73501,7257
196,daogilvie,6,0.08268,2817,38.81769,7257
197,devonochmand,6,0.08268,2823,38.90037,7257
198,dewjam,6,0.08268,2829,38.98305,7257
199,Dwisf,6,0.08268,2835,39.06573,7257
200,e11jah,6,0.08268,2841,39.14841,7257
201,ES-Yukun,6,0.08268,2847,39.23109,7257
202,Fareroo7,6,0.08268,2853,39.31377,7257
203,fazer1929,6,0.08268,2859,39.39644,7257
204,FerFlovi,6,0.08268,2865,39.47912,7257
205,gquillar,6,0.08268,2871,39.56180,7257
206,gregorytalita,6,0.08268,2877,39.64448,7257
207,g-sartori,6,0.08268,2883,39.72716,7257
208,helsaawy,6,0.08268,2889,39.80984,7257
209,hshamji,6,0.08268,2895,39.89252,7257
210,huyuanjing,6,0.08268,2901,39.97520,7257
211,hwjiangkai,6,0.08268,2907,40.05788,7257
212,H-W-WXL,6,0.08268,2913,40.14055,7257
213,Icesource,6,0.08268,2919,40.22323,7257
214,ivanhoe,6,0.08268,2925,40.30591,7257
215,jademcosta,6,0.08268,2931,40.38859,7257
216,jeszii,6,0.08268,2937,40.47127,7257
217,jingyuanliang,6,0.08268,2943,40.55395,7257
218,juliays,6,0.08268,2949,40.63663,7257
219,Livius90,6,0.08268,2955,40.71931,7257
220,ls0f,6,0.08268,2961,40.80198,7257
221,martinxluptak,6,0.08268,2967,40.88466,7257
222,mathlsj,6,0.08268,2973,40.96734,7257
223,MichaelLan,6,0.08268,2979,41.05002,7257
224,Naganathan,6,0.08268,2985,41.13270,7257
225,naufalafif,6,0.08268,2991,41.21538,7257
226,niuzhi,6,0.08268,2997,41.29806,7257
227,oliora,6,0.08268,3003,41.38074,7257
228,qinzhiben11,6,0.08268,3009,41.46341,7257
229,RonPeters,6,0.08268,3015,41.54609,7257
230,rvacaru,6,0.08268,3021,41.62877,7257
231,Sandeepb-nextcar,6,0.08268,3027,41.71145,7257
232,sar009,6,0.08268,3033,41.79413,7257
233,sbuckfelder,6,0.08268,3039,41.87681,7257
234,schroeder-paul,6,0.08268,3045,41.95949,7257
235,Shikaz,6,0.08268,3051,42.04217,7257
236,snjypl,6,0.08268,3057,42.12484,7257
237,Soon5,6,0.08268,3063,42.20752,7257
238,sunsun20,6,0.08268,3069,42.29020,7257
239,TobiasS1402,6,0.08268,3075,42.37288,7257
240,utkonos,6,0.08268,3081,42.45556,7257
241,vadimgudko,6,0.08268,3087,42.53824,7257
242,wdw-jst,6,0.08268,3093,42.62092,7257
243,yuv00191,6,0.08268,3099,42.70360,7257
244,aidendou,5,0.06890,3104,42.77250,7257
245,albertogdd,5,0.06890,3109,42.84139,7257
246,Amit-Singh40,5,0.06890,3114,42.91029,7257
247,AppalaKarthik,5,0.06890,3119,42.97919,7257
248,betaboon,5,0.06890,3124,43.04809,7257
249,bfblog,5,0.06890,3129,43.11699,7257
250,bhargavmungara,5,0.06890,3134,43.18589,7257
251,brainslush,5,0.06890,3139,43.25479,7257
252,bryanv,5,0.06890,3144,43.32369,7257
253,ca1e,5,0.06890,3149,43.39259,7257
254,caedo960,5,0.06890,3154,43.46149,7257
255,Coffeeri,5,0.06890,3159,43.53038,7257
256,Dakyne,5,0.06890,3164,43.59928,7257
257,Dan6erbond,5,0.06890,3169,43.66818,7257
258,daudcanugerah,5,0.06890,3174,43.73708,7257
259,digi-talo,5,0.06890,3179,43.80598,7257
260,dmmjy9,5,0.06890,3184,43.87488,7257
261,double12gzh,5,0.06890,3189,43.94378,7257
262,drev74,5,0.06890,3194,44.01268,7257
263,dw86uk,5,0.06890,3199,44.08158,7257
264,ehsannm,5,0.06890,3204,44.15048,7257
265,ErikJiang,5,0.06890,3209,44.21937,7257
266,fansehep,5,0.06890,3214,44.28827,7257
267,guylev008,5,0.06890,3219,44.35717,7257
268,HackerYunen,5,0.06890,3224,44.42607,7257
269,HiCubee,5,0.06890,3229,44.49497,7257
270,hionnode,5,0.06890,3234,44.56387,7257
271,hitorig,5,0.06890,3239,44.63277,7257
272,IamSatyaonline,5,0.06890,3244,44.70167,7257
273,ibuder,5,0.06890,3249,44.77057,7257
274,Icarus9913,5,0.06890,3254,44.83947,7257
275,ivangonzalezacuna,5,0.06890,3259,44.90836,7257
276,jcunliffe1,5,0.06890,3264,44.97726,7257
277,joey-skittlz,5,0.06890,3269,45.04616,7257
278,Joywvw,5,0.06890,3274,45.11506,7257
279,jpmartin2,5,0.06890,3279,45.18396,7257
280,karinagrullon,5,0.06890,3284,45.25286,7257
281,Kcwan18,5,0.06890,3289,45.32176,7257
282,kenning,5,0.06890,3294,45.39066,7257
283,kensipe-test,5,0.06890,3299,45.45956,7257
284,kevellis124,5,0.06890,3304,45.52846,7257
285,kubebeginner,5,0.06890,3309,45.59735,7257
286,kzhui125,5,0.06890,3314,45.66625,7257
287,leschaller1,5,0.06890,3319,45.73515,7257
288,liadgo,5,0.06890,3324,45.80405,7257
289,ljavorsk,5,0.06890,3329,45.87295,7257
290,LuJunlai1996,5,0.06890,3334,45.94185,7257
291,lynn901,5,0.06890,3339,46.01075,7257
292,Milkshak3s,5,0.06890,3344,46.07965,7257
293,mohamedasaker-arm,5,0.06890,3349,46.14855,7257
294,netmenya,5,0.06890,3354,46.21745,7257
295,oliverhamilton7915,5,0.06890,3359,46.28634,7257
296,OlivierFrancais,5,0.06890,3364,46.35524,7257
297,opstalj,5,0.06890,3369,46.42414,7257
298,paulius-valiunas,5,0.06890,3374,46.49304,7257
299,pbhalera,5,0.06890,3379,46.56194,7257
300,peterheo,5,0.06890,3384,46.63084,7257
301,peterleonardlie,5,0.06890,3389,46.69974,7257
302,qpetraroia,5,0.06890,3394,46.76864,7257
303,quintonm,5,0.06890,3399,46.83754,7257
304,raxod502-plaid,5,0.06890,3404,46.90644,7257
305,renshuyang7,5,0.06890,3409,46.97533,7257
306,richardbrodie,5,0.06890,3414,47.04423,7257
307,RyanGrange,5,0.06890,3419,47.11313,7257
308,sableangle,5,0.06890,3424,47.18203,7257
309,samnoon1971,5,0.06890,3429,47.25093,7257
310,schulke-214,5,0.06890,3434,47.31983,7257
311,shivanshi18,5,0.06890,3439,47.38873,7257
312,smalnote,5,0.06890,3444,47.45763,7257
313,speer,5,0.06890,3449,47.52653,7257
314,stepbystep2,5,0.06890,3454,47.59543,7257
315,sunday866,5,0.06890,3459,47.66432,7257
316,supaspoida,5,0.06890,3464,47.73322,7257
317,szpnygo,5,0.06890,3469,47.80212,7257
318,thulasidassrinivasan,5,0.06890,3474,47.87102,7257
319,tjbnde,5,0.06890,3479,47.93992,7257
320,tomstuart,5,0.06890,3484,48.00882,7257
321,tscuite,5,0.06890,3489,48.07772,7257
322,vancentle1996,5,0.06890,3494,48.14662,7257
323,vincentlimsft,5,0.06890,3499,48.21552,7257
324,vrychkov-repay,5,0.06890,3504,48.28442,7257
325,YADROOKIE,5,0.06890,3509,48.35331,7257
326,yanmxa,5,0.06890,3514,48.42221,7257
327,yujiorama,5,0.06890,3519,48.49111,7257
328,zamariola,5,0.06890,3524,48.56001,7257
329,zaozaoniao,5,0.06890,3529,48.62891,7257
330,zhuxindong,5,0.06890,3534,48.69781,7257
331,0918wang,4,0.05512,3538,48.75293,7257
332,abhinay99190,4,0.05512,3542,48.80805,7257
333,adamreed90,4,0.05512,3546,48.86317,7257
334,agaillar,4,0.05512,3550,48.91829,7257
335,ahmad-shams,4,0.05512,3554,48.97340,7257
336,akats7,4,0.05512,3558,49.02852,7257
337,amakutunowicz,4,0.05512,3562,49.08364,7257
338,andrej-gomozov,4,0.05512,3566,49.13876,7257
339,Anonyfox,4,0.05512,3570,49.19388,7257
340,anutosh491,4,0.05512,3574,49.24900,7257
341,anvmga,4,0.05512,3578,49.30412,7257
342,areller,4,0.05512,3582,49.35924,7257
343,autoamator,4,0.05512,3586,49.41436,7257
344,ayasha05,4,0.05512,3590,49.46948,7257
345,backendcloud,4,0.05512,3594,49.52460,7257
346,bautrey37,4,0.05512,3598,49.57972,7257
347,BennettSmith,4,0.05512,3602,49.63484,7257
348,bobharwood,4,0.05512,3606,49.68995,7257
349,bodhi-code,4,0.05512,3610,49.74507,7257
350,boyadzhievb,4,0.05512,3614,49.80019,7257
351,cdmitri,4,0.05512,3618,49.85531,7257
352,chenchensheng,4,0.05512,3622,49.91043,7257
353,cpboyd,4,0.05512,3626,49.96555,7257
354,danrca,4,0.05512,3630,50.02067,7257
355,deepaklearner,4,0.05512,3634,50.07579,7257
356,deevroman,4,0.05512,3638,50.13091,7257
357,dmallubhotla,4,0.05512,3642,50.18603,7257
358,doehyunbaek,4,0.05512,3646,50.24115,7257
359,duxing,4,0.05512,3650,50.29627,7257
360,eakyildirim,4,0.05512,3654,50.35138,7257
361,efiacor,4,0.05512,3658,50.40650,7257
362,Emadmojiri,4,0.05512,3662,50.46162,7257
363,embroede,4,0.05512,3666,50.51674,7257
364,Eomm,4,0.05512,3670,50.57186,7257
365,exhau,4,0.05512,3674,50.62698,7257
366,ezequielantunez,4,0.05512,3678,50.68210,7257
367,fengkang01,4,0.05512,3682,50.73722,7257
368,FrittenToni,4,0.05512,3686,50.79234,7257
369,FrodeI,4,0.05512,3690,50.84746,7257
370,galiacheng,4,0.05512,3694,50.90258,7257
371,gartmand,4,0.05512,3698,50.95770,7257
372,gauravmca2017,4,0.05512,3702,51.01282,7257
373,gedankennebel,4,0.05512,3706,51.06793,7257
374,Genry1,4,0.05512,3710,51.12305,7257
375,guodonglai,4,0.05512,3714,51.17817,7257
376,guoqianru,4,0.05512,3718,51.23329,7257
377,hacker-jak,4,0.05512,3722,51.28841,7257
378,ibabiankou,4,0.05512,3726,51.34353,7257
379,isuru-perera,4,0.05512,3730,51.39865,7257
380,ivacolop,4,0.05512,3734,51.45377,7257
381,IYABAO,4,0.05512,3738,51.50889,7257
382,Jardynq,4,0.05512,3742,51.56401,7257
383,jaskij,4,0.05512,3746,51.61913,7257
384,JIANGYU-14,4,0.05512,3750,51.67425,7257
385,jkreileder,4,0.05512,3754,51.72936,7257
386,johnp-stella,4,0.05512,3758,51.78448,7257
387,jujiale,4,0.05512,3762,51.83960,7257
388,kagedani,4,0.05512,3766,51.89472,7257
389,kaiyuanlim,4,0.05512,3770,51.94984,7257
390,KariemSoudy,4,0.05512,3774,52.00496,7257
391,ketseh,4,0.05512,3778,52.06008,7257
392,Kiranmoka,4,0.05512,3782,52.11520,7257
393,krgn,4,0.05512,3786,52.17032,7257
394,laiyunong,4,0.05512,3790,52.22544,7257
395,learnitall,4,0.05512,3794,52.28056,7257
396,lijie0123,4,0.05512,3798,52.33568,7257
397,liuhanguang123,4,0.05512,3802,52.39080,7257
398,liuzhen2008,4,0.05512,3806,52.44591,7257
399,Lu-Gru,4,0.05512,3810,52.50103,7257
400,luoxiaoyun-hw,4,0.05512,3814,52.55615,7257
401,MagicalBomb,4,0.05512,3818,52.61127,7257
402,martynas-m,4,0.05512,3822,52.66639,7257
403,Maxfer4Maxfer,4,0.05512,3826,52.72151,7257
404,minenhle-lipapayments,4,0.05512,3830,52.77663,7257
405,mkauf,4,0.05512,3834,52.83175,7257
406,mlalic,4,0.05512,3838,52.88687,7257
407,moreyhat,4,0.05512,3842,52.94199,7257
408,mrgreyves,4,0.05512,3846,52.99711,7257
409,msebi,4,0.05512,3850,53.05223,7257
410,myself7890,4,0.05512,3854,53.10734,7257
411,nikhilMS123,4,0.05512,3858,53.16246,7257
412,npchandran,4,0.05512,3862,53.21758,7257
413,OlafHappyson,4,0.05512,3866,53.27270,7257
414,OleksiiPasihnyk,4,0.05512,3870,53.32782,7257
415,o-shevchenko,4,0.05512,3874,53.38294,7257
416,parthasarathi-pm,4,0.05512,3878,53.43806,7257
417,pdonchst,4,0.05512,3882,53.49318,7257
418,peterbom,4,0.05512,3886,53.54830,7257
419,podurga,4,0.05512,3890,53.60342,7257
420,Prisma-Ralf-T,4,0.05512,3894,53.65854,7257
421,ramonberrutti-f3,4,0.05512,3898,53.71366,7257
422,RedrumSherlock,4,0.05512,3902,53.76877,7257
423,rheckart,4,0.05512,3906,53.82389,7257
424,rjrosa,4,0.05512,3910,53.87901,7257
425,rohith-cmd,4,0.05512,3914,53.93413,7257
426,rohitjha941,4,0.05512,3918,53.98925,7257
427,sankhyan,4,0.05512,3922,54.04437,7257
428,seung-moon,4,0.05512,3926,54.09949,7257
429,sharmarahul5,4,0.05512,3930,54.15461,7257
430,shashipramod,4,0.05512,3934,54.20973,7257
431,SimonYang-CS,4,0.05512,3938,54.26485,7257
432,SOF3,4,0.05512,3942,54.31997,7257
433,swagatbora90,4,0.05512,3946,54.37509,7257
434,tal66,4,0.05512,3950,54.43021,7257
435,tall-dan,4,0.05512,3954,54.48532,7257
436,TayyabSuhail123,4,0.05512,3958,54.54044,7257
437,thangamani-arun,4,0.05512,3962,54.59556,7257
438,TieWay59,4,0.05512,3966,54.65068,7257
439,tikluganguly,4,0.05512,3970,54.70580,7257
440,TIM-Siyuan,4,0.05512,3974,54.76092,7257
441,tracycyx,4,0.05512,3978,54.81604,7257
442,tvsaru,4,0.05512,3982,54.87116,7257
443,UrsusLvovich,4,0.05512,3986,54.92628,7257
444,valande,4,0.05512,3990,54.98140,7257
445,Veryfirstmoment,4,0.05512,3994,55.03652,7257
446,vikramvicky61,4,0.05512,3998,55.09164,7257
447,vk-98,4,0.05512,4002,55.14675,7257
448,vring0,4,0.05512,4006,55.20187,7257
449,vvenka57,4,0.05512,4010,55.25699,7257
450,whoreyou,4,0.05512,4014,55.31211,7257
451,willwexler,4,0.05512,4018,55.36723,7257
452,wokalski,4,0.05512,4022,55.42235,7257
453,xAmast,4,0.05512,4026,55.47747,7257
454,xie-shujian,4,0.05512,4030,55.53259,7257
455,YANGJINJUE,4,0.05512,4034,55.58771,7257
456,yentheo,4,0.05512,4038,55.64283,7257
457,yitiangf,4,0.05512,4042,55.69795,7257
458,YuxiangJohn,4,0.05512,4046,55.75307,7257
459,yzsolt,4,0.05512,4050,55.80819,7257
460,zhongdamedia,4,0.05512,4054,55.86330,7257
461,ZiaUrRehman-GBI,4,0.05512,4058,55.91842,7257
462,12csw1,3,0.04134,4061,55.95976,7257
463,15216422268,3,0.04134,4064,56.00110,7257
464,16871560,3,0.04134,4067,56.04244,7257
465,aameen-tulip,3,0.04134,4070,56.08378,7257
466,AamirRizwan,3,0.04134,4073,56.12512,7257
467,abguptms,3,0.04134,4076,56.16646,7257
468,adeturner,3,0.04134,4079,56.20780,7257
469,AdminWithROOT,3,0.04134,4082,56.24914,7257
470,adrianfdez469,3,0.04134,4085,56.29048,7257
471,aesca1er,3,0.04134,4088,56.33182,7257
472,Ahlaee,3,0.04134,4091,56.37316,7257
473,ahrex,3,0.04134,4094,56.41450,7257
474,akioyamamoto1977,3,0.04134,4097,56.45584,7257
475,AkselMeola,3,0.04134,4100,56.49718,7257
476,alexandermarston,3,0.04134,4103,56.53851,7257
477,alex-wearisma,3,0.04134,4106,56.57985,7257
478,alexweide,3,0.04134,4109,56.62119,7257
479,AliElKhatteb,3,0.04134,4112,56.66253,7257
480,aminya,3,0.04134,4115,56.70387,7257
481,andr2k,3,0.04134,4118,56.74521,7257
482,animaonline,3,0.04134,4121,56.78655,7257
483,anoland,3,0.04134,4124,56.82789,7257
484,AnuragEkkati,3,0.04134,4127,56.86923,7257
485,appershan,3,0.04134,4130,56.91057,7257
486,arvisha16,3,0.04134,4133,56.95191,7257
487,asahnovskiy-deloitte,3,0.04134,4136,56.99325,7257
488,Aurorxa,3,0.04134,4139,57.03459,7257
489,ayesha-kr,3,0.04134,4142,57.07593,7257
490,bartslinger,3,0.04134,4145,57.11727,7257
491,BenV,3,0.04134,4148,57.15861,7257
492,benvernier-sc,3,0.04134,4151,57.19994,7257
493,BhasherBEL,3,0.04134,4154,57.24128,7257
494,bmwinstead,3,0.04134,4157,57.28262,7257
495,brandynbennett,3,0.04134,4160,57.32396,7257
496,brinchm,3,0.04134,4163,57.36530,7257
497,bvandewe,3,0.04134,4166,57.40664,7257
498,Ccheers,3,0.04134,4169,57.44798,7257
499,chdalski,3,0.04134,4172,57.48932,7257
500,ChihiroKitada,3,0.04134,4175,57.53066,7257
501,chrischen,3,0.04134,4178,57.57200,7257
502,chris-esterlein,3,0.04134,4181,57.61334,7257
503,chris-sadighgroup,3,0.04134,4184,57.65468,7257
504,christiancadieux,3,0.04134,4187,57.69602,7257
505,chronosa,3,0.04134,4190,57.73736,7257
506,ColeSiegelTR,3,0.04134,4193,57.77870,7257
507,CondorKun,3,0.04134,4196,57.82004,7257
508,ConstantinChirila,3,0.04134,4199,57.86138,7257
509,CosbyBs86,3,0.04134,4202,57.90271,7257
510,cpatanjali,3,0.04134,4205,57.94405,7257
511,cxMax,3,0.04134,4208,57.98539,7257
512,DaAlbrecht,3,0.04134,4211,58.02673,7257
513,daftu,3,0.04134,4214,58.06807,7257
514,dangars,3,0.04134,4217,58.10941,7257
515,dangolbeeker,3,0.04134,4220,58.15075,7257
516,daniellfalcao,3,0.04134,4223,58.19209,7257
517,danilaplee,3,0.04134,4226,58.23343,7257
518,dean7474,3,0.04134,4229,58.27477,7257
519,deepakthakur143,3,0.04134,4232,58.31611,7257
520,dgibbard-cisco,3,0.04134,4235,58.35745,7257
521,dheerajgss,3,0.04134,4238,58.39879,7257
522,disenchant,3,0.04134,4241,58.44013,7257
523,Donnerbart,3,0.04134,4244,58.48147,7257
524,dpreal,3,0.04134,4247,58.52281,7257
525,drummerglen,3,0.04134,4250,58.56414,7257
526,duarten,3,0.04134,4253,58.60548,7257
527,duffiye,3,0.04134,4256,58.64682,7257
528,DutchEllie,3,0.04134,4259,58.68816,7257
529,dwalters,3,0.04134,4262,58.72950,7257
530,dxuuu,3,0.04134,4265,58.77084,7257
531,Ebaneck,3,0.04134,4268,58.81218,7257
532,elitwilson,3,0.04134,4271,58.85352,7257
533,entscheidungsproblem,3,0.04134,4274,58.89486,7257
534,ErwinJapie,3,0.04134,4277,58.93620,7257
535,EvanSung,3,0.04134,4280,58.97754,7257
536,fatelei,3,0.04134,4283,59.01888,7257
537,fine-wind,3,0.04134,4286,59.06022,7257
538,fissssssh,3,0.04134,4289,59.10156,7257
539,fuzails,3,0.04134,4292,59.14290,7257
540,gas6262,3,0.04134,4295,59.18424,7257
541,gcolten,3,0.04134,4298,59.22558,7257
542,GermanCoding,3,0.04134,4301,59.26691,7257
543,gerrywd,3,0.04134,4304,59.30825,7257
544,Giildo,3,0.04134,4307,59.34959,7257
545,GopiKannanJP,3,0.04134,4310,59.39093,7257
546,goququ,3,0.04134,4313,59.43227,7257
547,gotti,3,0.04134,4316,59.47361,7257
548,Gregcake,3,0.04134,4319,59.51495,7257
549,gsweene2,3,0.04134,4322,59.55629,7257
550,hansungg,3,0.04134,4325,59.59763,7257
551,harmony7,3,0.04134,4328,59.63897,7257
552,hemantkathuria,3,0.04134,4331,59.68031,7257
553,HeyImAllan,3,0.04134,4334,59.72165,7257
554,hiroshui,3,0.04134,4337,59.76299,7257
555,HL-EverGreen,3,0.04134,4340,59.80433,7257
556,hniehus,3,0.04134,4343,59.84567,7257
557,hughes20,3,0.04134,4346,59.88701,7257
558,hwzp99,3,0.04134,4349,59.92835,7257
559,hxysayhi,3,0.04134,4352,59.96968,7257
560,iammrgenie,3,0.04134,4355,60.01102,7257
561,inetman28,3,0.04134,4358,60.05236,7257
562,italukder,3,0.04134,4361,60.09370,7257
563,ixjosemi,3,0.04134,4364,60.13504,7257
564,jaidevmane,3,0.04134,4367,60.17638,7257
565,jaredjenkins,3,0.04134,4370,60.21772,7257
566,jlee70,3,0.04134,4373,60.25906,7257
567,jmjf,3,0.04134,4376,60.30040,7257
568,johandry,3,0.04134,4379,60.34174,7257
569,johncrim,3,0.04134,4382,60.38308,7257
570,johnlongo,3,0.04134,4385,60.42442,7257
571,jpablo-eqx,3,0.04134,4388,60.46576,7257
572,juncao97,3,0.04134,4391,60.50710,7257
573,justbuilding,3,0.04134,4394,60.54844,7257
574,justinreddick,3,0.04134,4397,60.58978,7257
575,kamranhastam,3,0.04134,4400,60.63111,7257
576,kapendra-sentieo,3,0.04134,4403,60.67245,7257
577,kegesch,3,0.04134,4406,60.71379,7257
578,kendonPy,3,0.04134,4409,60.75513,7257
579,kirinrastogi,3,0.04134,4412,60.79647,7257
580,koying,3,0.04134,4415,60.83781,7257
581,kpyan8s,3,0.04134,4418,60.87915,7257
582,l0k18,3,0.04134,4421,60.92049,7257
583,lost4git,3,0.04134,4424,60.96183,7257
584,luandrea,3,0.04134,4427,61.00317,7257
585,lucarmcarlos,3,0.04134,4430,61.04451,7257
586,luke-hemisphere,3,0.04134,4433,61.08585,7257
587,lw3636,3,0.04134,4436,61.12719,7257
588,mandicLuka,3,0.04134,4439,61.16853,7257
589,manishdash12,3,0.04134,4442,61.20987,7257
590,marcingy,3,0.04134,4445,61.25121,7257
591,marcosatti,3,0.04134,4448,61.29255,7257
592,marketier,3,0.04134,4451,61.33388,7257
593,markhulia,3,0.04134,4454,61.37522,7257
594,MarshHawk,3,0.04134,4457,61.41656,7257
595,Mason-Harding,3,0.04134,4460,61.45790,7257
596,mason-stewart,3,0.04134,4463,61.49924,7257
597,mbrowatzki,3,0.04134,4466,61.54058,7257
598,mcquadros,3,0.04134,4469,61.58192,7257
599,meyerkev,3,0.04134,4472,61.62326,7257
600,michaelryanpeter,3,0.04134,4475,61.66460,7257
601,misterluck,3,0.04134,4478,61.70594,7257
602,mjmorales,3,0.04134,4481,61.74728,7257
603,M-JobPixel,3,0.04134,4484,61.78862,7257
604,mroach,3,0.04134,4487,61.82996,7257
605,munger1985,3,0.04134,4490,61.87130,7257
606,munierujp,3,0.04134,4493,61.91264,7257
607,muziekklas,3,0.04134,4496,61.95398,7257
608,Nafalgar,3,0.04134,4499,61.99531,7257
609,Nalin28,3,0.04134,4502,62.03665,7257
610,naphatkrit,3,0.04134,4505,62.07799,7257
611,networkhell,3,0.04134,4508,62.11933,7257
612,nickexported,3,0.04134,4511,62.16067,7257
613,Nika-89,3,0.04134,4514,62.20201,7257
614,Nugine,3,0.04134,4517,62.24335,7257
615,nvsd,3,0.04134,4520,62.28469,7257
616,oc-christopher-billett,3,0.04134,4523,62.32603,7257
617,oldshaghat,3,0.04134,4526,62.36737,7257
618,onelxj,3,0.04134,4529,62.40871,7257
619,oshkiole,3,0.04134,4532,62.45005,7257
620,papandadj,3,0.04134,4535,62.49139,7257
621,patrickcamargo,3,0.04134,4538,62.53273,7257
622,patrickc-sb,3,0.04134,4541,62.57407,7257
623,PatrickZuell,3,0.04134,4544,62.61541,7257
624,pedroresende,3,0.04134,4547,62.65675,7257
625,PetrBarborka,3,0.04134,4550,62.69808,7257
626,phoban01,3,0.04134,4553,62.73942,7257
627,piotrpio,3,0.04134,4556,62.78076,7257
628,Pixcell,3,0.04134,4559,62.82210,7257
629,pollynesterovich,3,0.04134,4562,62.86344,7257
630,power-more,3,0.04134,4565,62.90478,7257
631,pramodak,3,0.04134,4568,62.94612,7257
632,prateekvishnu,3,0.04134,4571,62.98746,7257
633,princefishthrower,3,0.04134,4574,63.02880,7257
634,printWSL,3,0.04134,4577,63.07014,7257
635,ProfessorManhattan,3,0.04134,4580,63.11148,7257
636,ptthon,3,0.04134,4583,63.15282,7257
637,qq510521,3,0.04134,4586,63.19416,7257
638,rafan,3,0.04134,4589,63.23550,7257
639,Ramki33,3,0.04134,4592,63.27684,7257
640,Ratuchetp,3,0.04134,4595,63.31818,7257
641,ravish-kumar-maersk,3,0.04134,4598,63.35951,7257
642,rgroothuijsen,3,0.04134,4601,63.40085,7257
643,rgruchalski-klarrio,3,0.04134,4604,63.44219,7257
644,rnasani,3,0.04134,4607,63.48353,7257
645,rocky0001,3,0.04134,4610,63.52487,7257
646,roddyherries,3,0.04134,4613,63.56621,7257
647,roro007,3,0.04134,4616,63.60755,7257
648,ruifernando7,3,0.04134,4619,63.64889,7257
649,Ruitjes,3,0.04134,4622,63.69023,7257
650,sandyisone,3,0.04134,4625,63.73157,7257
651,sc-olenanosenko,3,0.04134,4628,63.77291,7257
652,seanw75,3,0.04134,4631,63.81425,7257
653,secsys-go,3,0.04134,4634,63.85559,7257
654,sfc-gh-jchacon,3,0.04134,4637,63.89693,7257
655,sf-declanomalley,3,0.04134,4640,63.93827,7257
656,ShaunakJoshi1407,3,0.04134,4643,63.97961,7257
657,shidaxi,3,0.04134,4646,64.02095,7257
658,Shivanireddie,3,0.04134,4649,64.06228,7257
659,shivavishaal66215,3,0.04134,4652,64.10362,7257
660,shs96c,3,0.04134,4655,64.14496,7257
661,sigmoidal,3,0.04134,4658,64.18630,7257
662,SikoJobs,3,0.04134,4661,64.22764,7257
663,sinevitch,3,0.04134,4664,64.26898,7257
664,siyigao1212,3,0.04134,4667,64.31032,7257
665,skamalj,3,0.04134,4670,64.35166,7257
666,SmartCC,3,0.04134,4673,64.39300,7257
667,sn-asownie,3,0.04134,4676,64.43434,7257
668,snowfly568790005,3,0.04134,4679,64.47568,7257
669,Socotoly,3,0.04134,4682,64.51702,7257
670,srinathkp,3,0.04134,4685,64.55836,7257
671,srinman,3,0.04134,4688,64.59970,7257
672,st3v,3,0.04134,4691,64.64104,7257
673,stefee,3,0.04134,4694,64.68238,7257
674,stephrdev,3,0.04134,4697,64.72372,7257
675,strattner,3,0.04134,4700,64.76505,7257
676,Swaps76,3,0.04134,4703,64.80639,7257
677,tedjpoole,3,0.04134,4706,64.84773,7257
678,tejeswar-komma,3,0.04134,4709,64.88907,7257
679,tesspib,3,0.04134,4712,64.93041,7257
680,thomasd-ign,3,0.04134,4715,64.97175,7257
681,thunder7s,3,0.04134,4718,65.01309,7257
682,tiagoangelozup,3,0.04134,4721,65.05443,7257
683,timorusky,3,0.04134,4724,65.09577,7257
684,tkblack,3,0.04134,4727,65.13711,7257
685,tongtongdi,3,0.04134,4730,65.17845,7257
686,tylerreece22,3,0.04134,4733,65.21979,7257
687,uclaeaslam,3,0.04134,4736,65.26113,7257
688,uesleilima,3,0.04134,4739,65.30247,7257
689,umairidris,3,0.04134,4742,65.34381,7257
690,Unveraenderbar,3,0.04134,4745,65.38515,7257
691,va-len-tine,3,0.04134,4748,65.42648,7257
692,vasanthaneppali,3,0.04134,4751,65.46782,7257
693,VerwaerdeWim,3,0.04134,4754,65.50916,7257
694,vhp1360,3,0.04134,4757,65.55050,7257
695,VladSaioc,3,0.04134,4760,65.59184,7257
696,wangyx2464,3,0.04134,4763,65.63318,7257
697,William-LP,3,0.04134,4766,65.67452,7257
698,xutao123777,3,0.04134,4769,65.71586,7257
699,yanrongshi,3,0.04134,4772,65.75720,7257
700,YihongGao,3,0.04134,4775,65.79854,7257
701,Yongci,3,0.04134,4778,65.83988,7257
702,yookacn,3,0.04134,4781,65.88122,7257
703,yunxi-zhang,3,0.04134,4784,65.92256,7257
704,ZiyamSanthosh,3,0.04134,4787,65.96390,7257
705,ZoeShaw101,3,0.04134,4790,66.00524,7257
706,ZZBrent,3,0.04134,4793,66.04658,7257
707,2000yeshu,2,0.02756,4795,66.07414,7257
708,335g,2,0.02756,4797,66.10169,7257
709,aagusuab,2,0.02756,4799,66.12925,7257
710,aam,2,0.02756,4801,66.15681,7257
711,abarberenaCPDS,2,0.02756,4803,66.18437,7257
712,Abesyuffcjk,2,0.02756,4805,66.21193,7257
713,abeyad,2,0.02756,4807,66.23949,7257
714,Abhicodes-crypto,2,0.02756,4809,66.26705,7257
715,abhisheks-infracloud,2,0.02756,4811,66.29461,7257
716,abssirohi90,2,0.02756,4813,66.32217,7257
717,achernya,2,0.02756,4815,66.34973,7257
718,adarshvn,2,0.02756,4817,66.37729,7257
719,ademuk,2,0.02756,4819,66.40485,7257
720,afedorenchik-li,2,0.02756,4821,66.43241,7257
721,aflinchb,2,0.02756,4823,66.45997,7257
722,afresh,2,0.02756,4825,66.48753,7257
723,AgrimPrasad,2,0.02756,4827,66.51509,7257
724,ahaysx,2,0.02756,4829,66.54265,7257
725,aidan-og,2,0.02756,4831,66.57021,7257
726,Ajgera30,2,0.02756,4833,66.59777,7257
727,ak20102763,2,0.02756,4835,66.62533,7257
728,akri3i,2,0.02756,4837,66.65289,7257
729,alamb,2,0.02756,4839,66.68045,7257
730,AlexanderLW,2,0.02756,4841,66.70801,7257
731,AlexApriamashvili,2,0.02756,4843,66.73557,7257
732,AlexxNica,2,0.02756,4845,66.76313,7257
733,alliot-qima,2,0.02756,4847,66.79068,7257
734,alvaropalmeirao,2,0.02756,4849,66.81824,7257
735,alyti,2,0.02756,4851,66.84580,7257
736,amalofeev-voc,2,0.02756,4853,66.87336,7257
737,amihaiemil,2,0.02756,4855,66.90092,7257
738,amohamedhey,2,0.02756,4857,66.92848,7257
739,anastazya,2,0.02756,4859,66.95604,7257
740,Andresmo01,2,0.02756,4861,66.98360,7257
741,andrew-bulford-form3,2,0.02756,4863,67.01116,7257
742,Andy-Wu-2022,2,0.02756,4865,67.03872,7257
743,angelpuerto,2,0.02756,4867,67.06628,7257
744,anirudhkurapati,2,0.02756,4869,67.09384,7257
745,anners,2,0.02756,4871,67.12140,7257
746,anowak-ct,2,0.02756,4873,67.14896,7257
747,ansh-lehri,2,0.02756,4875,67.17652,7257
748,Anugrahchaturvedi,2,0.02756,4877,67.20408,7257
749,apelisse-test,2,0.02756,4879,67.23164,7257
750,architag21,2,0.02756,4881,67.25920,7257
751,Arijit1000,2,0.02756,4883,67.28676,7257
752,arun-022,2,0.02756,4885,67.31432,7257
753,ashaik65,2,0.02756,4887,67.34188,7257
754,atul2387,2,0.02756,4889,67.36944,7257
755,AvikantSrivastava,2,0.02756,4891,67.39700,7257
756,avizen-j,2,0.02756,4893,67.42456,7257
757,awca22,2,0.02756,4895,67.45212,7257
758,axeltanxl,2,0.02756,4897,67.47967,7257
759,azeemsgoogle,2,0.02756,4899,67.50723,7257
760,B1ue-W01f,2,0.02756,4901,67.53479,7257
761,bala151187,2,0.02756,4903,67.56235,7257
762,BalazsArva,2,0.02756,4905,67.58991,7257
763,BarbossHack,2,0.02756,4907,67.61747,7257
764,barnhill,2,0.02756,4909,67.64503,7257
765,BartvdBerkHU,2,0.02756,4911,67.67259,7257
766,belivo,2,0.02756,4913,67.70015,7257
767,benchen216,2,0.02756,4915,67.72771,7257
768,BenWalters,2,0.02756,4917,67.75527,7257
769,billrein,2,0.02756,4919,67.78283,7257
770,billyburly,2,0.02756,4921,67.81039,7257
771,Bioblaze,2,0.02756,4923,67.83795,7257
772,BjoernAtBosch,2,0.02756,4925,67.86551,7257
773,bjrowlett2,2,0.02756,4927,67.89307,7257
774,Blueswen,2,0.02756,4929,67.92063,7257
775,bmalka,2,0.02756,4931,67.94819,7257
776,bobjiang82,2,0.02756,4933,67.97575,7257
777,BonjourGit,2,0.02756,4935,68.00331,7257
778,Box-Cube,2,0.02756,4937,68.03087,7257
779,brahama,2,0.02756,4939,68.05843,7257
780,brainfuxk,2,0.02756,4941,68.08599,7257
781,brja,2,0.02756,4943,68.11355,7257
782,bryangardner,2,0.02756,4945,68.14111,7257
783,buxiaomo,2,0.02756,4947,68.16866,7257
784,carlclone,2,0.02756,4949,68.19622,7257
785,carlocorradini,2,0.02756,4951,68.22378,7257
786,caseyduquettesc,2,0.02756,4953,68.25134,7257
787,cazeaux,2,0.02756,4955,68.27890,7257
788,ccasher,2,0.02756,4957,68.30646,7257
789,Celant,2,0.02756,4959,68.33402,7257
790,ceremo,2,0.02756,4961,68.36158,7257
791,chandanD4,2,0.02756,4963,68.38914,7257
792,chriskurzeja,2,0.02756,4965,68.41670,7257
793,Chuckytuh,2,0.02756,4967,68.44426,7257
794,chullino,2,0.02756,4969,68.47182,7257
795,codesplode,2,0.02756,4971,68.49938,7257
796,ComputerBaer,2,0.02756,4973,68.52694,7257
797,coperator,2,0.02756,4975,68.55450,7257
798,cossettealexis,2,0.02756,4977,68.58206,7257
799,cramseyio,2,0.02756,4979,68.60962,7257
800,cristianonicolai,2,0.02756,4981,68.63718,7257
801,csprinkle74,2,0.02756,4983,68.66474,7257
802,CtrlJone,2,0.02756,4985,68.69230,7257
803,CureleaAndrei,2,0.02756,4987,68.71986,7257
804,Daemonxiao,2,0.02756,4989,68.74742,7257
805,dagongzhe2,2,0.02756,4991,68.77498,7257
806,dalcouffe,2,0.02756,4993,68.80254,7257
807,danicat,2,0.02756,4995,68.83010,7257
808,danielfelgar,2,0.02756,4997,68.85765,7257
809,danieljimeneznz,2,0.02756,4999,68.88521,7257
810,DanielRejniak,2,0.02756,5001,68.91277,7257
811,DanilAlekseevich,2,0.02756,5003,68.94033,7257
812,dansomething,2,0.02756,5005,68.96789,7257
813,dao-jun,2,0.02756,5007,68.99545,7257
814,davidmrdavid,2,0.02756,5009,69.02301,7257
815,Davidonium,2,0.02756,5011,69.05057,7257
816,day112,2,0.02756,5013,69.07813,7257
817,ddl-risong-na,2,0.02756,5015,69.10569,7257
818,denismoc,2,0.02756,5017,69.13325,7257
819,denouche,2,0.02756,5019,69.16081,7257
820,DevineLiu,2,0.02756,5021,69.18837,7257
821,DevSpork,2,0.02756,5023,69.21593,7257
822,dglozano,2,0.02756,5025,69.24349,7257
823,dgrant,2,0.02756,5027,69.27105,7257
824,dhanu0001,2,0.02756,5029,69.29861,7257
825,dhpup,2,0.02756,5031,69.32617,7257
826,didenko-yv,2,0.02756,5033,69.35373,7257
827,dimakyriakov,2,0.02756,5035,69.38129,7257
828,dimas-adriyanto,2,0.02756,5037,69.40885,7257
829,dinghui40,2,0.02756,5039,69.43641,7257
830,domstorey,2,0.02756,5041,69.46397,7257
831,downtheroad77,2,0.02756,5043,69.49153,7257
832,durbi009,2,0.02756,5045,69.51909,7257
833,dw-3,2,0.02756,5047,69.54664,7257
834,ebraraktas,2,0.02756,5049,69.57420,7257
835,edantes-1845,2,0.02756,5051,69.60176,7257
836,edgarkiechle,2,0.02756,5053,69.62932,7257
837,egerkke,2,0.02756,5055,69.65688,7257
838,eladidan,2,0.02756,5057,69.68444,7257
839,elohmrow,2,0.02756,5059,69.71200,7257
840,elssm,2,0.02756,5061,69.73956,7257
841,emccullagh,2,0.02756,5063,69.76712,7257
842,EnableAsync,2,0.02756,5065,69.79468,7257
843,eneamarcantoni99,2,0.02756,5067,69.82224,7257
844,engineering-dotcms,2,0.02756,5069,69.84980,7257
845,engson,2,0.02756,5071,69.87736,7257
846,equivalent,2,0.02756,5073,69.90492,7257
847,evafp90,2,0.02756,5075,69.93248,7257
848,evgenyKharitonov,2,0.02756,5077,69.96004,7257
849,expruc,2,0.02756,5079,69.98760,7257
850,fedeam,2,0.02756,5081,70.01516,7257
851,Ferat-Imrak,2,0.02756,5083,70.04272,7257
852,ferjjp,2,0.02756,5085,70.07028,7257
853,feveee,2,0.02756,5087,70.09784,7257
854,ffflabs,2,0.02756,5089,70.12540,7257
855,fgn-itsupport,2,0.02756,5091,70.15296,7257
856,fgouteroux,2,0.02756,5093,70.18052,7257
857,fhuaddeterminas,2,0.02756,5095,70.20807,7257
858,fivetran-kirillkobylyanskiy,2,0.02756,5097,70.23563,7257
859,fivovic,2,0.02756,5099,70.26319,7257
860,fookenc,2,0.02756,5101,70.29075,7257
861,forest003,2,0.02756,5103,70.31831,7257
862,fredfp,2,0.02756,5105,70.34587,7257
863,gaurav-rafay,2,0.02756,5107,70.37343,7257
864,gcfabri,2,0.02756,5109,70.40099,7257
865,gcsaba2,2,0.02756,5111,70.42855,7257
866,geniusxiong,2,0.02756,5113,70.45611,7257
867,geoghegk,2,0.02756,5115,70.48367,7257
868,Gerrit91,2,0.02756,5117,70.51123,7257
869,Giraffaman,2,0.02756,5119,70.53879,7257
870,github-sys-admin,2,0.02756,5121,70.56635,7257
871,gkopels,2,0.02756,5123,70.59391,7257
872,glloyd2010f,2,0.02756,5125,70.62147,7257
873,gnaegi,2,0.02756,5127,70.64903,7257
874,gnomus,2,0.02756,5129,70.67659,7257
875,goloneczka,2,0.02756,5131,70.70415,7257
876,goto-loop,2,0.02756,5133,70.73171,7257
877,govindraj-shinde,2,0.02756,5135,70.75927,7257
878,gowrav27,2,0.02756,5137,70.78683,7257
879,Grootesque,2,0.02756,5139,70.81439,7257
880,guangxuewu,2,0.02756,5141,70.84195,7257
881,gueux,2,0.02756,5143,70.86951,7257
882,Gumichocopengin8,2,0.02756,5145,70.89706,7257
883,Gylleus,2,0.02756,5147,70.92462,7257
884,haboy52587,2,0.02756,5149,70.95218,7257
885,Hakunasc11,2,0.02756,5151,70.97974,7257
886,Hanyu96,2,0.02756,5153,71.00730,7257
887,haolin1020,2,0.02756,5155,71.03486,7257
888,harishbab,2,0.02756,5157,71.06242,7257
889,HarryAcker,2,0.02756,5159,71.08998,7257
890,HausBJB,2,0.02756,5161,71.11754,7257
891,heapdavid,2,0.02756,5163,71.14510,7257
892,Hongery,2,0.02756,5165,71.17266,7257
893,htoo97,2,0.02756,5167,71.20022,7257
894,HughPowell,2,0.02756,5169,71.22778,7257
895,ido-gold-apolicy,2,0.02756,5171,71.25534,7257
896,insbire,2,0.02756,5173,71.28290,7257
897,ironzep,2,0.02756,5175,71.31046,7257
898,isand3r,2,0.02756,5177,71.33802,7257
899,ivpr,2,0.02756,5179,71.36558,7257
900,izerui,2,0.02756,5181,71.39314,7257
901,izharaazmi,2,0.02756,5183,71.42070,7257
902,j401124546,2,0.02756,5185,71.44826,7257
903,jack1142,2,0.02756,5187,71.47582,7257
904,jaimeamesti,2,0.02756,5189,71.50338,7257
905,jasonclg,2,0.02756,5191,71.53094,7257
906,javimb,2,0.02756,5193,71.55850,7257
907,jbrownsw,2,0.02756,5195,71.58605,7257
908,jeanbisutti,2,0.02756,5197,71.61361,7257
909,jeffsawatzky,2,0.02756,5199,71.64117,7257
910,jelipo,2,0.02756,5201,71.66873,7257
911,jens-gellynck,2,0.02756,5203,71.69629,7257
912,jesseduffield,2,0.02756,5205,71.72385,7257
913,jhuynh08,2,0.02756,5207,71.75141,7257
914,jiasha,2,0.02756,5209,71.77897,7257
915,jitendra319,2,0.02756,5211,71.80653,7257
916,JJGadgets,2,0.02756,5213,71.83409,7257
917,jmfloreszazo,2,0.02756,5215,71.86165,7257
918,jnpr-pranav,2,0.02756,5217,71.88921,7257
919,joe-alford,2,0.02756,5219,71.91677,7257
920,Joel-hanson,2,0.02756,5221,71.94433,7257
921,joepeeer,2,0.02756,5223,71.97189,7257
922,joeunlog,2,0.02756,5225,71.99945,7257
923,jonathan-boudreau-work,2,0.02756,5227,72.02701,7257
924,jonlao-khoros,2,0.02756,5229,72.05457,7257
925,Joshua698,2,0.02756,5231,72.08213,7257
926,josvazg,2,0.02756,5233,72.10969,7257
927,jschwartzy,2,0.02756,5235,72.13725,7257
928,juanjcal,2,0.02756,5237,72.16481,7257
929,k33lan,2,0.02756,5239,72.19237,7257
930,kai687,2,0.02756,5241,72.21993,7257
931,kakaru1331,2,0.02756,5243,72.24749,7257
932,Kamil10p,2,0.02756,5245,72.27504,7257
933,Kapps,2,0.02756,5247,72.30260,7257
934,karaguo,2,0.02756,5249,72.33016,7257
935,karlderkaefer,2,0.02756,5251,72.35772,7257
936,kbakk23,2,0.02756,5253,72.38528,7257
937,kcfigaro,2,0.02756,5255,72.41284,7257
938,kcsraju,2,0.02756,5257,72.44040,7257
939,kelystor,2,0.02756,5259,72.46796,7257
940,khpeet,2,0.02756,5261,72.49552,7257
941,kingofzihua,2,0.02756,5263,72.52308,7257
942,Kiran9856,2,0.02756,5265,72.55064,7257
943,kklimonda-fn,2,0.02756,5267,72.57820,7257
944,kreeuwijk,2,0.02756,5269,72.60576,7257
945,Kris-B,2,0.02756,5271,72.63332,7257
946,kumar6808,2,0.02756,5273,72.66088,7257
947,kumarrishav,2,0.02756,5275,72.68844,7257
948,kvenu1458,2,0.02756,5277,72.71600,7257
949,kyanar,2,0.02756,5279,72.74356,7257
950,lars1974,2,0.02756,5281,72.77112,7257
951,lcy19870112,2,0.02756,5283,72.79868,7257
952,leafs99,2,0.02756,5285,72.82624,7257
953,leizerbeam,2,0.02756,5287,72.85380,7257
954,leoandrea7,2,0.02756,5289,72.88136,7257
955,lexffe,2,0.02756,5291,72.90892,7257
956,likzn,2,0.02756,5293,72.93648,7257
957,LinPoLen,2,0.02756,5295,72.96403,7257
958,liuwenzhi0318,2,0.02756,5297,72.99159,7257
959,Lorentsen-Cyber,2,0.02756,5299,73.01915,7257
960,loskutov,2,0.02756,5301,73.04671,7257
961,lovie,2,0.02756,5303,73.07427,7257
962,lstephe,2,0.02756,5305,73.10183,7257
963,lucaserafini-dev,2,0.02756,5307,73.12939,7257
964,luginbash,2,0.02756,5309,73.15695,7257
965,luke-sprig,2,0.02756,5311,73.18451,7257
966,lunderhage,2,0.02756,5313,73.21207,7257
967,luphieanza,2,0.02756,5315,73.23963,7257
968,madhosoi,2,0.02756,5317,73.26719,7257
969,mahlunar,2,0.02756,5319,73.29475,7257
970,Malayke,2,0.02756,5321,73.32231,7257
971,manoharpalem22,2,0.02756,5323,73.34987,7257
972,manondidi,2,0.02756,5325,73.37743,7257
973,mansoshaik-deloitte,2,0.02756,5327,73.40499,7257
974,manvitha9347,2,0.02756,5329,73.43255,7257
975,maowerner,2,0.02756,5331,73.46011,7257
976,mapadofu,2,0.02756,5333,73.48767,7257
977,marcelvwe,2,0.02756,5335,73.51523,7257
978,maristgeek,2,0.02756,5337,73.54279,7257
979,MarkStromme,2,0.02756,5339,73.57035,7257
980,MartinSimango,2,0.02756,5341,73.59791,7257
981,MartinWallgren,2,0.02756,5343,73.62547,7257
982,masonmei,2,0.02756,5345,73.65302,7257
983,mckunda,2,0.02756,5347,73.68058,7257
984,meet12344,2,0.02756,5349,73.70814,7257
985,mheuser,2,0.02756,5351,73.73570,7257
986,michalletavka,2,0.02756,5353,73.76326,7257
987,mihma,2,0.02756,5355,73.79082,7257
988,miladfarca,2,0.02756,5357,73.81838,7257
989,mkouba,2,0.02756,5359,73.84594,7257
990,mlashley,2,0.02756,5361,73.87350,7257
991,mmahant17,2,0.02756,5363,73.90106,7257
992,mniewrzal,2,0.02756,5365,73.92862,7257
993,moray95,2,0.02756,5367,73.95618,7257
994,moza88,2,0.02756,5369,73.98374,7257
995,mposdev21,2,0.02756,5371,74.01130,7257
996,mrhein,2,0.02756,5373,74.03886,7257
997,msonali12,2,0.02756,5375,74.06642,7257
998,murali-krishna,2,0.02756,5377,74.09398,7257
999,mykolaichuk,2,0.02756,5379,74.12154,7257
1000,naramck,2,0.02756,5381,74.14910,7257
1001,NarayanPooja,2,0.02756,5383,74.17666,7257
1002,narwold,2,0.02756,5385,74.20422,7257
1003,nbourdeau,2,0.02756,5387,74.23178,7257
1004,ndctrb,2,0.02756,5389,74.25934,7257
1005,neerajyadav,2,0.02756,5391,74.28690,7257
1006,nheidloff,2,0.02756,5393,74.31446,7257
1007,nickibi,2,0.02756,5395,74.34201,7257
1008,nicklocaso,2,0.02756,5397,74.36957,7257
1009,niconical,2,0.02756,5399,74.39713,7257
1010,nirkoren,2,0.02756,5401,74.42469,7257
1011,niteshtajane,2,0.02756,5403,74.45225,7257
1012,nitsas,2,0.02756,5405,74.47981,7257
1013,nivhanin,2,0.02756,5407,74.50737,7257
1014,nnnnoel,2,0.02756,5409,74.53493,7257
1015,NoahHahm,2,0.02756,5411,74.56249,7257
1016,nomis4u,2,0.02756,5413,74.59005,7257
1017,nour-karoui,2,0.02756,5415,74.61761,7257
1018,nvvalchev,2,0.02756,5417,74.64517,7257
1019,nyemade-uversky,2,0.02756,5419,74.67273,7257
1020,omerfarukdogan,2,0.02756,5421,74.70029,7257
1021,oodamien,2,0.02756,5423,74.72785,7257
1022,Oogy,2,0.02756,5425,74.75541,7257
1023,orsan0128,2,0.02756,5427,74.78297,7257
1024,osBins,2,0.02756,5429,74.81053,7257
1025,ottramst,2,0.02756,5431,74.83809,7257
1026,panagpapad,2,0.02756,5433,74.86565,7257
1027,Parkhost,2,0.02756,5435,74.89321,7257
1028,Pazze12,2,0.02756,5437,74.92077,7257
1029,pdelewski,2,0.02756,5439,74.94833,7257
1030,pdfrod,2,0.02756,5441,74.97589,7257
1031,peamaeq,2,0.02756,5443,75.00344,7257
1032,petro-rudenko,2,0.02756,5445,75.03100,7257
1033,pioszu-dnv,2,0.02756,5447,75.05856,7257
1034,pk-hugo,2,0.02756,5449,75.08612,7257
1035,pokgak,2,0.02756,5451,75.11368,7257
1036,pratik2315,2,0.02756,5453,75.14124,7257
1037,preetsindhal,2,0.02756,5455,75.16880,7257
1038,priyanka9692,2,0.02756,5457,75.19636,7257
1039,prpa,2,0.02756,5459,75.22392,7257
1040,psimms-r7,2,0.02756,5461,75.25148,7257
1041,puppeteer701,2,0.02756,5463,75.27904,7257
1042,pure-color,2,0.02756,5465,75.30660,7257
1043,QiQi-OvO,2,0.02756,5467,75.33416,7257
1044,radiosilence,2,0.02756,5469,75.36172,7257
1045,rafadc,2,0.02756,5471,75.38928,7257
1046,rahul-chawla,2,0.02756,5473,75.41684,7257
1047,RahulKansana1,2,0.02756,5475,75.44440,7257
1048,rainerfrey-inxmail,2,0.02756,5477,75.47196,7257
1049,Ram81,2,0.02756,5479,75.49952,7257
1050,raorugan,2,0.02756,5481,75.52708,7257
1051,raphaelpoumarede,2,0.02756,5483,75.55464,7257
1052,raygecao,2,0.02756,5485,75.58220,7257
1053,raypinto,2,0.02756,5487,75.60976,7257
1054,rbkrabbe,2,0.02756,5489,75.63732,7257
1055,realSuffix,2,0.02756,5491,75.66488,7257
1056,Red54,2,0.02756,5493,75.69243,7257
1057,RenGeng,2,0.02756,5495,75.71999,7257
1058,renjiexu,2,0.02756,5497,75.74755,7257
1059,Rishikeshcg,2,0.02756,5499,75.77511,7257
1060,ritamgit-alt,2,0.02756,5501,75.80267,7257
1061,ritmas,2,0.02756,5503,75.83023,7257
1062,rkrawiel,2,0.02756,5505,75.85779,7257
1063,rnbguy,2,0.02756,5507,75.88535,7257
1064,robsoned,2,0.02756,5509,75.91291,7257
1065,Rohith-Raju,2,0.02756,5511,75.94047,7257
1066,Rossco8,2,0.02756,5513,75.96803,7257
1067,rritsoft,2,0.02756,5515,75.99559,7257
1068,ruancmoral,2,0.02756,5517,76.02315,7257
1069,Rubensky2021,2,0.02756,5519,76.05071,7257
1070,runkecheng,2,0.02756,5521,76.07827,7257
1071,rvlane,2,0.02756,5523,76.10583,7257
1072,rynslmns,2,0.02756,5525,76.13339,7257
1073,saiprabhur,2,0.02756,5527,76.16095,7257
1074,samuelwcampbell,2,0.02756,5529,76.18851,7257
1075,sanglt,2,0.02756,5531,76.21607,7257
1076,sanitizer,2,0.02756,5533,76.24363,7257
1077,santiihoyos,2,0.02756,5535,76.27119,7257
1078,sarjamil,2,0.02756,5537,76.29875,7257
1079,SaumyaBhushan,2,0.02756,5539,76.32631,7257
1080,schultyy,2,0.02756,5541,76.35387,7257
1081,sdomme,2,0.02756,5543,76.38142,7257
1082,seanat280,2,0.02756,5545,76.40898,7257
1083,sendmars,2,0.02756,5547,76.43654,7257
1084,SeraphicRav,2,0.02756,5549,76.46410,7257
1085,Serverfrog,2,0.02756,5551,76.49166,7257
1086,sethtroisi,2,0.02756,5553,76.51922,7257
1087,seyedmmousavi,2,0.02756,5555,76.54678,7257
1088,sgryphon,2,0.02756,5557,76.57434,7257
1089,shahriyar101931,2,0.02756,5559,76.60190,7257
1090,shandyDev,2,0.02756,5561,76.62946,7257
1091,shaotingcheng,2,0.02756,5563,76.65702,7257
1092,Shapai,2,0.02756,5565,76.68458,7257
1093,Shashank-Jha,2,0.02756,5567,76.71214,7257
1094,shbalaku,2,0.02756,5569,76.73970,7257
1095,shlomi-wexler-apolicy,2,0.02756,5571,76.76726,7257
1096,Shorla,2,0.02756,5573,76.79482,7257
1097,silentknight2001,2,0.02756,5575,76.82238,7257
1098,simcax,2,0.02756,5577,76.84994,7257
1099,sirctseb,2,0.02756,5579,76.87750,7257
1100,sj8d3e6602,2,0.02756,5581,76.90506,7257
1101,smilence-yu,2,0.02756,5583,76.93262,7257
1102,Snailll,2,0.02756,5585,76.96018,7257
1103,snirkop89,2,0.02756,5587,76.98774,7257
1104,sofferor,2,0.02756,5589,77.01530,7257
1105,SoftMemes,2,0.02756,5591,77.04286,7257
1106,soosin-spresto,2,0.02756,5593,77.07041,7257
1107,soumendrak,2,0.02756,5595,77.09797,7257
1108,sp0tt13,2,0.02756,5597,77.12553,7257
1109,spencer-nicol,2,0.02756,5599,77.15309,7257
1110,stackbaek,2,0.02756,5601,77.18065,7257
1111,stavbernazanv,2,0.02756,5603,77.20821,7257
1112,steknowis,2,0.02756,5605,77.23577,7257
1113,s-titoo,2,0.02756,5607,77.26333,7257
1114,strima,2,0.02756,5609,77.29089,7257
1115,subains,2,0.02756,5611,77.31845,7257
1116,Subject38,2,0.02756,5613,77.34601,7257
1117,sudhi-evang,2,0.02756,5615,77.37357,7257
1118,sumit-158,2,0.02756,5617,77.40113,7257
1119,sumshar-appdirect,2,0.02756,5619,77.42869,7257
1120,SuperChenSSS,2,0.02756,5621,77.45625,7257
1121,susanshi,2,0.02756,5623,77.48381,7257
1122,swapnilkhaire333,2,0.02756,5625,77.51137,7257
1123,Swapnil-Khilariwal,2,0.02756,5627,77.53893,7257
1124,swizkon,2,0.02756,5629,77.56649,7257
1125,synvestable,2,0.02756,5631,77.59405,7257
1126,sys0613,2,0.02756,5633,77.62161,7257
1127,tabacco,2,0.02756,5635,77.64917,7257
1128,tamanh123456,2,0.02756,5637,77.67673,7257
1129,tamirkamara,2,0.02756,5639,77.70429,7257
1130,tdelora,2,0.02756,5641,77.73185,7257
1131,teja1702,2,0.02756,5643,77.75940,7257
1132,telderfts,2,0.02756,5645,77.78696,7257
1133,telemac,2,0.02756,5647,77.81452,7257
1134,tensmyo,2,0.02756,5649,77.84208,7257
1135,terloo,2,0.02756,5651,77.86964,7257
1136,tfidfwastaken,2,0.02756,5653,77.89720,7257
1137,TheChemicalWorkshop,2,0.02756,5655,77.92476,7257
1138,thesalmonidae,2,0.02756,5657,77.95232,7257
1139,tho93,2,0.02756,5659,77.97988,7257
1140,tiagoceluppi,2,0.02756,5661,78.00744,7257
1141,TimoFriedri,2,0.02756,5663,78.03500,7257
1142,TimurSadykov,2,0.02756,5665,78.06256,7257
1143,tjholm,2,0.02756,5667,78.09012,7257
1144,tl-eirik-albrigtsen,2,0.02756,5669,78.11768,7257
1145,tobiasoort,2,0.02756,5671,78.14524,7257
1146,toby181,2,0.02756,5673,78.17280,7257
1147,tomaspritrsky,2,0.02756,5675,78.20036,7257
1148,tomp736,2,0.02756,5677,78.22792,7257
1149,tony-mw,2,0.02756,5679,78.25548,7257
1150,torin-carey,2,0.02756,5681,78.28304,7257
1151,toruvinn,2,0.02756,5683,78.31060,7257
1152,tperdue321,2,0.02756,5685,78.33816,7257
1153,TweeZz,2,0.02756,5687,78.36572,7257
1154,TzlilSwimmer123,2,0.02756,5689,78.39328,7257
1155,uran0sH,2,0.02756,5691,78.42084,7257
1156,vanessarakoczy,2,0.02756,5693,78.44839,7257
1157,varpa89,2,0.02756,5695,78.47595,7257
1158,vedantjoshi84,2,0.02756,5697,78.50351,7257
1159,veeraghgoudar,2,0.02756,5699,78.53107,7257
1160,Venkatraj1986,2,0.02756,5701,78.55863,7257
1161,vicmarbev,2,0.02756,5703,78.58619,7257
1162,vidhut-singh,2,0.02756,5705,78.61375,7257
1163,Vignesh-Sakkarai,2,0.02756,5707,78.64131,7257
1164,vincent-du2020,2,0.02756,5709,78.66887,7257
1165,VitalCh,2,0.02756,5711,78.69643,7257
1166,vjunior1981,2,0.02756,5713,78.72399,7257
1167,VKZycus,2,0.02756,5715,78.75155,7257
1168,VladislavBryukhanov,2,0.02756,5717,78.77911,7257
1169,Volankey,2,0.02756,5719,78.80667,7257
1170,vsaikrish,2,0.02756,5721,78.83423,7257
1171,vuldin,2,0.02756,5723,78.86179,7257
1172,wadepickett,2,0.02756,5725,78.88935,7257
1173,wallsfantasy,2,0.02756,5727,78.91691,7257
1174,wanderxjtu,2,0.02756,5729,78.94447,7257
1175,wangjuan1228,2,0.02756,5731,78.97203,7257
1176,wangli1030,2,0.02756,5733,78.99959,7257
1177,wangxiaoxuan273,2,0.02756,5735,79.02715,7257
1178,watjt,2,0.02756,5737,79.05471,7257
1179,waxxmaster,2,0.02756,5739,79.08227,7257
1180,wbarnard81,2,0.02756,5741,79.10982,7257
1181,wgh9626,2,0.02756,5743,79.13738,7257
1182,wicha,2,0.02756,5745,79.16494,7257
1183,willjr20,2,0.02756,5747,79.19250,7257
1184,wqh17101,2,0.02756,5749,79.22006,7257
1185,wswz963852,2,0.02756,5751,79.24762,7257
1186,wuYin,2,0.02756,5753,79.27518,7257
1187,WystanW,2,0.02756,5755,79.30274,7257
1188,xiaojiey,2,0.02756,5757,79.33030,7257
1189,XiNiHa,2,0.02756,5759,79.35786,7257
1190,xizizzz,2,0.02756,5761,79.38542,7257
1191,xxsong5,2,0.02756,5763,79.41298,7257
1192,yassire,2,0.02756,5765,79.44054,7257
1193,yields,2,0.02756,5767,79.46810,7257
1194,yinfuqian,2,0.02756,5769,79.49566,7257
1195,YKJumper,2,0.02756,5771,79.52322,7257
1196,yueyuep,2,0.02756,5773,79.55078,7257
1197,zarkozivanovic,2,0.02756,5775,79.57834,7257
1198,zawachte-c,2,0.02756,5777,79.60590,7257
1199,zeromath,2,0.02756,5779,79.63346,7257
1200,ZexinChen,2,0.02756,5781,79.66102,7257
1201,zicheqingluo,2,0.02756,5783,79.68858,7257
1202,zlweicoder,2,0.02756,5785,79.71614,7257
1203,zx8086,2,0.02756,5787,79.74370,7257
1204,zzhakhin,2,0.02756,5789,79.77126,7257
1205,0inp,1,0.01378,5790,79.78504,7257
1206,0sax,1,0.01378,5791,79.79881,7257
1207,0ur0b0r0s,1,0.01378,5792,79.81259,7257
1208,0-wiz-0,1,0.01378,5793,79.82637,7257
1209,0x0013,1,0.01378,5794,79.84015,7257
1210,0xC0ncord,1,0.01378,5795,79.85393,7257
1211,0YHR0,1,0.01378,5796,79.86771,7257
1212,11qu1d,1,0.01378,5797,79.88149,7257
1213,13473598580,1,0.01378,5798,79.89527,7257
1214,17sushmita,1,0.01378,5799,79.90905,7257
1215,28250164,1,0.01378,5800,79.92283,7257
1216,3clypse,1,0.01378,5801,79.93661,7257
1217,3schwartz,1,0.01378,5802,79.95039,7257
1218,4upz-tw,1,0.01378,5803,79.96417,7257
1219,55octet,1,0.01378,5804,79.97795,7257
1220,5cat,1,0.01378,5805,79.99173,7257
1221,88plug,1,0.01378,5806,80.00551,7257
1222,a14m,1,0.01378,5807,80.01929,7257
1223,a3gill,1,0.01378,5808,80.03307,7257
1224,a4z,1,0.01378,5809,80.04685,7257
1225,aaguiarz,1,0.01378,5810,80.06063,7257
1226,aairom,1,0.01378,5811,80.07441,7257
1227,aakashratkal1,1,0.01378,5812,80.08819,7257
1228,aamonten,1,0.01378,5813,80.10197,7257
1229,aantony2,1,0.01378,5814,80.11575,7257
1230,AathithRajendran,1,0.01378,5815,80.12953,7257
1231,abacus3,1,0.01378,5816,80.14331,7257
1232,abarganier,1,0.01378,5817,80.15709,7257
1233,abe25masahito,1,0.01378,5818,80.17087,7257
1234,abhay2302,1,0.01378,5819,80.18465,7257
1235,abhchand,1,0.01378,5820,80.19843,7257
1236,AbimbolaE,1,0.01378,5821,80.21221,7257
1237,AbleHou,1,0.01378,5822,80.22599,7257
1238,abstractpaper,1,0.01378,5823,80.23977,7257
1239,Abuchtela,1,0.01378,5824,80.25355,7257
1240,acainelli,1,0.01378,5825,80.26733,7257
1241,acelemore,1,0.01378,5826,80.28111,7257
1242,acwn1976,1,0.01378,5827,80.29489,7257
1243,adamlepkowski,1,0.01378,5828,80.30867,7257
1244,adamwojt,1,0.01378,5829,80.32245,7257
1245,adhishmeena,1,0.01378,5830,80.33623,7257
1246,adn1107,1,0.01378,5831,80.35001,7257
1247,AdnanAddy78,1,0.01378,5832,80.36379,7257
1248,AdrainHuang,1,0.01378,5833,80.37757,7257
1249,Aduuuuuuu,1,0.01378,5834,80.39135,7257
1250,aeroith,1,0.01378,5835,80.40513,7257
1251,Aguay-val,1,0.01378,5836,80.41891,7257
1252,ahayschi,1,0.01378,5837,80.43269,7257
1253,ahussey-redhat,1,0.01378,5838,80.44647,7257
1254,ahvahsky2008,1,0.01378,5839,80.46025,7257
1255,aitorarjona,1,0.01378,5840,80.47403,7257
1256,AJC87,1,0.01378,5841,80.48780,7257
1257,ajp-lsq,1,0.01378,5842,80.50158,7257
1258,ajsimpson1,1,0.01378,5843,80.51536,7257
1259,akdevops,1,0.01378,5844,80.52914,7257
1260,akondasif,1,0.01378,5845,80.54292,7257
1261,akshat-goel,1,0.01378,5846,80.55670,7257
1262,Akucina,1,0.01378,5847,80.57048,7257
1263,alainpannetier,1,0.01378,5848,80.58426,7257
1264,alanivey,1,0.01378,5849,80.59804,7257
1265,AlanObject,1,0.01378,5850,80.61182,7257
1266,aletor92,1,0.01378,5851,80.62560,7257
1267,Alexander123312,1,0.01378,5852,80.63938,7257
1268,alexhu20,1,0.01378,5853,80.65316,7257
1269,alexmarshallces,1,0.01378,5854,80.66694,7257
1270,alexstojda,1,0.01378,5855,80.68072,7257
1271,alfasapy,1,0.01378,5856,80.69450,7257
1272,alff,1,0.01378,5857,80.70828,7257
1273,algobardo,1,0.01378,5858,80.72206,7257
1274,ali2210,1,0.01378,5859,80.73584,7257
1275,alitechio,1,0.01378,5860,80.74962,7257
1276,aliyousafzai183,1,0.01378,5861,80.76340,7257
1277,alpiquero,1,0.01378,5862,80.77718,7257
1278,altsky,1,0.01378,5863,80.79096,7257
1279,alumpe,1,0.01378,5864,80.80474,7257
1280,Alvise88,1,0.01378,5865,80.81852,7257
1281,am,1,0.01378,5866,80.83230,7257
1282,amahesh98,1,0.01378,5867,80.84608,7257
1283,amareshgreat,1,0.01378,5868,80.85986,7257
1284,amarkezic,1,0.01378,5869,80.87364,7257
1285,amberboxi,1,0.01378,5870,80.88742,7257
1286,Aminechakr,1,0.01378,5871,80.90120,7257
1287,amir9339,1,0.01378,5872,80.91498,7257
1288,amitk-vmware,1,0.01378,5873,80.92876,7257
1289,a-monteiro,1,0.01378,5874,80.94254,7257
1290,amritpalnagrame,1,0.01378,5875,80.95632,7257
1291,anavarro10,1,0.01378,5876,80.97010,7257
1292,andbaraks,1,0.01378,5877,80.98388,7257
1293,andrea-mucci,1,0.01378,5878,80.99766,7257
1294,andrelopesmrx,1,0.01378,5879,81.01144,7257
1295,andyblog,1,0.01378,5880,81.02522,7257
1296,andyguwc,1,0.01378,5881,81.03900,7257
1297,angelhvargas,1,0.01378,5882,81.05278,7257
1298,Angelin01,1,0.01378,5883,81.06656,7257
1299,angrieralien,1,0.01378,5884,81.08034,7257
1300,anithashok1910,1,0.01378,5885,81.09412,7257
1301,anoopmash,1,0.01378,5886,81.10790,7257
1302,anuraagkonda,1,0.01378,5887,81.12168,7257
1303,AplusKminus,1,0.01378,5888,81.13546,7257
1304,appdog,1,0.01378,5889,81.14924,7257
1305,aqucy,1,0.01378,5890,81.16302,7257
1306,arasic,1,0.01378,5891,81.17679,7257
1307,aristaMircea,1,0.01378,5892,81.19057,7257
1308,arshabbir,1,0.01378,5893,81.20435,7257
1309,artem-sedykh,1,0.01378,5894,81.21813,7257
1310,as01p,1,0.01378,5895,81.23191,7257
1311,asabourin,1,0.01378,5896,81.24569,7257
1312,asarenkansah,1,0.01378,5897,81.25947,7257
1313,asauray,1,0.01378,5898,81.27325,7257
1314,asdf93074,1,0.01378,5899,81.28703,7257
1315,asdfgugus,1,0.01378,5900,81.30081,7257
1316,ashisharyaa,1,0.01378,5901,81.31459,7257
1317,asia653,1,0.01378,5902,81.32837,7257
1318,asruc,1,0.01378,5903,81.34215,7257
1319,asungur,1,0.01378,5904,81.35593,7257
1320,aswindevs,1,0.01378,5905,81.36971,7257
1321,atangeman,1,0.01378,5906,81.38349,7257
1322,atilag,1,0.01378,5907,81.39727,7257
1323,Atomique,1,0.01378,5908,81.41105,7257
1324,augustfengd,1,0.01378,5909,81.42483,7257
1325,aureliar8,1,0.01378,5910,81.43861,7257
1326,avinashjain7143,1,0.01378,5911,81.45239,7257
1327,ayush-san,1,0.01378,5912,81.46617,7257
1328,azacchino,1,0.01378,5913,81.47995,7257
1329,azamora-zsc,1,0.01378,5914,81.49373,7257
1330,azeemshaikh38,1,0.01378,5915,81.50751,7257
1331,azimtursunbekov000,1,0.01378,5916,81.52129,7257
1332,baasumo,1,0.01378,5917,81.53507,7257
1333,badarahmed,1,0.01378,5918,81.54885,7257
1334,badihi,1,0.01378,5919,81.56263,7257
1335,baek9,1,0.01378,5920,81.57641,7257
1336,bagges,1,0.01378,5921,81.59019,7257
1337,balajivedagiri,1,0.01378,5922,81.60397,7257
1338,balamurali11,1,0.01378,5923,81.61775,7257
1339,banna2019,1,0.01378,5924,81.63153,7257
1340,barry-tormey-imprivata,1,0.01378,5925,81.64531,7257
1341,BayOfBlackFox,1,0.01378,5926,81.65909,7257
1342,bbensen,1,0.01378,5927,81.67287,7257
1343,bbuddha,1,0.01378,5928,81.68665,7257
1344,bcp2021,1,0.01378,5929,81.70043,7257
1345,bdattoma,1,0.01378,5930,81.71421,7257
1346,BdeHeij,1,0.01378,5931,81.72799,7257
1347,becalledbyJoyce,1,0.01378,5932,81.74177,7257
1348,beersheba,1,0.01378,5933,81.75555,7257
1349,BenChen-PKI,1,0.01378,5934,81.76933,7257
1350,bendu89,1,0.01378,5935,81.78311,7257
1351,bengoldenberg,1,0.01378,5936,81.79689,7257
1352,BenHorneIL,1,0.01378,5937,81.81067,7257
1353,benzvan,1,0.01378,5938,81.82445,7257
1354,bharadwajn111,1,0.01378,5939,81.83823,7257
1355,bhargavmg,1,0.01378,5940,81.85200,7257
1356,bhaumikovshek,1,0.01378,5941,81.86578,7257
1357,BhavikaSharma,1,0.01378,5942,81.87956,7257
1358,bigdatasourav,1,0.01378,5943,81.89334,7257
1359,bigLucas,1,0.01378,5944,81.90712,7257
1360,bikrambox,1,0.01378,5945,81.92090,7257
1361,BiLaL-159,1,0.01378,5946,81.93468,7257
1362,billwenboli,1,0.01378,5947,81.94846,7257
1363,biosvs,1,0.01378,5948,81.96224,7257
1364,biot2,1,0.01378,5949,81.97602,7257
1365,bipashant,1,0.01378,5950,81.98980,7257
1366,bkthomps,1,0.01378,5951,82.00358,7257
1367,blabaschin,1,0.01378,5952,82.01736,7257
1368,blachniet,1,0.01378,5953,82.03114,7257
1369,BlackDark,1,0.01378,5954,82.04492,7257
1370,blond-in-blue,1,0.01378,5955,82.05870,7257
1371,blue0513,1,0.01378,5956,82.07248,7257
1372,bnjmnbrmn-work,1,0.01378,5957,82.08626,7257
1373,bob199x,1,0.01378,5958,82.10004,7257
1374,Boklazhenko,1,0.01378,5959,82.11382,7257
1375,Borghetti2749,1,0.01378,5960,82.12760,7257
1376,borman,1,0.01378,5961,82.14138,7257
1377,bovinemagnet,1,0.01378,5962,82.15516,7257
1378,BQDMDMN,1,0.01378,5963,82.16894,7257
1379,bradbeck,1,0.01378,5964,82.18272,7257
1380,brentg-telus,1,0.01378,5965,82.19650,7257
1381,Brijesh-09,1,0.01378,5966,82.21028,7257
1382,brijeshsinghNuance,1,0.01378,5967,82.22406,7257
1383,b-rohit,1,0.01378,5968,82.23784,7257
1384,brunomedeirosdedalus,1,0.01378,5969,82.25162,7257
1385,bryanpaluch,1,0.01378,5970,82.26540,7257
1386,bryantbiggs,1,0.01378,5971,82.27918,7257
1387,bsarden,1,0.01378,5972,82.29296,7257
1388,bsdlme,1,0.01378,5973,82.30674,7257
1389,BT-22,1,0.01378,5974,82.32052,7257
1390,btkostner,1,0.01378,5975,82.33430,7257
1391,buding8,1,0.01378,5976,82.34808,7257
1392,burakovsky,1,0.01378,5977,82.36186,7257
1393,Burekasim,1,0.01378,5978,82.37564,7257
1394,burkesbi,1,0.01378,5979,82.38942,7257
1395,burninmedia,1,0.01378,5980,82.40320,7257
1396,butlerx,1,0.01378,5981,82.41698,7257
1397,b-viguier,1,0.01378,5982,82.43076,7257
1398,byteknacker,1,0.01378,5983,82.44454,7257
1399,cabulafhy,1,0.01378,5984,82.45832,7257
1400,caishu97,1,0.01378,5985,82.47210,7257
1401,calderonIrene,1,0.01378,5986,82.48588,7257
1402,calmitchell617,1,0.01378,5987,82.49966,7257
1403,Calvin0520,1,0.01378,5988,82.51344,7257
1404,calzoneman,1,0.01378,5989,82.52722,7257
1405,camfairchild,1,0.01378,5990,82.54099,7257
1406,camlee,1,0.01378,5991,82.55477,7257
1407,canliuxiade2,1,0.01378,5992,82.56855,7257
1408,caochong1004,1,0.01378,5993,82.58233,7257
1409,capitanFlint129,1,0.01378,5994,82.59611,7257
1410,CaptainGopher,1,0.01378,5995,82.60989,7257
1411,carlin-q-scott,1,0.01378,5996,82.62367,7257
1412,carzil,1,0.01378,5997,82.63745,7257
1413,caseyscarborough,1,0.01378,5998,82.65123,7257
1414,Cassuis,1,0.01378,5999,82.66501,7257
1415,castellanoj,1,0.01378,6000,82.67879,7257
1416,cbcrouse,1,0.01378,6001,82.69257,7257
1417,cbryant42,1,0.01378,6002,82.70635,7257
1418,cciobanu98,1,0.01378,6003,82.72013,7257
1419,CDSRV,1,0.01378,6004,82.73391,7257
1420,CedricKassen,1,0.01378,6005,82.74769,7257
1421,cgill27,1,0.01378,6006,82.76147,7257
1422,chaehni,1,0.01378,6007,82.77525,7257
1423,Challouf,1,0.01378,6008,82.78903,7257
1424,ChandraReddy97,1,0.01378,6009,82.80281,7257
1425,chanyshev,1,0.01378,6010,82.81659,7257
1426,charliemoweng,1,0.01378,6011,82.83037,7257
1427,ChaseMor,1,0.01378,6012,82.84415,7257
1428,chatagiri,1,0.01378,6013,82.85793,7257
1429,cheepsoot,1,0.01378,6014,82.87171,7257
1430,chendjoulevis,1,0.01378,6015,82.88549,7257
1431,chenkanhw,1,0.01378,6016,82.89927,7257
1432,cheuklau,1,0.01378,6017,82.91305,7257
1433,ChiscoIris,1,0.01378,6018,82.92683,7257
1434,chlete,1,0.01378,6019,82.94061,7257
1435,chong1144,1,0.01378,6020,82.95439,7257
1436,chriscarpenter12,1,0.01378,6021,82.96817,7257
1437,ChrisFajardo-TRI,1,0.01378,6022,82.98195,7257
1438,chrishiste,1,0.01378,6023,82.99573,7257
1439,ChristopherFry,1,0.01378,6024,83.00951,7257
1440,Chuxiaof,1,0.01378,6025,83.02329,7257
1441,chuyangliu,1,0.01378,6026,83.03707,7257
1442,chyzzqo2,1,0.01378,6027,83.05085,7257
1443,chzhyang,1,0.01378,6028,83.06463,7257
1444,cipribucur,1,0.01378,6029,83.07841,7257
1445,ckuethe,1,0.01378,6030,83.09219,7257
1446,Clasyc,1,0.01378,6031,83.10597,7257
1447,claussenj,1,0.01378,6032,83.11975,7257
1448,cmantsch,1,0.01378,6033,83.13353,7257
1449,cmartintlh,1,0.01378,6034,83.14731,7257
1450,cmengs,1,0.01378,6035,83.16109,7257
1451,cmstack,1,0.01378,6036,83.17487,7257
1452,cniackz,1,0.01378,6037,83.18865,7257
1453,Cobinja,1,0.01378,6038,83.20243,7257
1454,codekid20,1,0.01378,6039,83.21621,7257
1455,CodyBuilder-dev,1,0.01378,6040,83.22998,7257
1456,comcalvi,1,0.01378,6041,83.24376,7257
1457,comeonyo,1,0.01378,6042,83.25754,7257
1458,connorbrinton,1,0.01378,6043,83.27132,7257
1459,convexquad,1,0.01378,6044,83.28510,7257
1460,coodoing,1,0.01378,6045,83.29888,7257
1461,CormacLennon,1,0.01378,6046,83.31266,7257
1462,coutantal,1,0.01378,6047,83.32644,7257
1463,CreativityH,1,0.01378,6048,83.34022,7257
1464,cristianpetrula,1,0.01378,6049,83.35400,7257
1465,csdf-ssm,1,0.01378,6050,83.36778,7257
1466,csmehta,1,0.01378,6051,83.38156,7257
1467,ctalau,1,0.01378,6052,83.39534,7257
1468,cul-bsi,1,0.01378,6053,83.40912,7257
1469,Cuppojoe,1,0.01378,6054,83.42290,7257
1470,cvrlnolan,1,0.01378,6055,83.43668,7257
1471,cwood-uk,1,0.01378,6056,83.45046,7257
1472,Cyc1ing1313,1,0.01378,6057,83.46424,7257
1473,cyckax,1,0.01378,6058,83.47802,7257
1474,DanielBruzualRW,1,0.01378,6059,83.49180,7257
1475,daniel-munch-cko,1,0.01378,6060,83.50558,7257
1476,danieltharp,1,0.01378,6061,83.51936,7257
1477,danielwangksu,1,0.01378,6062,83.53314,7257
1478,danielwhite,1,0.01378,6063,83.54692,7257
1479,danny-larsen,1,0.01378,6064,83.56070,7257
1480,dashohoxha,1,0.01378,6065,83.57448,7257
1481,david22swan,1,0.01378,6066,83.58826,7257
1482,davidmr,1,0.01378,6067,83.60204,7257
1483,david-pech-sestraemmy-cz,1,0.01378,6068,83.61582,7257
1484,davinder2385,1,0.01378,6069,83.62960,7257
1485,DaviSoares454,1,0.01378,6070,83.64338,7257
1486,dbaldwin-s1,1,0.01378,6071,83.65716,7257
1487,dbuchwald,1,0.01378,6072,83.67094,7257
1488,dchernivetsky,1,0.01378,6073,83.68472,7257
1489,DCkQ6,1,0.01378,6074,83.69850,7257
1490,deanlinaras,1,0.01378,6075,83.71228,7257
1491,Death4mAb,1,0.01378,6076,83.72606,7257
1492,debasishdhar7,1,0.01378,6077,83.73984,7257
1493,dedene,1,0.01378,6078,83.75362,7257
1494,Deepanshu26,1,0.01378,6079,83.76740,7257
1495,delgec,1,0.01378,6080,83.78118,7257
1496,dellekappa,1,0.01378,6081,83.79496,7257
1497,denis-vogrincic,1,0.01378,6082,83.80874,7257
1498,DesireWithin,1,0.01378,6083,83.82252,7257
1499,developerdesigner18,1,0.01378,6084,83.83630,7257
1500,devendrasinghrawat,1,0.01378,6085,83.85008,7257
1501,devnewton,1,0.01378,6086,83.86386,7257
1502,devopsteam605,1,0.01378,6087,83.87764,7257
1503,dewolfs,1,0.01378,6088,83.89142,7257
1504,dgtrapeze,1,0.01378,6089,83.90519,7257
1505,dhairya105,1,0.01378,6090,83.91897,7257
1506,dhankani,1,0.01378,6091,83.93275,7257
1507,dhelfgen,1,0.01378,6092,83.94653,7257
1508,dhinesh-babu-bankbuddy,1,0.01378,6093,83.96031,7257
1509,DiegoWong,1,0.01378,6094,83.97409,7257
1510,dimitarshenkov,1,0.01378,6095,83.98787,7257
1511,Dim-P,1,0.01378,6096,84.00165,7257
1512,dirajag1,1,0.01378,6097,84.01543,7257
1513,dirkckau,1,0.01378,6098,84.02921,7257
1514,divinesocial,1,0.01378,6099,84.04299,7257
1515,divm-dev,1,0.01378,6100,84.05677,7257
1516,Divyakhatnar,1,0.01378,6101,84.07055,7257
1517,djru,1,0.01378,6102,84.08433,7257
1518,dlaufer,1,0.01378,6103,84.09811,7257
1519,DonatoHorn,1,0.01378,6104,84.11189,7257
1520,dongbaolei,1,0.01378,6105,84.12567,7257
1521,doovemax,1,0.01378,6106,84.13945,7257
1522,dorjanshurdhi,1,0.01378,6107,84.15323,7257
1523,douglasawh,1,0.01378,6108,84.16701,7257
1524,dougvalenta,1,0.01378,6109,84.18079,7257
1525,dpedersen13,1,0.01378,6110,84.19457,7257
1526,dpertin,1,0.01378,6111,84.20835,7257
1527,dragosdinu,1,0.01378,6112,84.22213,7257
1528,dream700,1,0.01378,6113,84.23591,7257
1529,druchoo,1,0.01378,6114,84.24969,7257
1530,drunewin,1,0.01378,6115,84.26347,7257
1531,DS-Serafin,1,0.01378,6116,84.27725,7257
1532,durairajasivam,1,0.01378,6117,84.29103,7257
1533,durgell-bl,1,0.01378,6118,84.30481,7257
1534,dustin-bo,1,0.01378,6119,84.31859,7257
1535,DVMirchev,1,0.01378,6120,84.33237,7257
1536,DZhuribeda,1,0.01378,6121,84.34615,7257
1537,eddiepavkovic,1,0.01378,6122,84.35993,7257
1538,edliu-wish,1,0.01378,6123,84.37371,7257
1539,edvinasv,1,0.01378,6124,84.38749,7257
1540,edwardrose946,1,0.01378,6125,84.40127,7257
1541,edwbuck,1,0.01378,6126,84.41505,7257
1542,eedjama,1,0.01378,6127,84.42883,7257
1543,Egida,1,0.01378,6128,84.44261,7257
1544,egobude,1,0.01378,6129,84.45639,7257
1545,ehabzaki,1,0.01378,6130,84.47017,7257
1546,ehazan,1,0.01378,6131,84.48395,7257
1547,EhizDanny,1,0.01378,6132,84.49773,7257
1548,ehudyonasi,1,0.01378,6133,84.51151,7257
1549,ejensen-mural,1,0.01378,6134,84.52529,7257
1550,ejsa13,1,0.01378,6135,84.53907,7257
1551,eliminyro,1,0.01378,6136,84.55285,7257
1552,elliot-xulei,1,0.01378,6137,84.56663,7257
1553,Elsvent,1,0.01378,6138,84.58041,7257
1554,emanuelioan,1,0.01378,6139,84.59418,7257
1555,emouawad,1,0.01378,6140,84.60796,7257
1556,empty2fill,1,0.01378,6141,84.62174,7257
1557,emuggie,1,0.01378,6142,84.63552,7257
1558,endrelovas,1,0.01378,6143,84.64930,7257
1559,Engrave-zz,1,0.01378,6144,84.66308,7257
1560,Enna1,1,0.01378,6145,84.67686,7257
1561,Eran-BenShahar,1,0.01378,6146,84.69064,7257
1562,erezyfntn,1,0.01378,6147,84.70442,7257
1563,ericfuxealth,1,0.01378,6148,84.71820,7257
1564,ericmenard,1,0.01378,6149,84.73198,7257
1565,erispoe,1,0.01378,6150,84.74576,7257
1566,Erotemic,1,0.01378,6151,84.75954,7257
1567,esaumell,1,0.01378,6152,84.77332,7257
1568,eslam-adel92,1,0.01378,6153,84.78710,7257
1569,ethanchowell,1,0.01378,6154,84.80088,7257
1570,eugenyuk,1,0.01378,6155,84.81466,7257
1571,Eugst,1,0.01378,6156,84.82844,7257
1572,evescn,1,0.01378,6157,84.84222,7257
1573,evolutics,1,0.01378,6158,84.85600,7257
1574,Expro,1,0.01378,6159,84.86978,7257
1575,ezewena,1,0.01378,6160,84.88356,7257
1576,f9analytics,1,0.01378,6161,84.89734,7257
1577,fadesiderio,1,0.01378,6162,84.91112,7257
1578,fangxingfu,1,0.01378,6163,84.92490,7257
1579,fanmaoyang,1,0.01378,6164,84.93868,7257
1580,Fatpa,1,0.01378,6165,84.95246,7257
1581,fatz,1,0.01378,6166,84.96624,7257
1582,fazilhero,1,0.01378,6167,84.98002,7257
1583,fbrousse,1,0.01378,6168,84.99380,7257
1584,fcosta-td,1,0.01378,6169,85.00758,7257
1585,fdsig,1,0.01378,6170,85.02136,7257
1586,federicopires,1,0.01378,6171,85.03514,7257
1587,federico-sysdig,1,0.01378,6172,85.04892,7257
1588,feher-melos,1,0.01378,6173,85.06270,7257
1589,fei-deng,1,0.01378,6174,85.07648,7257
1590,felipegutierrez,1,0.01378,6175,85.09026,7257
1591,felix28,1,0.01378,6176,85.10404,7257
1592,FelixHarvey,1,0.01378,6177,85.11782,7257
1593,FelixJacobsen,1,0.01378,6178,85.13160,7257
1594,ferdinan97,1,0.01378,6179,85.14538,7257
1595,FinnRG,1,0.01378,6180,85.15916,7257
1596,fireflycons,1,0.01378,6181,85.17294,7257
1597,firemanxbr,1,0.01378,6182,85.18672,7257
1598,firemdkfighter,1,0.01378,6183,85.20050,7257
1599,fish0373,1,0.01378,6184,85.21428,7257
1600,flagfunker,1,0.01378,6185,85.22806,7257
1601,FlatterKang,1,0.01378,6186,85.24184,7257
1602,flavono123,1,0.01378,6187,85.25562,7257
1603,fleshin,1,0.01378,6188,85.26940,7257
1604,FlorentFlament,1,0.01378,6189,85.28317,7257
1605,FofM,1,0.01378,6190,85.29695,7257
1606,fooflington,1,0.01378,6191,85.31073,7257
1607,ForeversKing,1,0.01378,6192,85.32451,7257
1608,FozzeY,1,0.01378,6193,85.33829,7257
1609,frakev,1,0.01378,6194,85.35207,7257
1610,FranCao,1,0.01378,6195,85.36585,7257
1611,fredrb,1,0.01378,6196,85.37963,7257
1612,fregie,1,0.01378,6197,85.39341,7257
1613,FTwOoO,1,0.01378,6198,85.40719,7257
1614,fumaluca,1,0.01378,6199,85.42097,7257
1615,FuPengCheng1,1,0.01378,6200,85.43475,7257
1616,fvde,1,0.01378,6201,85.44853,7257
1617,g0a019a,1,0.01378,6202,85.46231,7257
1618,gabrielemontano,1,0.01378,6203,85.47609,7257
1619,GaeGreco,1,0.01378,6204,85.48987,7257
1620,gaelgatelement,1,0.01378,6205,85.50365,7257
1621,ganezasan,1,0.01378,6206,85.51743,7257
1622,ganniterix,1,0.01378,6207,85.53121,7257
1623,gaody9527,1,0.01378,6208,85.54499,7257
1624,Garnaalkroket,1,0.01378,6209,85.55877,7257
1625,garrett-compass,1,0.01378,6210,85.57255,7257
1626,garrison-stauffer,1,0.01378,6211,85.58633,7257
1627,garrysanders,1,0.01378,6212,85.60011,7257
1628,gaurav2721,1,0.01378,6213,85.61389,7257
1629,gauravpbankar,1,0.01378,6214,85.62767,7257
1630,gaurav-thakur-aurea,1,0.01378,6215,85.64145,7257
1631,gcs278,1,0.01378,6216,85.65523,7257
1632,geekdk,1,0.01378,6217,85.66901,7257
1633,geijerhaeggstrom,1,0.01378,6218,85.68279,7257
1634,gengzongjie,1,0.01378,6219,85.69657,7257
1635,genie88,1,0.01378,6220,85.71035,7257
1636,geraldmayr,1,0.01378,6221,85.72413,7257
1637,geshan,1,0.01378,6222,85.73791,7257
1638,gevraud-cicd,1,0.01378,6223,85.75169,7257
1639,ghughes,1,0.01378,6224,85.76547,7257
1640,GianniGiglio,1,0.01378,6225,85.77925,7257
1641,giaptx,1,0.01378,6226,85.79303,7257
1642,Gibstick,1,0.01378,6227,85.80681,7257
1643,giepa,1,0.01378,6228,85.82059,7257
1644,GiovanniZotta,1,0.01378,6229,85.83437,7257
1645,girlpunk,1,0.01378,6230,85.84815,7257
1646,gitarns,1,0.01378,6231,85.86193,7257
1647,Gitleyla,1,0.01378,6232,85.87571,7257
1648,glmdev,1,0.01378,6233,85.88949,7257
1649,gnozil,1,0.01378,6234,85.90327,7257
1650,gogreen53,1,0.01378,6235,85.91705,7257
1651,gokhankocak,1,0.01378,6236,85.93083,7257
1652,Gowtham029,1,0.01378,6237,85.94461,7257
1653,gradyela,1,0.01378,6238,85.95839,7257
1654,greed2411,1,0.01378,6239,85.97216,7257
1655,gruberrichard,1,0.01378,6240,85.98594,7257
1656,grzegorz-bielski,1,0.01378,6241,85.99972,7257
1657,gsmanigandan,1,0.01378,6242,86.01350,7257
1658,GSZoominfo,1,0.01378,6243,86.02728,7257
1659,GunaKKIBM,1,0.01378,6244,86.04106,7257
1660,guptavip,1,0.01378,6245,86.05484,7257
1661,GustavJaner,1,0.01378,6246,86.06862,7257
1662,gvelez17,1,0.01378,6247,86.08240,7257
1663,gvengel,1,0.01378,6248,86.09618,7257
1664,GWTNixon,1,0.01378,6249,86.10996,7257
1665,h0730303779,1,0.01378,6250,86.12374,7257
1666,HaBaLeS,1,0.01378,6251,86.13752,7257
1667,hadrienk,1,0.01378,6252,86.15130,7257
1668,Haim-Barilan,1,0.01378,6253,86.16508,7257
1669,halfhoney,1,0.01378,6254,86.17886,7257
1670,HamzaMalik95,1,0.01378,6255,86.19264,7257
1671,haneefmubarak,1,0.01378,6256,86.20642,7257
1672,hanfanwen,1,0.01378,6257,86.22020,7257
1673,hansaya,1,0.01378,6258,86.23398,7257
1674,HansKre,1,0.01378,6259,86.24776,7257
1675,Hantiaotiaoz,1,0.01378,6260,86.26154,7257
1676,Hanyman8,1,0.01378,6261,86.27532,7257
1677,hareeshmu,1,0.01378,6262,86.28910,7257
1678,hariohmprasath,1,0.01378,6263,86.30288,7257
1679,harishks,1,0.01378,6264,86.31666,7257
1680,harvell,1,0.01378,6265,86.33044,7257
1681,hasanhakkaev,1,0.01378,6266,86.34422,7257
1682,hashCode1,1,0.01378,6267,86.35800,7257
1683,hehe04,1,0.01378,6268,86.37178,7257
1684,HelloPb,1,0.01378,6269,86.38556,7257
1685,henryezeanya,1,0.01378,6270,86.39934,7257
1686,HenryTheMoose,1,0.01378,6271,86.41312,7257
1687,herbw,1,0.01378,6272,86.42690,7257
1688,hextechpal,1,0.01378,6273,86.44068,7257
1689,HeyAdityaPatidar,1,0.01378,6274,86.45446,7257
1690,HHobeck,1,0.01378,6275,86.46824,7257
1691,hieutruong-sym,1,0.01378,6276,86.48202,7257
1692,hlmuludiang,1,0.01378,6277,86.49580,7257
1693,hmbyl,1,0.01378,6278,86.50958,7257
1694,hooverdc,1,0.01378,6279,86.52336,7257
1695,hoppla20,1,0.01378,6280,86.53714,7257
1696,hors,1,0.01378,6281,86.55092,7257
1697,hotinherre01,1,0.01378,6282,86.56470,7257
1698,hrkumaran,1,0.01378,6283,86.57848,7257
1699,HrushikeshAITDIAN,1,0.01378,6284,86.59226,7257
1700,hsargsyan,1,0.01378,6285,86.60604,7257
1701,huangzhuxing,1,0.01378,6286,86.61982,7257
1702,hudzy,1,0.01378,6287,86.63360,7257
1703,hughhan1,1,0.01378,6288,86.64737,7257
1704,humbertoc-silva,1,0.01378,6289,86.66115,7257
1705,hussam-qasem,1,0.01378,6290,86.67493,7257
1706,hwyan,1,0.01378,6291,86.68871,7257
1707,Hyaxia,1,0.01378,6292,86.70249,7257
1708,hyeokyoon-chang,1,0.01378,6293,86.71627,7257
1709,iamantil,1,0.01378,6294,86.73005,7257
1710,iamcan13,1,0.01378,6295,86.74383,7257
1711,iam-nagarajan,1,0.01378,6296,86.75761,7257
1712,ianlevesque,1,0.01378,6297,86.77139,7257
1713,ibizdevops,1,0.01378,6298,86.78517,7257
1714,idanb-qwak,1,0.01378,6299,86.79895,7257
1715,idc77,1,0.01378,6300,86.81273,7257
1716,idev1990,1,0.01378,6301,86.82651,7257
1717,ihatecodingaf,1,0.01378,6302,86.84029,7257
1718,ikashifullah,1,0.01378,6303,86.85407,7257
1719,ilias-115,1,0.01378,6304,86.86785,7257
1720,imhwli,1,0.01378,6305,86.88163,7257
1721,in-cloud-opensource,1,0.01378,6306,86.89541,7257
1722,infa-eansari,1,0.01378,6307,86.90919,7257
1723,InverMN,1,0.01378,6308,86.92297,7257
1724,istvancaluser,1,0.01378,6309,86.93675,7257
1725,isXuXH,1,0.01378,6310,86.95053,7257
1726,ittus,1,0.01378,6311,86.96431,7257
1727,ivan-freedomfi,1,0.01378,6312,86.97809,7257
1728,IvanTopolcic,1,0.01378,6313,86.99187,7257
1729,ivaske,1,0.01378,6314,87.00565,7257
1730,IWANTBAT,1,0.01378,6315,87.01943,7257
1731,iwarriorgit,1,0.01378,6316,87.03321,7257
1732,j4real2208,1,0.01378,6317,87.04699,7257
1733,jacek-miloszewski-form3,1,0.01378,6318,87.06077,7257
1734,jackdsite,1,0.01378,6319,87.07455,7257
1735,jackliusr,1,0.01378,6320,87.08833,7257
1736,jacktd9,1,0.01378,6321,87.10211,7257
1737,jagadishn,1,0.01378,6322,87.11589,7257
1738,jakefhyde,1,0.01378,6323,87.12967,7257
1739,jakelee8,1,0.01378,6324,87.14345,7257
1740,jallen-frb,1,0.01378,6325,87.15723,7257
1741,jamesw201,1,0.01378,6326,87.17101,7257
1742,james-wilson-kidsloop,1,0.01378,6327,87.18479,7257
1743,jan-sykora,1,0.01378,6328,87.19857,7257
1744,jarl-haggerty,1,0.01378,6329,87.21235,7257
1745,jason-gideon,1,0.01378,6330,87.22613,7257
1746,jasonmit,1,0.01378,6331,87.23991,7257
1747,jastabiletech,1,0.01378,6332,87.25369,7257
1748,jayjaytay,1,0.01378,6333,87.26747,7257
1749,j-baker,1,0.01378,6334,87.28125,7257
1750,jck,1,0.01378,6335,87.29503,7257
1751,jdcloudconformance,1,0.01378,6336,87.30881,7257
1752,jebe2009,1,0.01378,6337,87.32259,7257
1753,jegadjame,1,0.01378,6338,87.33636,7257
1754,jensentanlo,1,0.01378,6339,87.35014,7257
1755,jeongukjae,1,0.01378,6340,87.36392,7257
1756,JeremyAlosio,1,0.01378,6341,87.37770,7257
1757,jeremychase,1,0.01378,6342,87.39148,7257
1758,jessie-txt,1,0.01378,6343,87.40526,7257
1759,jesusalvb,1,0.01378,6344,87.41904,7257
1760,jfach,1,0.01378,6345,87.43282,7257
1761,jgourmelen,1,0.01378,6346,87.44660,7257
1762,jgsamblas,1,0.01378,6347,87.46038,7257
1763,jhanos,1,0.01378,6348,87.47416,7257
1764,jhenriquez-ax,1,0.01378,6349,87.48794,7257
1765,jianggj,1,0.01378,6350,87.50172,7257
1766,jibinqb,1,0.01378,6351,87.51550,7257
1767,jimisaacs,1,0.01378,6352,87.52928,7257
1768,jippeholwerda,1,0.01378,6353,87.54306,7257
1769,JJ11teen,1,0.01378,6354,87.55684,7257
1770,jjjan,1,0.01378,6355,87.57062,7257
1771,jjkim0816,1,0.01378,6356,87.58440,7257
1772,jjournet,1,0.01378,6357,87.59818,7257
1773,jkulak,1,0.01378,6358,87.61196,7257
1774,jleandrocr,1,0.01378,6359,87.62574,7257
1775,jm3dedalus,1,0.01378,6360,87.63952,7257
1776,jmcrawford45,1,0.01378,6361,87.65330,7257
1777,jmorsecode,1,0.01378,6362,87.66708,7257
1778,jmpf2019,1,0.01378,6363,87.68086,7257
1779,jmwri,1,0.01378,6364,87.69464,7257
1780,jna3,1,0.01378,6365,87.70842,7257
1781,joao-dantas,1,0.01378,6366,87.72220,7257
1782,jobetinfosec,1,0.01378,6367,87.73598,7257
1783,joegraviton,1,0.01378,6368,87.74976,7257
1784,JoeMinty,1,0.01378,6369,87.76354,7257
1785,JoePassanante,1,0.01378,6370,87.77732,7257
1786,joey-yoonsung,1,0.01378,6371,87.79110,7257
1787,johannes85,1,0.01378,6372,87.80488,7257
1788,JohanRyberg,1,0.01378,6373,87.81866,7257
1789,JohnBjrk,1,0.01378,6374,87.83244,7257
1790,JoKuebler,1,0.01378,6375,87.84622,7257
1791,joneug,1,0.01378,6376,87.86000,7257
1792,jonmchu,1,0.01378,6377,87.87378,7257
1793,jonmikeli,1,0.01378,6378,87.88756,7257
1794,joojscript,1,0.01378,6379,87.90134,7257
1795,joppino,1,0.01378,6380,87.91512,7257
1796,JordyWTC,1,0.01378,6381,87.92890,7257
1797,joshua-sp,1,0.01378,6382,87.94268,7257
1798,joyalvarghese,1,0.01378,6383,87.95646,7257
1799,joyceol,1,0.01378,6384,87.97024,7257
1800,jpflick,1,0.01378,6385,87.98402,7257
1801,jrsdav,1,0.01378,6386,87.99780,7257
1802,jsntmaoxx,1,0.01378,6387,88.01158,7257
1803,jsuarezm,1,0.01378,6388,88.02535,7257
1804,julealgon,1,0.01378,6389,88.03913,7257
1805,julianhahn,1,0.01378,6390,88.05291,7257
1806,julianrubino,1,0.01378,6391,88.06669,7257
1807,julienlavergne,1,0.01378,6392,88.08047,7257
1808,jundizhou,1,0.01378,6393,88.09425,7257
1809,jungan21,1,0.01378,6394,88.10803,7257
1810,junydania,1,0.01378,6395,88.12181,7257
1811,JUST1CEjohnson,1,0.01378,6396,88.13559,7257
1812,justas147,1,0.01378,6397,88.14937,7257
1813,justinrosenthal,1,0.01378,6398,88.16315,7257
1814,jwnmulder,1,0.01378,6399,88.17693,7257
1815,jzcq89,1,0.01378,6400,88.19071,7257
1816,kadtendulkar,1,0.01378,6401,88.20449,7257
1817,kagemusha-sgs,1,0.01378,6402,88.21827,7257
1818,KaiOdenthal,1,0.01378,6403,88.23205,7257
1819,kaka1365,1,0.01378,6404,88.24583,7257
1820,KalaRaja,1,0.01378,6405,88.25961,7257
1821,kalpeshhpatel,1,0.01378,6406,88.27339,7257
1822,KamikazeZirou,1,0.01378,6407,88.28717,7257
1823,kangclzjc,1,0.01378,6408,88.30095,7257
1824,KanikaBishnoi,1,0.01378,6409,88.31473,7257
1825,karimib,1,0.01378,6410,88.32851,7257
1826,karlroberts,1,0.01378,6411,88.34229,7257
1827,karol-bisztyga,1,0.01378,6412,88.35607,7257
1828,KashmiraGhom,1,0.01378,6413,88.36985,7257
1829,kasteph,1,0.01378,6414,88.38363,7257
1830,kavaldeep,1,0.01378,6415,88.39741,7257
1831,kCyborg,1,0.01378,6416,88.41119,7257
1832,kdessai19,1,0.01378,6417,88.42497,7257
1833,Keep-working-enthusiasm,1,0.01378,6418,88.43875,7257
1834,kefik,1,0.01378,6419,88.45253,7257
1835,Keloran,1,0.01378,6420,88.46631,7257
1836,kevinantonythomas,1,0.01378,6421,88.48009,7257
1837,kevinwangcn,1,0.01378,6422,88.49387,7257
1838,Kewei-Lu,1,0.01378,6423,88.50765,7257
1839,killerzwelch,1,0.01378,6424,88.52143,7257
1840,kingsxiaoz,1,0.01378,6425,88.53521,7257
1841,kinoute,1,0.01378,6426,88.54899,7257
1842,kirtisagar,1,0.01378,6427,88.56277,7257
1843,kkroening,1,0.01378,6428,88.57655,7257
1844,kky-fury,1,0.01378,6429,88.59033,7257
1845,klerick,1,0.01378,6430,88.60411,7257
1846,klolik,1,0.01378,6431,88.61789,7257
1847,Knittybird,1,0.01378,6432,88.63167,7257
1848,knksmith57,1,0.01378,6433,88.64545,7257
1849,kollurukailash,1,0.01378,6434,88.65923,7257
1850,kon-angelo,1,0.01378,6435,88.67301,7257
1851,konrad945,1,0.01378,6436,88.68679,7257
1852,KoVaLsKy2010,1,0.01378,6437,88.70056,7257
1853,kprateep,1,0.01378,6438,88.71434,7257
1854,Krebsmar,1,0.01378,6439,88.72812,7257
1855,KrishAryan,1,0.01378,6440,88.74190,7257
1856,krishnakumar797,1,0.01378,6441,88.75568,7257
1857,krishnarayapudi25,1,0.01378,6442,88.76946,7257
1858,kroehre,1,0.01378,6443,88.78324,7257
1859,krushnakantb,1,0.01378,6444,88.79702,7257
1860,ksanislo,1,0.01378,6445,88.81080,7257
1861,kstest1,1,0.01378,6446,88.82458,7257
1862,kuanwwang,1,0.01378,6447,88.83836,7257
1863,Kumassy,1,0.01378,6448,88.85214,7257
1864,kungfupanda792,1,0.01378,6449,88.86592,7257
1865,kun-hackle,1,0.01378,6450,88.87970,7257
1866,kvmukhin,1,0.01378,6451,88.89348,7257
1867,kvspb,1,0.01378,6452,88.90726,7257
1868,Kybeer,1,0.01378,6453,88.92104,7257
1869,kyorav,1,0.01378,6454,88.93482,7257
1870,laupse,1,0.01378,6455,88.94860,7257
1871,lavih,1,0.01378,6456,88.96238,7257
1872,lawrenceong,1,0.01378,6457,88.97616,7257
1873,lazorfuzz,1,0.01378,6458,88.98994,7257
1874,ldawert-sys11,1,0.01378,6459,89.00372,7257
1875,ldevore-indigoag,1,0.01378,6460,89.01750,7257
1876,ldichiro,1,0.01378,6461,89.03128,7257
1877,le0nard01,1,0.01378,6462,89.04506,7257
1878,le2sky,1,0.01378,6463,89.05884,7257
1879,learnernk,1,0.01378,6464,89.07262,7257
1880,lechaimwilson,1,0.01378,6465,89.08640,7257
1881,leehanel,1,0.01378,6466,89.10018,7257
1882,Leenie,1,0.01378,6467,89.11396,7257
1883,leibnitz85,1,0.01378,6468,89.12774,7257
1884,Lemorz56,1,0.01378,6469,89.14152,7257
1885,LennartTimmers,1,0.01378,6470,89.15530,7257
1886,Leovilhena,1,0.01378,6471,89.16908,7257
1887,levanlongktmt,1,0.01378,6472,89.18286,7257
1888,LeviLong01,1,0.01378,6473,89.19664,7257
1889,levincarmel,1,0.01378,6474,89.21042,7257
1890,Le-Zheng,1,0.01378,6475,89.22420,7257
1891,lftgl,1,0.01378,6476,89.23798,7257
1892,lgelisio,1,0.01378,6477,89.25176,7257
1893,lgov,1,0.01378,6478,89.26554,7257
1894,lGSMl,1,0.01378,6479,89.27932,7257
1895,lhorie,1,0.01378,6480,89.29310,7257
1896,liamchzh,1,0.01378,6481,89.30688,7257
1897,liaojie,1,0.01378,6482,89.32066,7257
1898,libcthorne,1,0.01378,6483,89.33444,7257
1899,liborui,1,0.01378,6484,89.34822,7257
1900,LijieZhou,1,0.01378,6485,89.36200,7257
1901,lime008,1,0.01378,6486,89.37578,7257
1902,linhnvhicts,1,0.01378,6487,89.38955,7257
1903,linkafsar,1,0.01378,6488,89.40333,7257
1904,LinPin7994,1,0.01378,6489,89.41711,7257
1905,liruisee,1,0.01378,6490,89.43089,7257
1906,LittleCVR,1,0.01378,6491,89.44467,7257
1907,LiuShuaiyi,1,0.01378,6492,89.45845,7257
1908,liuyingshanx,1,0.01378,6493,89.47223,7257
1909,liuzheng1990,1,0.01378,6494,89.48601,7257
1910,lixiangzzz2017,1,0.01378,6495,89.49979,7257
1911,liyaodev,1,0.01378,6496,89.51357,7257
1912,liyihuang,1,0.01378,6497,89.52735,7257
1913,li-zeyuan,1,0.01378,6498,89.54113,7257
1914,lizhe19,1,0.01378,6499,89.55491,7257
1915,llinvokerl,1,0.01378,6500,89.56869,7257
1916,llsJllsJ,1,0.01378,6501,89.58247,7257
1917,loicmagne,1,0.01378,6502,89.59625,7257
1918,lokegustafsson,1,0.01378,6503,89.61003,7257
1919,lokeshkumarbalu,1,0.01378,6504,89.62381,7257
1920,longlongyang,1,0.01378,6505,89.63759,7257
1921,longxinH,1,0.01378,6506,89.65137,7257
1922,lopesdasilva,1,0.01378,6507,89.66515,7257
1923,lorand-plensys,1,0.01378,6508,89.67893,7257
1924,loristo,1,0.01378,6509,89.69271,7257
1925,losha228,1,0.01378,6510,89.70649,7257
1926,lotus-x,1,0.01378,6511,89.72027,7257
1927,lphu,1,0.01378,6512,89.73405,7257
1928,lqychange,1,0.01378,6513,89.74783,7257
1929,lsnan,1,0.01378,6514,89.76161,7257
1930,ltartarini,1,0.01378,6515,89.77539,7257
1931,lucasarrudatrustly,1,0.01378,6516,89.78917,7257
1932,lucasff,1,0.01378,6517,89.80295,7257
1933,LucaWolf,1,0.01378,6518,89.81673,7257
1934,lucianoqueiroz,1,0.01378,6519,89.83051,7257
1935,luigigubello,1,0.01378,6520,89.84429,7257
1936,luis-alen,1,0.01378,6521,89.85807,7257
1937,LukasBommes,1,0.01378,6522,89.87185,7257
1938,lukasstanek,1,0.01378,6523,89.88563,7257
1939,luke-beep,1,0.01378,6524,89.89941,7257
1940,lukevs,1,0.01378,6525,89.91319,7257
1941,lulukas86,1,0.01378,6526,89.92697,7257
1942,luojieio,1,0.01378,6527,89.94075,7257
1943,luuhai48,1,0.01378,6528,89.95453,7257
1944,lvsizhe,1,0.01378,6529,89.96831,7257
1945,lwdragon,1,0.01378,6530,89.98209,7257
1946,lxc902,1,0.01378,6531,89.99587,7257
1947,LykxSassinator,1,0.01378,6532,90.00965,7257
1948,lynxamor,1,0.01378,6533,90.02343,7257
1949,lyphilip,1,0.01378,6534,90.03721,7257
1950,macmiranda,1,0.01378,6535,90.05099,7257
1951,Madaspe,1,0.01378,6536,90.06477,7257
1952,madhusarma,1,0.01378,6537,90.07854,7257
1953,magichan,1,0.01378,6538,90.09232,7257
1954,magnezone150,1,0.01378,6539,90.10610,7257
1955,magoogli,1,0.01378,6540,90.11988,7257
1956,maiconbaum,1,0.01378,6541,90.13366,7257
1957,malyBobr,1,0.01378,6542,90.14744,7257
1958,malyem,1,0.01378,6543,90.16122,7257
1959,mantori,1,0.01378,6544,90.17500,7257
1960,manu2melvin,1,0.01378,6545,90.18878,7257
1961,manuelfedele,1,0.01378,6546,90.20256,7257
1962,maradwan,1,0.01378,6547,90.21634,7257
1963,MarahAbu,1,0.01378,6548,90.23012,7257
1964,marchmiel,1,0.01378,6549,90.24390,7257
1965,marcules,1,0.01378,6550,90.25768,7257
1966,Marcussafar,1,0.01378,6551,90.27146,7257
1967,marianojabdala,1,0.01378,6552,90.28524,7257
1968,maria-reynoso,1,0.01378,6553,90.29902,7257
1969,marioapardo,1,0.01378,6554,90.31280,7257
1970,mariot8,1,0.01378,6555,90.32658,7257
1971,mariussoutier,1,0.01378,6556,90.34036,7257
1972,MarkLux,1,0.01378,6557,90.35414,7257
1973,MarkusBauerBE,1,0.01378,6558,90.36792,7257
1974,MaroonedMind,1,0.01378,6559,90.38170,7257
1975,marooou,1,0.01378,6560,90.39548,7257
1976,martinep1,1,0.01378,6561,90.40926,7257
1977,martinformi,1,0.01378,6562,90.42304,7257
1978,martomor,1,0.01378,6563,90.43682,7257
1979,Martua27,1,0.01378,6564,90.45060,7257
1980,masus04,1,0.01378,6565,90.46438,7257
1981,MatanNahun,1,0.01378,6566,90.47816,7257
1982,matanr-orca,1,0.01378,6567,90.49194,7257
1983,mateuspmello,1,0.01378,6568,90.50572,7257
1984,MaticDiba,1,0.01378,6569,90.51950,7257
1985,mattbator,1,0.01378,6570,90.53328,7257
1986,MatthewFagan,1,0.01378,6571,90.54706,7257
1987,MatthewHou,1,0.01378,6572,90.56084,7257
1988,mattjwarren,1,0.01378,6573,90.57462,7257
1989,mattups,1,0.01378,6574,90.58840,7257
1990,Mausved,1,0.01378,6575,90.60218,7257
1991,maxbol,1,0.01378,6576,90.61596,7257
1992,Maxcoder-net,1,0.01378,6577,90.62974,7257
1993,max-dankow,1,0.01378,6578,90.64352,7257
1994,MaxGer,1,0.01378,6579,90.65730,7257
1995,MaxMommersteeg,1,0.01378,6580,90.67108,7257
1996,max-okumoto,1,0.01378,6581,90.68486,7257
1997,mayank3srivastava,1,0.01378,6582,90.69864,7257
1998,mayyyyying,1,0.01378,6583,90.71242,7257
1999,mbahiense,1,0.01378,6584,90.72620,7257
2000,mblsf,1,0.01378,6585,90.73998,7257
2001,mehak151,1,0.01378,6586,90.75375,7257
2002,melbgirl,1,0.01378,6587,90.76753,7257
2003,MelnikovAG,1,0.01378,6588,90.78131,7257
2004,mengdu,1,0.01378,6589,90.79509,7257
2005,mengxialong,1,0.01378,6590,90.80887,7257
2006,Merteg,1,0.01378,6591,90.82265,7257
2007,mes5k,1,0.01378,6592,90.83643,7257
2008,Mexx77,1,0.01378,6593,90.85021,7257
2009,mfn,1,0.01378,6594,90.86399,7257
2010,mghlaiel,1,0.01378,6595,90.87777,7257
2011,mheap,1,0.01378,6596,90.89155,7257
2012,miaooss,1,0.01378,6597,90.90533,7257
2013,michael-goe,1,0.01378,6598,90.91911,7257
2014,michael-riha,1,0.01378,6599,90.93289,7257
2015,michael-thoughtworker,1,0.01378,6600,90.94667,7257
2016,michalszynkiewicz,1,0.01378,6601,90.96045,7257
2017,mihaelrodek,1,0.01378,6602,90.97423,7257
2018,mihai1voicescu,1,0.01378,6603,90.98801,7257
2019,mihawk47,1,0.01378,6604,91.00179,7257
2020,mikednight,1,0.01378,6605,91.01557,7257
2021,mi-kei-la,1,0.01378,6606,91.02935,7257
2022,mikevank,1,0.01378,6607,91.04313,7257
2023,miksercz,1,0.01378,6608,91.05691,7257
2024,milanaleksic,1,0.01378,6609,91.07069,7257
2025,milanhradil1-tomtom,1,0.01378,6610,91.08447,7257
2026,milkdrink,1,0.01378,6611,91.09825,7257
2027,mingue,1,0.01378,6612,91.11203,7257
2028,minhtran-q,1,0.01378,6613,91.12581,7257
2029,Mionsz,1,0.01378,6614,91.13959,7257
2030,miphip,1,0.01378,6615,91.15337,7257
2031,Miyagee,1,0.01378,6616,91.16715,7257
2032,mjBayati,1,0.01378,6617,91.18093,7257
2033,mjeco,1,0.01378,6618,91.19471,7257
2034,mkiael,1,0.01378,6619,91.20849,7257
2035,mkudsi,1,0.01378,6620,91.22227,7257
2036,mkum98,1,0.01378,6621,91.23605,7257
2037,mlois-efimob,1,0.01378,6622,91.24983,7257
2038,mmclane,1,0.01378,6623,91.26361,7257
2039,mmhet,1,0.01378,6624,91.27739,7257
2040,mmoscher,1,0.01378,6625,91.29117,7257
2041,mmusnjak,1,0.01378,6626,91.30495,7257
2042,mohclips,1,0.01378,6627,91.31873,7257
2043,moizrassiwala,1,0.01378,6628,91.33251,7257
2044,MojtabaSPR,1,0.01378,6629,91.34629,7257
2045,monicaaraneda,1,0.01378,6630,91.36007,7257
2046,mooware,1,0.01378,6631,91.37385,7257
2047,moritzjohner-form3,1,0.01378,6632,91.38763,7257
2048,MortalFlesh,1,0.01378,6633,91.40141,7257
2049,mortenmj,1,0.01378,6634,91.41519,7257
2050,moshebe,1,0.01378,6635,91.42897,7257
2051,Mosseridan,1,0.01378,6636,91.44274,7257
2052,MostefaKamalLala,1,0.01378,6637,91.45652,7257
2053,moyomendoza,1,0.01378,6638,91.47030,7257
2054,mqamora,1,0.01378,6639,91.48408,7257
2055,mr-davidc,1,0.01378,6640,91.49786,7257
2056,mrgrieves8,1,0.01378,6641,91.51164,7257
2057,m-ronchi,1,0.01378,6642,91.52542,7257
2058,mschumacher-syntellis,1,0.01378,6643,91.53920,7257
2059,mspedalettiHM,1,0.01378,6644,91.55298,7257
2060,mtippmann,1,0.01378,6645,91.56676,7257
2061,muralisrini,1,0.01378,6646,91.58054,7257
2062,mur-me,1,0.01378,6647,91.59432,7257
2063,Mushfik,1,0.01378,6648,91.60810,7257
2064,musukvl,1,0.01378,6649,91.62188,7257
2065,MutualismPtyLtd,1,0.01378,6650,91.63566,7257
2066,mvs5465,1,0.01378,6651,91.64944,7257
2067,mv-yurchenko,1,0.01378,6652,91.66322,7257
2068,mwright-pivotal,1,0.01378,6653,91.67700,7257
2069,mxfactorial,1,0.01378,6654,91.69078,7257
2070,n0byk,1,0.01378,6655,91.70456,7257
2071,NaeiKinDus,1,0.01378,6656,91.71834,7257
2072,nahidakbar,1,0.01378,6657,91.73212,7257
2073,naitmare01,1,0.01378,6658,91.74590,7257
2074,namlh16,1,0.01378,6659,91.75968,7257
2075,naohito-intuit,1,0.01378,6660,91.77346,7257
2076,narayudu,1,0.01378,6661,91.78724,7257
2077,NareshKoduru,1,0.01378,6662,91.80102,7257
2078,nareshmuruganbw,1,0.01378,6663,91.81480,7257
2079,natarajan0007,1,0.01378,6664,91.82858,7257
2080,nateaxcell,1,0.01378,6665,91.84236,7257
2081,nate-selzer,1,0.01378,6666,91.85614,7257
2082,NathanFRuiz,1,0.01378,6667,91.86992,7257
2083,Nat-Tebb,1,0.01378,6668,91.88370,7257
2084,Navdeepuniyal,1,0.01378,6669,91.89748,7257
2085,naveenkumarsp,1,0.01378,6670,91.91126,7257
2086,Naveen-manokaran,1,0.01378,6671,91.92504,7257
2087,NaxAlpha,1,0.01378,6672,91.93882,7257
2088,nBoeninger,1,0.01378,6673,91.95260,7257
2089,ndlanier,1,0.01378,6674,91.96638,7257
2090,Neelesh2512,1,0.01378,6675,91.98016,7257
2091,neilo-df,1,0.01378,6676,91.99394,7257
2092,nerdvegas,1,0.01378,6677,92.00772,7257
2093,net-sniper,1,0.01378,6678,92.02150,7257
2094,nexcvon,1,0.01378,6679,92.03528,7257
2095,nfeltrin-dkb,1,0.01378,6680,92.04906,7257
2096,ngoclammevn,1,0.01378,6681,92.06284,7257
2097,nicely-dunn,1,0.01378,6682,92.07662,7257
2098,nicholas-george,1,0.01378,6683,92.09040,7257
2099,nickborges,1,0.01378,6684,92.10418,7257
2100,NicolasKarnick,1,0.01378,6685,92.11796,7257
2101,NielDB,1,0.01378,6686,92.13173,7257
2102,Nikolasotvsos262,1,0.01378,6687,92.14551,7257
2103,NikOtvos8,1,0.01378,6688,92.15929,7257
2104,nils-borrmann-y42,1,0.01378,6689,92.17307,7257
2105,nioshield,1,0.01378,6690,92.18685,7257
2106,nirmalmano,1,0.01378,6691,92.20063,7257
2107,nitzek,1,0.01378,6692,92.21441,7257
2108,njablonski,1,0.01378,6693,92.22819,7257
2109,nmarjano,1,0.01378,6694,92.24197,7257
2110,nmattela,1,0.01378,6695,92.25575,7257
2111,nmtoan91,1,0.01378,6696,92.26953,7257
2112,nn-afly,1,0.01378,6697,92.28331,7257
2113,noblejacob-kubra,1,0.01378,6698,92.29709,7257
2114,noesberger,1,0.01378,6699,92.31087,7257
2115,nosmicek,1,0.01378,6700,92.32465,7257
2116,nothsa,1,0.01378,6701,92.33843,7257
2117,npabb001,1,0.01378,6702,92.35221,7257
2118,nrowegt,1,0.01378,6703,92.36599,7257
2119,nsingal,1,0.01378,6704,92.37977,7257
2120,ntrp,1,0.01378,6705,92.39355,7257
2121,ntr-ross,1,0.01378,6706,92.40733,7257
2122,obulirajm,1,0.01378,6707,92.42111,7257
2123,oneto1,1,0.01378,6708,92.43489,7257
2124,opabloc,1,0.01378,6709,92.44867,7257
2125,or3liyahu,1,0.01378,6710,92.46245,7257
2126,OrlandoArcapix,1,0.01378,6711,92.47623,7257
2127,Orrimp,1,0.01378,6712,92.49001,7257
2128,oryades,1,0.01378,6713,92.50379,7257
2129,Osamah9069,1,0.01378,6714,92.51757,7257
2130,osamaz26,1,0.01378,6715,92.53135,7257
2131,oshyshkov2010,1,0.01378,6716,92.54513,7257
2132,ospiegel91,1,0.01378,6717,92.55891,7257
2133,OS-venkataashok,1,0.01378,6718,92.57269,7257
2134,oswald0071,1,0.01378,6719,92.58647,7257
2135,outout14,1,0.01378,6720,92.60025,7257
2136,P01DHANRAJSG,1,0.01378,6721,92.61403,7257
2137,pabagan,1,0.01378,6722,92.62781,7257
2138,Pali15,1,0.01378,6723,92.64159,7257
2139,panbing520,1,0.01378,6724,92.65537,7257
2140,pandemir,1,0.01378,6725,92.66915,7257
2141,panzhenyu12,1,0.01378,6726,92.68293,7257
2142,patrickbadleyupstart,1,0.01378,6727,92.69671,7257
2143,patrickrodiesDK,1,0.01378,6728,92.71049,7257
2144,patryksliwinski,1,0.01378,6729,92.72427,7257
2145,Patusia98,1,0.01378,6730,92.73805,7257
2146,paul-palmer,1,0.01378,6731,92.75183,7257
2147,pavan-chakka,1,0.01378,6732,92.76561,7257
2148,pc0013,1,0.01378,6733,92.77939,7257
2149,pdeslaur,1,0.01378,6734,92.79317,7257
2150,peachblossomgame,1,0.01378,6735,92.80695,7257
2151,Peakchen,1,0.01378,6736,92.82072,7257
2152,pedro-cwi,1,0.01378,6737,92.83450,7257
2153,pembunuhraja85,1,0.01378,6738,92.84828,7257
2154,peng19940915,1,0.01378,6739,92.86206,7257
2155,petrm,1,0.01378,6740,92.87584,7257
2156,PGBI,1,0.01378,6741,92.88962,7257
2157,phalsam,1,0.01378,6742,92.90340,7257
2158,phan91,1,0.01378,6743,92.91718,7257
2159,PhilipPenquitt,1,0.01378,6744,92.93096,7257
2160,photra,1,0.01378,6745,92.94474,7257
2161,phxescap,1,0.01378,6746,92.95852,7257
2162,piotrkpc,1,0.01378,6747,92.97230,7257
2163,pippitt,1,0.01378,6748,92.98608,7257
2164,piyush1146115,1,0.01378,6749,92.99986,7257
2165,pja237,1,0.01378,6750,93.01364,7257
2166,pkazi,1,0.01378,6751,93.02742,7257
2167,pkchavva,1,0.01378,6752,93.04120,7257
2168,pkerschbaum,1,0.01378,6753,93.05498,7257
2169,pmmlo,1,0.01378,6754,93.06876,7257
2170,pmocek,1,0.01378,6755,93.08254,7257
2171,polingsky,1,0.01378,6756,93.09632,7257
2172,Positron1990,1,0.01378,6757,93.11010,7257
2173,pp185214,1,0.01378,6758,93.12388,7257
2174,ppenmeth9,1,0.01378,6759,93.13766,7257
2175,Pradeepjraman,1,0.01378,6760,93.15144,7257
2176,PrakashDahal,1,0.01378,6761,93.16522,7257
2177,Prakhar-Jaju,1,0.01378,6762,93.17900,7257
2178,pramodsri,1,0.01378,6763,93.19278,7257
2179,prasad-1729,1,0.01378,6764,93.20656,7257
2180,prasanththorati,1,0.01378,6765,93.22034,7257
2181,pratik705,1,0.01378,6766,93.23412,7257
2182,PraveenJP,1,0.01378,6767,93.24790,7257
2183,prebours,1,0.01378,6768,93.26168,7257
2184,prescod,1,0.01378,6769,93.27546,7257
2185,prisben,1,0.01378,6770,93.28924,7257
2186,psantoli,1,0.01378,6771,93.30302,7257
2187,psema4,1,0.01378,6772,93.31680,7257
2188,pulcov,1,0.01378,6773,93.33058,7257
2189,pulecp,1,0.01378,6774,93.34436,7257
2190,punnarpulusu,1,0.01378,6775,93.35814,7257
2191,purvalraj,1,0.01378,6776,93.37192,7257
2192,pwenot,1,0.01378,6777,93.38570,7257
2193,q741242673,1,0.01378,6778,93.39948,7257
2194,qby-tofi,1,0.01378,6779,93.41326,7257
2195,qianfen2021,1,0.01378,6780,93.42704,7257
2196,qifzhou,1,0.01378,6781,93.44082,7257
2197,quqonlik,1,0.01378,6782,93.45460,7257
2198,r0kk,1,0.01378,6783,93.46838,7257
2199,rabbice,1,0.01378,6784,93.48216,7257
2200,radeva,1,0.01378,6785,93.49593,7257
2201,rafaelcmonteiro,1,0.01378,6786,93.50971,7257
2202,rafaelmembrives,1,0.01378,6787,93.52349,7257
2203,rahul-paigavan,1,0.01378,6788,93.53727,7257
2204,railsonsousa106,1,0.01378,6789,93.55105,7257
2205,rajani-konreddy,1,0.01378,6790,93.56483,7257
2206,RajivDutt,1,0.01378,6791,93.57861,7257
2207,Rajkumar-Dev143,1,0.01378,6792,93.59239,7257
2208,Rajkumar-wavelabs,1,0.01378,6793,93.60617,7257
2209,Ram7378,1,0.01378,6794,93.61995,7257
2210,ramezanius,1,0.01378,6795,93.63373,7257
2211,rampn443,1,0.01378,6796,93.64751,7257
2212,rangsaritv,1,0.01378,6797,93.66129,7257
2213,rarecrumb,1,0.01378,6798,93.67507,7257
2214,rastaman,1,0.01378,6799,93.68885,7257
2215,ratanparai,1,0.01378,6800,93.70263,7257
2216,RaYong8080,1,0.01378,6801,93.71641,7257
2217,razumovich,1,0.01378,6802,93.73019,7257
2218,RazzM13,1,0.01378,6803,93.74397,7257
2219,rbisecke,1,0.01378,6804,93.75775,7257
2220,rcarre,1,0.01378,6805,93.77153,7257
2221,rdelacruz2,1,0.01378,6806,93.78531,7257
2222,rdifrango,1,0.01378,6807,93.79909,7257
2223,rduarte-mule,1,0.01378,6808,93.81287,7257
2224,rearranged,1,0.01378,6809,93.82665,7257
2225,rede24,1,0.01378,6810,93.84043,7257
2226,redek91,1,0.01378,6811,93.85421,7257
2227,RedstoneWizard08,1,0.01378,6812,93.86799,7257
2228,Reed-Wu,1,0.01378,6813,93.88177,7257
2229,rehiy,1,0.01378,6814,93.89555,7257
2230,reilly3000,1,0.01378,6815,93.90933,7257
2231,Remusss,1,0.01378,6816,93.92311,7257
2232,renan-morilha-sentia,1,0.01378,6817,93.93689,7257
2233,reynico,1,0.01378,6818,93.95067,7257
2234,Rezckant,1,0.01378,6819,93.96445,7257
2235,R-Hammer,1,0.01378,6820,93.97823,7257
2236,rhatto,1,0.01378,6821,93.99201,7257
2237,rhigdon,1,0.01378,6822,94.00579,7257
2238,RickyLiu-cn,1,0.01378,6823,94.01957,7257
2239,rikonor,1,0.01378,6824,94.03335,7257
2240,rintaun,1,0.01378,6825,94.04713,7257
2241,rishabhsinghvi,1,0.01378,6826,94.06091,7257
2242,rishavjayswal,1,0.01378,6827,94.07469,7257
2243,rishindra-singh,1,0.01378,6828,94.08847,7257
2244,riyadshairi979,1,0.01378,6829,94.10225,7257
2245,riZZZhik,1,0.01378,6830,94.11603,7257
2246,rkklai,1,0.01378,6831,94.12981,7257
2247,rmunn,1,0.01378,6832,94.14359,7257
2248,rmzf9192,1,0.01378,6833,94.15737,7257
2249,rnhurt,1,0.01378,6834,94.17115,7257
2250,rnm212,1,0.01378,6835,94.18492,7257
2251,RNogales94,1,0.01378,6836,94.19870,7257
2252,rnpaiva,1,0.01378,6837,94.21248,7257
2253,RobDolinORCL,1,0.01378,6838,94.22626,7257
2254,robert-gdv,1,0.01378,6839,94.24004,7257
2255,robertorosas,1,0.01378,6840,94.25382,7257
2256,robinelvin,1,0.01378,6841,94.26760,7257
2257,roccoblues,1,0.01378,6842,94.28138,7257
2258,rodneywells01,1,0.01378,6843,94.29516,7257
2259,RoFz,1,0.01378,6844,94.30894,7257
2260,rohank2002,1,0.01378,6845,94.32272,7257
2261,rohitkumar-ro,1,0.01378,6846,94.33650,7257
2262,rohitmual,1,0.01378,6847,94.35028,7257
2263,rollsrice,1,0.01378,6848,94.36406,7257
2264,roma28MFB,1,0.01378,6849,94.37784,7257
2265,rongshengfang,1,0.01378,6850,94.39162,7257
2266,RonNewcomb,1,0.01378,6851,94.40540,7257
2267,RonquilloAeon,1,0.01378,6852,94.41918,7257
2268,rookiegogo,1,0.01378,6853,94.43296,7257
2269,roopakrastogi,1,0.01378,6854,94.44674,7257
2270,rossato-rh,1,0.01378,6855,94.46052,7257
2271,RoyceShen1,1,0.01378,6856,94.47430,7257
2272,rpr-github,1,0.01378,6857,94.48808,7257
2273,rsmarathe,1,0.01378,6858,94.50186,7257
2274,rsoares1982,1,0.01378,6859,94.51564,7257
2275,rtzoeller,1,0.01378,6860,94.52942,7257
2276,ruifelixpereira,1,0.01378,6861,94.54320,7257
2277,rushikeshsuryawanshi,1,0.01378,6862,94.55698,7257
2278,ryanjclark,1,0.01378,6863,94.57076,7257
2279,ryanwittrup,1,0.01378,6864,94.58454,7257
2280,rykerli,1,0.01378,6865,94.59832,7257
2281,s4v4g3,1,0.01378,6866,94.61210,7257
2282,saarwasserman,1,0.01378,6867,94.62588,7257
2283,sabixx,1,0.01378,6868,94.63966,7257
2284,sachinparihar,1,0.01378,6869,94.65344,7257
2285,SacMV,1,0.01378,6870,94.66722,7257
2286,saidfarah,1,0.01378,6871,94.68100,7257
2287,saivarunk,1,0.01378,6872,94.69478,7257
2288,salierisantuzzu,1,0.01378,6873,94.70856,7257
2289,Salzian,1,0.01378,6874,94.72234,7257
2290,SamanthaWangdl,1,0.01378,6875,94.73612,7257
2291,samarthdd,1,0.01378,6876,94.74990,7257
2292,SamCNexor,1,0.01378,6877,94.76368,7257
2293,SamuelGarratt,1,0.01378,6878,94.77746,7257
2294,samuraitruong,1,0.01378,6879,94.79124,7257
2295,SAMZONG,1,0.01378,6880,94.80502,7257
2296,SandeepChava91,1,0.01378,6881,94.81880,7257
2297,SandhyaBV,1,0.01378,6882,94.83258,7257
2298,sant527,1,0.01378,6883,94.84636,7257
2299,santosh0787,1,0.01378,6884,94.86014,7257
2300,sarahsporck,1,0.01378,6885,94.87391,7257
2301,sargash,1,0.01378,6886,94.88769,7257
2302,sartor1,1,0.01378,6887,94.90147,7257
2303,sascha1337,1,0.01378,6888,94.91525,7257
2304,SatishNaidi,1,0.01378,6889,94.92903,7257
2305,satya12sahoo,1,0.01378,6890,94.94281,7257
2306,sazonau,1,0.01378,6891,94.95659,7257
2307,sbdtu5498,1,0.01378,6892,94.97037,7257
2308,sconsurveys12345,1,0.01378,6893,94.98415,7257
2309,scottbisker,1,0.01378,6894,94.99793,7257
2310,SD-SSEOS,1,0.01378,6895,95.01171,7257
2311,seb783191,1,0.01378,6896,95.02549,7257
2312,sebihiy,1,0.01378,6897,95.03927,7257
2313,secondsleep-blaine,1,0.01378,6898,95.05305,7257
2314,Serg046,1,0.01378,6899,95.06683,7257
2315,sergeybykov,1,0.01378,6900,95.08061,7257
2316,Sergey-Kizimov,1,0.01378,6901,95.09439,7257
2317,sergeykonkin,1,0.01378,6902,95.10817,7257
2318,SeWieland,1,0.01378,6903,95.12195,7257
2319,sfarestam,1,0.01378,6904,95.13573,7257
2320,sghung,1,0.01378,6905,95.14951,7257
2321,sh240293,1,0.01378,6906,95.16329,7257
2322,shabirabasse,1,0.01378,6907,95.17707,7257
2323,shadchin,1,0.01378,6908,95.19085,7257
2324,shalom-cyera,1,0.01378,6909,95.20463,7257
2325,shaoxuefeng,1,0.01378,6910,95.21841,7257
2326,shashankn91,1,0.01378,6911,95.23219,7257
2327,shaswa,1,0.01378,6912,95.24597,7257
2328,shawnhsiao5141,1,0.01378,6913,95.25975,7257
2329,shawnwinder,1,0.01378,6914,95.27353,7257
2330,ShawnXiao105,1,0.01378,6915,95.28731,7257
2331,ShayNehmad-RecoLabs,1,0.01378,6916,95.30109,7257
2332,shekohex,1,0.01378,6917,95.31487,7257
2333,sheldonfly,1,0.01378,6918,95.32865,7257
2334,ShellyWEI,1,0.01378,6919,95.34243,7257
2335,shen-cloud,1,0.01378,6920,95.35621,7257
2336,shenshaojun1993,1,0.01378,6921,95.36999,7257
2337,shikha-varun,1,0.01378,6922,95.38377,7257
2338,shink,1,0.01378,6923,95.39755,7257
2339,shinkle-procore,1,0.01378,6924,95.41133,7257
2340,ShirMonDT,1,0.01378,6925,95.42511,7257
2341,shivampathak,1,0.01378,6926,95.43889,7257
2342,shizhx,1,0.01378,6927,95.45267,7257
2343,Shoban05,1,0.01378,6928,95.46645,7257
2344,shopee-jin,1,0.01378,6929,95.48023,7257
2345,ShradhaKhard,1,0.01378,6930,95.49401,7257
2346,shreya22-1998,1,0.01378,6931,95.50779,7257
2347,ShubhamRasal,1,0.01378,6932,95.52157,7257
2348,shubhimainalli,1,0.01378,6933,95.53535,7257
2349,Shugotekfr,1,0.01378,6934,95.54912,7257
2350,shukawam,1,0.01378,6935,95.56290,7257
2351,shwetahgithub,1,0.01378,6936,95.57668,7257
2352,shyamsunderrai,1,0.01378,6937,95.59046,7257
2353,siddharthsharmahy,1,0.01378,6938,95.60424,7257
2354,Sid-Sun,1,0.01378,6939,95.61802,7257
2355,silentone,1,0.01378,6940,95.63180,7257
2356,simon-blum-cko,1,0.01378,6941,95.64558,7257
2357,SimonRupar,1,0.01378,6942,95.65936,7257
2358,Sineaggi,1,0.01378,6943,95.67314,7257
2359,singhkrshivam,1,0.01378,6944,95.68692,7257
2360,singlesparkgreatfire,1,0.01378,6945,95.70070,7257
2361,sirisaacnuketon,1,0.01378,6946,95.71448,7257
2362,sishanks,1,0.01378,6947,95.72826,7257
2363,sistemvene,1,0.01378,6948,95.74204,7257
2364,sk4zuzu,1,0.01378,6949,95.75582,7257
2365,skudrow-figure,1,0.01378,6950,95.76960,7257
2366,Skyler-wy,1,0.01378,6951,95.78338,7257
2367,Skywuuuu,1,0.01378,6952,95.79716,7257
2368,slagumen,1,0.01378,6953,95.81094,7257
2369,slavick,1,0.01378,6954,95.82472,7257
2370,Slowdive-Aideron,1,0.01378,6955,95.83850,7257
2371,smallinsky,1,0.01378,6956,95.85228,7257
2372,smanikkara,1,0.01378,6957,95.86606,7257
2373,smirnov-vs,1,0.01378,6958,95.87984,7257
2374,smithyj,1,0.01378,6959,95.89362,7257
2375,smyrick,1,0.01378,6960,95.90740,7257
2376,snow-315,1,0.01378,6961,95.92118,7257
2377,SonalNew,1,0.01378,6962,95.93496,7257
2378,soni-H,1,0.01378,6963,95.94874,7257
2379,sontek,1,0.01378,6964,95.96252,7257
2380,soul-craft,1,0.01378,6965,95.97630,7257
2381,sparam,1,0.01378,6966,95.99008,7257
2382,spines83,1,0.01378,6967,96.00386,7257
2383,SpyQuel,1,0.01378,6968,96.01764,7257
2384,sravanthnag,1,0.01378,6969,96.03142,7257
2385,sreejith-vk,1,0.01378,6970,96.04520,7257
2386,srinigundaputalech,1,0.01378,6971,96.05898,7257
2387,srinirama,1,0.01378,6972,96.07276,7257
2388,srinireddya,1,0.01378,6973,96.08654,7257
2389,srinucsedon,1,0.01378,6974,96.10032,7257
2390,sriramss,1,0.01378,6975,96.11410,7257
2391,ss2523,1,0.01378,6976,96.12788,7257
2392,ssi444,1,0.01378,6977,96.14166,7257
2393,ssuparna2010,1,0.01378,6978,96.15544,7257
2394,stayleen,1,0.01378,6979,96.16922,7257
2395,SteveJones,1,0.01378,6980,96.18300,7257
2396,StevieJayCee,1,0.01378,6981,96.19678,7257
2397,stianlagstad,1,0.01378,6982,96.21056,7257
2398,Striar-Yunis,1,0.01378,6983,96.22434,7257
2399,stuartcongdon,1,0.01378,6984,96.23811,7257
2400,suavelad,1,0.01378,6985,96.25189,7257
2401,subtlepseudonym,1,0.01378,6986,96.26567,7257
2402,Sudershan17,1,0.01378,6987,96.27945,7257
2403,sudhirwakchoure,1,0.01378,6988,96.29323,7257
2404,sudiptosarkar,1,0.01378,6989,96.30701,7257
2405,suesue2,1,0.01378,6990,96.32079,7257
2406,Sugar929,1,0.01378,6991,96.33457,7257
2407,sukantadash,1,0.01378,6992,96.34835,7257
2408,SUNKANGhui,1,0.01378,6993,96.36213,7257
2409,sunmmi,1,0.01378,6994,96.37591,7257
2410,SunPj,1,0.01378,6995,96.38969,7257
2411,SunQK0515,1,0.01378,6996,96.40347,7257
2412,Sunt-ing,1,0.01378,6997,96.41725,7257
2413,SuperCoolAlan,1,0.01378,6998,96.43103,7257
2414,SuperMatt,1,0.01378,6999,96.44481,7257
2415,supernacho,1,0.01378,7000,96.45859,7257
2416,suzuki-takanori,1,0.01378,7001,96.47237,7257
2417,svalleru,1,0.01378,7002,96.48615,7257
2418,svg153,1,0.01378,7003,96.49993,7257
2419,SWYZZWH,1,0.01378,7004,96.51371,7257
2420,SXDDFMYFJ,1,0.01378,7005,96.52749,7257
2421,sxt90128,1,0.01378,7006,96.54127,7257
2422,sybernatus,1,0.01378,7007,96.55505,7257
2423,syed-mohsin,1,0.01378,7008,96.56883,7257
2424,szczeles,1,0.01378,7009,96.58261,7257
2425,t0mcat1337,1,0.01378,7010,96.59639,7257
2426,tabboud,1,0.01378,7011,96.61017,7257
2427,taekahn,1,0.01378,7012,96.62395,7257
2428,tangermi,1,0.01378,7013,96.63773,7257
2429,tanjin917,1,0.01378,7014,96.65151,7257
2430,tanmaypandey7,1,0.01378,7015,96.66529,7257
2431,tarlano,1,0.01378,7016,96.67907,7257
2432,taufiqpsumarna,1,0.01378,7017,96.69285,7257
2433,tbourrelovh,1,0.01378,7018,96.70663,7257
2434,tchernomax,1,0.01378,7019,96.72041,7257
2435,tdg5,1,0.01378,7020,96.73419,7257
2436,tdgeery,1,0.01378,7021,96.74797,7257
2437,techieforfun,1,0.01378,7022,96.76175,7257
2438,teenarodriques,1,0.01378,7023,96.77553,7257
2439,teimyBr,1,0.01378,7024,96.78931,7257
2440,temikelani,1,0.01378,7025,96.80309,7257
2441,tenhishadow,1,0.01378,7026,96.81687,7257
2442,testwill,1,0.01378,7027,96.83065,7257
2443,thanhhh,1,0.01378,7028,96.84443,7257
2444,Thaval,1,0.01378,7029,96.85821,7257
2445,thedocks,1,0.01378,7030,96.87199,7257
2446,theikalman,1,0.01378,7031,96.88577,7257
2447,thejan2009,1,0.01378,7032,96.89955,7257
2448,TheOnlyMarkus,1,0.01378,7033,96.91333,7257
2449,theophile-scrive,1,0.01378,7034,96.92710,7257
2450,Thiago2436,1,0.01378,7035,96.94088,7257
2451,thinhbing,1,0.01378,7036,96.95466,7257
2452,thomas315,1,0.01378,7037,96.96844,7257
2453,til-schneider,1,0.01378,7038,96.98222,7257
2454,timofey-drozhzhin,1,0.01378,7039,96.99600,7257
2455,TimothySutton81,1,0.01378,7040,97.00978,7257
2456,timvandruenen,1,0.01378,7041,97.02356,7257
2457,tks98,1,0.01378,7042,97.03734,7257
2458,tlandschoff-scale,1,0.01378,7043,97.05112,7257
2459,tlk-kayrros,1,0.01378,7044,97.06490,7257
2460,tnk-dev,1,0.01378,7045,97.07868,7257
2461,tnyeanderson,1,0.01378,7046,97.09246,7257
2462,toastal,1,0.01378,7047,97.10624,7257
2463,tobiasbbb,1,0.01378,7048,97.12002,7257
2464,TobiasGrether,1,0.01378,7049,97.13380,7257
2465,TomAdmz,1,0.01378,7050,97.14758,7257
2466,TomasTokaMrazek,1,0.01378,7051,97.16136,7257
2467,tomer-shefler,1,0.01378,7052,97.17514,7257
2468,tommyasai,1,0.01378,7053,97.18892,7257
2469,tomphilbin,1,0.01378,7054,97.20270,7257
2470,tonycody,1,0.01378,7055,97.21648,7257
2471,ToriBrillaud,1,0.01378,7056,97.23026,7257
2472,touseefmurtaza,1,0.01378,7057,97.24404,7257
2473,tpfister-form3,1,0.01378,7058,97.25782,7257
2474,trollkarlen,1,0.01378,7059,97.27160,7257
2475,tronda,1,0.01378,7060,97.28538,7257
2476,ts-ingka,1,0.01378,7061,97.29916,7257
2477,tskorupka,1,0.01378,7062,97.31294,7257
2478,tsukiy0,1,0.01378,7063,97.32672,7257
2479,tulih,1,0.01378,7064,97.34050,7257
2480,Tux,1,0.01378,7065,97.35428,7257
2481,twiga2013,1,0.01378,7066,97.36806,7257
2482,TXP-AlbertPucciani,1,0.01378,7067,97.38184,7257
2483,TylerHaigh,1,0.01378,7068,97.39562,7257
2484,tznamena,1,0.01378,7069,97.40940,7257
2485,Uanid,1,0.01378,7070,97.42318,7257
2486,udayalwala,1,0.01378,7071,97.43696,7257
2487,ulisse31,1,0.01378,7072,97.45074,7257
2488,unknownzone96,1,0.01378,7073,97.46452,7257
2489,unoexperto,1,0.01378,7074,97.47830,7257
2490,Vaayne,1,0.01378,7075,97.49208,7257
2491,val06,1,0.01378,7076,97.50586,7257
2492,Vanguard666,1,0.01378,7077,97.51964,7257
2493,vanlueckn,1,0.01378,7078,97.53342,7257
2494,Varagos,1,0.01378,7079,97.54720,7257
2495,vasubabu,1,0.01378,7080,97.56098,7257
2496,vbortnikov,1,0.01378,7081,97.57476,7257
2497,vdsharma,1,0.01378,7082,97.58854,7257
2498,vegassor,1,0.01378,7083,97.60232,7257
2499,venkatasari,1,0.01378,7084,97.61609,7257
2500,verdysh,1,0.01378,7085,97.62987,7257
2501,verenion,1,0.01378,7086,97.64365,7257
2502,vgrigoruk,1,0.01378,7087,97.65743,7257
2503,vijaypr1,1,0.01378,7088,97.67121,7257
2504,vikasmalhotra08,1,0.01378,7089,97.68499,7257
2505,ViktorOn,1,0.01378,7090,97.69877,7257
2506,vinal26,1,0.01378,7091,97.71255,7257
2507,viperx77,1,0.01378,7092,97.72633,7257
2508,viploveb,1,0.01378,7093,97.74011,7257
2509,vipuljain24,1,0.01378,7094,97.75389,7257
2510,vishalanarase,1,0.01378,7095,97.76767,7257
2511,viswatejan,1,0.01378,7096,97.78145,7257
2512,vivekr-splunk,1,0.01378,7097,97.79523,7257
2513,VJickriya,1,0.01378,7098,97.80901,7257
2514,vladgorbachev,1,0.01378,7099,97.82279,7257
2515,vndark,1,0.01378,7100,97.83657,7257
2516,volkert-fastned,1,0.01378,7101,97.85035,7257
2517,vr,1,0.01378,7102,97.86413,7257
2518,vrodriguezcl,1,0.01378,7103,97.87791,7257
2519,vschettino-asimov,1,0.01378,7104,97.89169,7257
2520,vskubriev,1,0.01378,7105,97.90547,7257
2521,vthakuri,1,0.01378,7106,97.91925,7257
2522,w4-jaesup,1,0.01378,7107,97.93303,7257
2523,wabouhamad,1,0.01378,7108,97.94681,7257
2524,wagnersantana,1,0.01378,7109,97.96059,7257
2525,WangChao0326,1,0.01378,7110,97.97437,7257
2526,wanggithub08,1,0.01378,7111,97.98815,7257
2527,wangjun1974,1,0.01378,7112,98.00193,7257
2528,WangQing-WUT,1,0.01378,7113,98.01571,7257
2529,wanieldilson,1,0.01378,7114,98.02949,7257
2530,wanyuetian,1,0.01378,7115,98.04327,7257
2531,Warfront1,1,0.01378,7116,98.05705,7257
2532,wasadigi,1,0.01378,7117,98.07083,7257
2533,waylonm,1,0.01378,7118,98.08461,7257
2534,Wazbat,1,0.01378,7119,98.09839,7257
2535,wdxxl,1,0.01378,7120,98.11217,7257
2536,willallves,1,0.01378,7121,98.12595,7257
2537,williamhargrove,1,0.01378,7122,98.13973,7257
2538,windmeup,1,0.01378,7123,98.15351,7257
2539,W-IT-is,1,0.01378,7124,98.16729,7257
2540,wmhopkins,1,0.01378,7125,98.18107,7257
2541,wodlxosxos,1,0.01378,7126,98.19485,7257
2542,WojtekTomaszewski,1,0.01378,7127,98.20863,7257
2543,wolegeyun,1,0.01378,7128,98.22241,7257
2544,wolfman42,1,0.01378,7129,98.23619,7257
2545,wondywang,1,0.01378,7130,98.24997,7257
2546,wright-1,1,0.01378,7131,98.26375,7257
2547,wskibum,1,0.01378,7132,98.27753,7257
2548,wtait1-ff,1,0.01378,7133,98.29130,7257
2549,wwillfred,1,0.01378,7134,98.30508,7257
2550,wwwpf,1,0.01378,7135,98.31886,7257
2551,wyhysj,1,0.01378,7136,98.33264,7257
2552,XBYAbner,1,0.01378,7137,98.34642,7257
2553,Xernosch,1,0.01378,7138,98.36020,7257
2554,xesco,1,0.01378,7139,98.37398,7257
2555,xi2424-npanjwani,1,0.01378,7140,98.38776,7257
2556,XiaoDouGeGe,1,0.01378,7141,98.40154,7257
2557,xiaomudk,1,0.01378,7142,98.41532,7257
2558,xiong199307,1,0.01378,7143,98.42910,7257
2559,xiongzubiao,1,0.01378,7144,98.44288,7257
2560,xka5h,1,0.01378,7145,98.45666,7257
2561,xla145,1,0.01378,7146,98.47044,7257
2562,xlw712,1,0.01378,7147,98.48422,7257
2563,xmarcoied,1,0.01378,7148,98.49800,7257
2564,xrisaD,1,0.01378,7149,98.51178,7257
2565,xturtle,1,0.01378,7150,98.52556,7257
2566,xuchaoi,1,0.01378,7151,98.53934,7257
2567,xuqiaobo,1,0.01378,7152,98.55312,7257
2568,xxated,1,0.01378,7153,98.56690,7257
2569,xxl4tomxu98,1,0.01378,7154,98.58068,7257
2570,xxnickles,1,0.01378,7155,98.59446,7257
2571,yairsimantov20,1,0.01378,7156,98.60824,7257
2572,YarivHastilow,1,0.01378,7157,98.62202,7257
2573,yaronel,1,0.01378,7158,98.63580,7257
2574,yashar-ansary,1,0.01378,7159,98.64958,7257
2575,yayatib,1,0.01378,7160,98.66336,7257
2576,ycyr,1,0.01378,7161,98.67714,7257
2577,yedf2,1,0.01378,7162,98.69092,7257
2578,ygm521,1,0.01378,7163,98.70470,7257
2579,yifan-gu-anchorage,1,0.01378,7164,98.71848,7257
2580,yileng146,1,0.01378,7165,98.73226,7257
2581,yinyicao,1,0.01378,7166,98.74604,7257
2582,Y-k-Y,1,0.01378,7167,98.75982,7257
2583,yll92587,1,0.01378,7168,98.77360,7257
2584,yogesh-chaudhari-77,1,0.01378,7169,98.78738,7257
2585,yoni-veksler-px,1,0.01378,7170,98.80116,7257
2586,yorsh-cordova,1,0.01378,7171,98.81494,7257
2587,Yorwba,1,0.01378,7172,98.82872,7257
2588,youg9203,1,0.01378,7173,98.84250,7257
2589,yousifd,1,0.01378,7174,98.85628,7257
2590,youyj-tech,1,0.01378,7175,98.87006,7257
2591,ysyneu,1,0.01378,7176,98.88384,7257
2592,yuvDev-hub,1,0.01378,7177,98.89762,7257
2593,yxd-ym,1,0.01378,7178,98.91140,7257
2594,yyhpys,1,0.01378,7179,98.92518,7257
2595,yywandb,1,0.01378,7180,98.93896,7257
2596,zaks,1,0.01378,7181,98.95274,7257
2597,Zeg0,1,0.01378,7182,98.96652,7257
2598,zengmin-wish,1,0.01378,7183,98.98029,7257
2599,zeroschism,1,0.01378,7184,98.99407,7257
2600,zessx,1,0.01378,7185,99.00785,7257
2601,zeusal,1,0.01378,7186,99.02163,7257
2602,zeusng-fast,1,0.01378,7187,99.03541,7257
2603,zhaixigui,1,0.01378,7188,99.04919,7257
2604,zhajun1990,1,0.01378,7189,99.06297,7257
2605,zhangylc,1,0.01378,7190,99.07675,7257
2606,zhangylc2020,1,0.01378,7191,99.09053,7257
2607,ZhengzheYang,1,0.01378,7192,99.10431,7257
2608,zhl49,1,0.01378,7193,99.11809,7257
2609,zhonghuali,1,0.01378,7194,99.13187,7257
2610,zina-mev,1,0.01378,7195,99.14565,7257
2611,zivaninstana,1,0.01378,7196,99.15943,7257
2612,ziyulin0,1,0.01378,7197,99.17321,7257
2613,zlwzlwzlw,1,0.01378,7198,99.18699,7257
2614,zmack,1,0.01378,7199,99.20077,7257
2615,zondacker,1,0.01378,7200,99.21455,7257
2616,zouhirhanafi,1,0.01378,7201,99.22833,7257
2617,zrav,1,0.01378,7202,99.24211,7257
2618,zydemail,1,0.01378,7203,99.25589,7257
