rank_number,actor,contributions,percent,cumulative_sum,cumulative_percent,all_contributions
1,salman-accuknox,435,0.55447,435,0.55447,78453
2,johanfylling,399,0.50858,834,1.06306,78453
3,196Ikuchil,370,0.47162,1204,1.53468,78453
4,haojinming,354,0.45123,1558,1.98590,78453
5,frzifus,334,0.42573,1892,2.41163,78453
6,0xFelix,313,0.39896,2205,2.81060,78453
7,everettraven,280,0.35690,2485,3.16750,78453
8,brianmcarey,269,0.34288,2754,3.51038,78453
9,DNVindhya,235,0.29954,2989,3.80992,78453
10,ycyaoxdu,234,0.29827,3223,4.10819,78453
11,hjiajing,205,0.26130,3428,4.36950,78453
12,twilight0620,194,0.24728,3622,4.61678,78453
13,haowqs,181,0.23071,3803,4.84749,78453
14,vehre-x41,148,0.18865,3951,5.03614,78453
15,Sol-0,133,0.16953,4084,5.20566,78453
16,yuntanghsu,133,0.16953,4217,5.37519,78453
17,ls-2018,129,0.16443,4346,5.53962,78453
18,yangchiu,129,0.16443,4475,5.70405,78453
19,JuniorHsu,128,0.16316,4603,5.86721,78453
20,sistella,127,0.16188,4730,6.02909,78453
21,wuyingjun-lucky,127,0.16188,4857,6.19097,78453
22,zhangxyjlu,123,0.15678,4980,6.34775,78453
23,jorgearteiro,118,0.15041,5098,6.49816,78453
24,olgasobolevsky,111,0.14149,5209,6.63964,78453
25,ystaticy,107,0.13639,5316,6.77603,78453
26,MinerYang,105,0.13384,5421,6.90987,78453
27,sipriyaa,105,0.13384,5526,7.04371,78453
28,grokspawn,101,0.12874,5627,7.17245,78453
29,ShwethaSNayak,97,0.12364,5724,7.29609,78453
30,tomjzzhang,97,0.12364,5821,7.41973,78453
31,dylandreimerink,94,0.11982,5915,7.53955,78453
32,botengyao,91,0.11599,6006,7.65554,78453
33,Burning1020,91,0.11599,6097,7.77153,78453
34,yitzchake,91,0.11599,6188,7.88753,78453
35,ofirshmuel,90,0.11472,6278,8.00224,78453
36,Monokaix,89,0.11344,6367,8.11569,78453
37,lucasjesuss,88,0.11217,6455,8.22786,78453
38,nofar9792,88,0.11217,6543,8.34003,78453
39,Abhijay007,86,0.10962,6629,8.44965,78453
40,Shengkai2000,86,0.10962,6715,8.55926,78453
41,Yuna-Tomi,82,0.10452,6797,8.66379,78453
42,ktmitton,81,0.10325,6878,8.76703,78453
43,smanjunath3,79,0.10070,6957,8.86773,78453
44,Jacob953,76,0.09687,7033,8.96460,78453
45,acumino,74,0.09432,7107,9.05893,78453
46,AObuchow,74,0.09432,7181,9.15325,78453
47,cortespao,72,0.09177,7253,9.24503,78453
48,yankay,71,0.09050,7324,9.33553,78453
49,DanielTemesgen,70,0.08923,7394,9.42475,78453
50,duanmengkk,68,0.08668,7462,9.51143,78453
51,Sea-n,68,0.08668,7530,9.59810,78453
52,jainpulkit22,67,0.08540,7597,9.68350,78453
53,NigelWu95,67,0.08540,7664,9.76891,78453
54,sivchari,67,0.08540,7731,9.85431,78453
55,Felixnoo,66,0.08413,7797,9.93843,78453
56,hirosassa,64,0.08158,7861,10.02001,78453
57,markrzasa,64,0.08158,7925,10.10159,78453
58,sgettys,64,0.08158,7989,10.18317,78453
59,click2cloud-lamda,63,0.08030,8052,10.26347,78453
60,mangoGoForward,62,0.07903,8114,10.34250,78453
61,oprinmarius,62,0.07903,8176,10.42153,78453
62,sebastianriese,62,0.07903,8238,10.50055,78453
63,yingchunliu-zte,62,0.07903,8300,10.57958,78453
64,annasong20,61,0.07775,8361,10.65734,78453
65,logandavies181,61,0.07775,8422,10.73509,78453
66,alegrey91,60,0.07648,8482,10.81157,78453
67,DaveVentura,60,0.07648,8542,10.88805,78453
68,dunnderr,60,0.07648,8602,10.96453,78453
69,corvus1203,59,0.07520,8661,11.03973,78453
70,jiangshantao-dbg,59,0.07520,8720,11.11494,78453
71,mihirpandya-greenops,59,0.07520,8779,11.19014,78453
72,hanweisen,58,0.07393,8837,11.26407,78453
73,nat-henderson,58,0.07393,8895,11.33800,78453
74,jkamon,55,0.07011,8950,11.40810,78453
75,alromeros,54,0.06883,9004,11.47694,78453
76,anicke,54,0.06883,9058,11.54577,78453
77,34fathombelow,53,0.06756,9111,11.61332,78453
78,prnaraya,51,0.06501,9162,11.67833,78453
79,vuuihc,51,0.06501,9213,11.74334,78453
80,Ashley-wenyizha,50,0.06373,9263,11.80707,78453
81,hughsimpson,50,0.06373,9313,11.87080,78453
82,vupv,50,0.06373,9363,11.93453,78453
83,orishuss,49,0.06246,9412,11.99699,78453
84,torredil,49,0.06246,9461,12.05945,78453
85,showjason,48,0.06118,9509,12.12063,78453
86,Thiyagu55,48,0.06118,9557,12.18182,78453
87,tomerv,48,0.06118,9605,12.24300,78453
88,Kavinjsir,47,0.05991,9652,12.30291,78453
89,nameYULI,47,0.05991,9699,12.36282,78453
90,sunshengjing,47,0.05991,9746,12.42272,78453
91,tarruda,47,0.05991,9793,12.48263,78453
92,eyskim,46,0.05863,9839,12.54127,78453
93,karnatisrinivas,46,0.05863,9885,12.59990,78453
94,msaini0r,46,0.05863,9931,12.65853,78453
95,yuktea,46,0.05863,9977,12.71717,78453
96,Ashwin901,45,0.05736,10022,12.77453,78453
97,Imtiaz1234,45,0.05736,10067,12.83189,78453
98,jmclong,45,0.05736,10112,12.88925,78453
99,xzyangNB,45,0.05736,10157,12.94660,78453
100,AndreSPy1,44,0.05608,10201,13.00269,78453
101,manikanth04,44,0.05608,10245,13.05877,78453
102,nathancoleman,44,0.05608,10289,13.11486,78453
103,oceanc80,44,0.05608,10333,13.17094,78453
104,ckannon,43,0.05481,10376,13.22575,78453
105,heyLu,43,0.05481,10419,13.28056,78453
106,IoannisMatzaris,43,0.05481,10462,13.33537,78453
107,neiba,43,0.05481,10505,13.39018,78453
108,oeular,43,0.05481,10548,13.44499,78453
109,jvoravong,42,0.05354,10590,13.49853,78453
110,daomin885,41,0.05226,10631,13.55079,78453
111,moadz,41,0.05226,10672,13.60305,78453
112,SpadeA-Tang,41,0.05226,10713,13.65531,78453
113,testn,41,0.05226,10754,13.70757,78453
114,abhinavjha126,40,0.05099,10794,13.75856,78453
115,billmeyer,40,0.05099,10834,13.80954,78453
116,cartersocha,40,0.05099,10874,13.86053,78453
117,ChrisERo,40,0.05099,10914,13.91151,78453
118,FOWind,40,0.05099,10954,13.96250,78453
119,katran001,40,0.05099,10994,14.01349,78453
120,kidddddddddddddddddddddd,40,0.05099,11034,14.06447,78453
121,MicroOps-cn,40,0.05099,11074,14.11546,78453
122,nbaksalyar,40,0.05099,11114,14.16644,78453
123,ralphgj,40,0.05099,11154,14.21743,78453
124,aidaizyy,39,0.04971,11193,14.26714,78453
125,akashsinghal,39,0.04971,11232,14.31685,78453
126,chrisrichardsevergreen,39,0.04971,11271,14.36656,78453
127,MdSahil-oss,39,0.04971,11310,14.41627,78453
128,saikrishna397,39,0.04971,11349,14.46599,78453
129,shintard,39,0.04971,11388,14.51570,78453
130,thomasferrandiz,39,0.04971,11427,14.56541,78453
131,ThorManager,39,0.04971,11466,14.61512,78453
132,thielepaul,38,0.04844,11504,14.66356,78453
133,lachmatt,37,0.04716,11541,14.71072,78453
134,meryem-ldn,37,0.04716,11578,14.75788,78453
135,mxu9,36,0.04589,11614,14.80377,78453
136,schakrad,36,0.04589,11650,14.84966,78453
137,Shivansh-yadav13,36,0.04589,11686,14.89554,78453
138,zach593,36,0.04589,11722,14.94143,78453
139,abs007,35,0.04461,11757,14.98604,78453
140,alex60217101990,35,0.04461,11792,15.03066,78453
141,brunoguidone,35,0.04461,11827,15.07527,78453
142,huntsman90,35,0.04461,11862,15.11988,78453
143,hxcGit,34,0.04334,11896,15.16322,78453
144,pigletDips,34,0.04334,11930,15.20656,78453
145,Prakhar-Agarwal-byte,34,0.04334,11964,15.24989,78453
146,rjduffner,34,0.04334,11998,15.29323,78453
147,sleepypioneer,34,0.04334,12032,15.33657,78453
148,suyashtava,34,0.04334,12066,15.37991,78453
149,usamaB,34,0.04334,12100,15.42325,78453
150,kranurag7,33,0.04206,12133,15.46531,78453
151,ryn9,33,0.04206,12166,15.50737,78453
152,aniruddha2000,32,0.04079,12198,15.54816,78453
153,bobz965,32,0.04079,12230,15.58895,78453
154,drnushooz,32,0.04079,12262,15.62974,78453
155,DW2022511,32,0.04079,12294,15.67053,78453
156,joshsyu,32,0.04079,12326,15.71132,78453
157,KojoRising,32,0.04079,12358,15.75211,78453
158,michalrom089,32,0.04079,12390,15.79290,78453
159,scdubey,32,0.04079,12422,15.83368,78453
160,sunnywa,32,0.04079,12454,15.87447,78453
161,acm19,31,0.03951,12485,15.91399,78453
162,carolinestere,31,0.03951,12516,15.95350,78453
163,carusooo,31,0.03951,12547,15.99301,78453
164,EdwinWalela,31,0.03951,12578,16.03253,78453
165,LingClassmate,31,0.03951,12609,16.07204,78453
166,prnam,31,0.03951,12640,16.11156,78453
167,xuegege5290,31,0.03951,12671,16.15107,78453
168,hccheng72,30,0.03824,12701,16.18931,78453
169,JohnTitor,30,0.03824,12731,16.22755,78453
170,rsajwani,30,0.03824,12761,16.26579,78453
171,windsonsea,30,0.03824,12791,16.30403,78453
172,hangedfish,29,0.03696,12820,16.34099,78453
173,hcelaloner,29,0.03696,12849,16.37796,78453
174,leonharetd,29,0.03696,12878,16.41492,78453
175,LukasJerabek,29,0.03696,12907,16.45189,78453
176,Nizifan,29,0.03696,12936,16.48885,78453
177,wimvdc,29,0.03696,12965,16.52582,78453
178,14Richa,28,0.03569,12993,16.56151,78453
179,apiening,28,0.03569,13021,16.59720,78453
180,brendavsantos,28,0.03569,13049,16.63289,78453
181,chenjazz,28,0.03569,13077,16.66858,78453
182,dchambers,28,0.03569,13105,16.70427,78453
183,dntbeSris,28,0.03569,13133,16.73996,78453
184,eugeneivanov101,28,0.03569,13161,16.77565,78453
185,friedrichg,28,0.03569,13189,16.81134,78453
186,gandhipr,28,0.03569,13217,16.84703,78453
187,gregth,28,0.03569,13245,16.88272,78453
188,Hungrylion2019,28,0.03569,13273,16.91841,78453
189,JiahaoWei-RH,28,0.03569,13301,16.95410,78453
190,kart,28,0.03569,13329,16.98979,78453
191,qwtsc,28,0.03569,13357,17.02548,78453
192,raphaelreyna,28,0.03569,13385,17.06117,78453
193,renepanzar,28,0.03569,13413,17.09686,78453
194,samhodge-aiml,28,0.03569,13441,17.13255,78453
195,scrabsha,28,0.03569,13469,17.16824,78453
196,shixiuguo,28,0.03569,13497,17.20393,78453
197,silverlyra,28,0.03569,13525,17.23962,78453
198,vakul-gupta-flp,28,0.03569,13553,17.27531,78453
199,alex-hunt-materialize,27,0.03442,13580,17.30973,78453
200,au2001,27,0.03442,13607,17.34414,78453
201,Jiang1155,27,0.03442,13634,17.37856,78453
202,StefanoDuo,27,0.03442,13661,17.41297,78453
203,tredondo,27,0.03442,13688,17.44739,78453
204,Vincent056,27,0.03442,13715,17.48180,78453
205,wang-xiaowu,27,0.03442,13742,17.51622,78453
206,apple-ouyang,26,0.03314,13768,17.54936,78453
207,arunkarthicknm,26,0.03314,13794,17.58250,78453
208,claudiahub,26,0.03314,13820,17.61564,78453
209,jainammm,26,0.03314,13846,17.64878,78453
210,lgj101,26,0.03314,13872,17.68192,78453
211,log1cb0mb,26,0.03314,13898,17.71507,78453
212,maucaro,26,0.03314,13924,17.74821,78453
213,peizhouyu,26,0.03314,13950,17.78135,78453
214,RishiKumarRay,26,0.03314,13976,17.81449,78453
215,wujayway,26,0.03314,14002,17.84763,78453
216,xuanyu66,26,0.03314,14028,17.88077,78453
217,zyy19981018,26,0.03314,14054,17.91391,78453
218,0904-mansi,25,0.03187,14079,17.94578,78453
219,a6dulaleem,25,0.03187,14104,17.97764,78453
220,adilGhaffarDev,25,0.03187,14129,18.00951,78453
221,chungjin,25,0.03187,14154,18.04138,78453
222,crobertson-conga,25,0.03187,14179,18.07324,78453
223,cuishuang,25,0.03187,14204,18.10511,78453
224,DieBauer,25,0.03187,14229,18.13697,78453
225,felipeschulz,25,0.03187,14254,18.16884,78453
226,gusye1234,25,0.03187,14279,18.20071,78453
227,Jinglun-Shang,25,0.03187,14304,18.23257,78453
228,JSCZhongJian,25,0.03187,14329,18.26444,78453
229,mgold1234,25,0.03187,14354,18.29630,78453
230,mikebollandajw,25,0.03187,14379,18.32817,78453
231,splunkericl,25,0.03187,14404,18.36004,78453
232,XiaoYiXiaoYang,25,0.03187,14429,18.39190,78453
233,abocim,24,0.03059,14453,18.42249,78453
234,jonahaapala,24,0.03059,14477,18.45309,78453
235,jyller,24,0.03059,14501,18.48368,78453
236,leons727,24,0.03059,14525,18.51427,78453
237,Llishiwei,24,0.03059,14549,18.54486,78453
238,mahmut-Abi,24,0.03059,14573,18.57545,78453
239,mlosicki,24,0.03059,14597,18.60604,78453
240,MrMYHuang,24,0.03059,14621,18.63664,78453
241,Nikhil2001,24,0.03059,14645,18.66723,78453
242,philipaconrad,24,0.03059,14669,18.69782,78453
243,Pranjal-Gupta2,24,0.03059,14693,18.72841,78453
244,sahilsuman933,24,0.03059,14717,18.75900,78453
245,Swapnil-Bhabal,24,0.03059,14741,18.78959,78453
246,toby-jn,24,0.03059,14765,18.82019,78453
247,uptutu,24,0.03059,14789,18.85078,78453
248,Utkarsh-0211,24,0.03059,14813,18.88137,78453
249,afzalbin64,23,0.02932,14836,18.91069,78453
250,alexdittmann,23,0.02932,14859,18.94000,78453
251,bamboo12366,23,0.02932,14882,18.96932,78453
252,dominick-blue,23,0.02932,14905,18.99864,78453
253,eightzero,23,0.02932,14928,19.02795,78453
254,FischerLGLN,23,0.02932,14951,19.05727,78453
255,jwilm,23,0.02932,14974,19.08659,78453
256,liushi001,23,0.02932,14997,19.11590,78453
257,mircyb,23,0.02932,15020,19.14522,78453
258,ortex,23,0.02932,15043,19.17454,78453
259,wlp1153468871,23,0.02932,15066,19.20385,78453
260,brovoca,22,0.02804,15088,19.23190,78453
261,caden2016,22,0.02804,15110,19.25994,78453
262,ekbduffy,22,0.02804,15132,19.28798,78453
263,EvgenyAGRO,22,0.02804,15154,19.31602,78453
264,jonathan-s,22,0.02804,15176,19.34407,78453
265,killagu,22,0.02804,15198,19.37211,78453
266,lalit774,22,0.02804,15220,19.40015,78453
267,mendi160,22,0.02804,15242,19.42819,78453
268,meng-yu-github,22,0.02804,15264,19.45623,78453
269,pekeq,22,0.02804,15286,19.48428,78453
270,prakharporwal,22,0.02804,15308,19.51232,78453
271,rongGreate,22,0.02804,15330,19.54036,78453
272,Tornhoof,22,0.02804,15352,19.56840,78453
273,tremordockerbuild,22,0.02804,15374,19.59645,78453
274,zivAnyvision,22,0.02804,15396,19.62449,78453
275,anilnokia,21,0.02677,15417,19.65126,78453
276,Biki-das,21,0.02677,15438,19.67802,78453
277,damalhot,21,0.02677,15459,19.70479,78453
278,elinx,21,0.02677,15480,19.73156,78453
279,Ericra95,21,0.02677,15501,19.75833,78453
280,FlorentATo,21,0.02677,15522,19.78509,78453
281,franciscovalentecastro,21,0.02677,15543,19.81186,78453
282,ibnjunaid,21,0.02677,15564,19.83863,78453
283,jankalinic,21,0.02677,15585,19.86540,78453
284,jessberg,21,0.02677,15606,19.89216,78453
285,MercyMM,21,0.02677,15627,19.91893,78453
286,nslaughter,21,0.02677,15648,19.94570,78453
287,nvadluri,21,0.02677,15669,19.97247,78453
288,radoslaw-wielonski-nc,21,0.02677,15690,19.99924,78453
289,SallyBlichWalkMe,21,0.02677,15711,20.02600,78453
290,sloorush,21,0.02677,15732,20.05277,78453
291,tyuchn,21,0.02677,15753,20.07954,78453
292,wdrdres3qew5ts21,21,0.02677,15774,20.10631,78453
293,whitebear009,21,0.02677,15795,20.13307,78453
294,wrongerror,21,0.02677,15816,20.15984,78453
295,xiaoyang-sde,21,0.02677,15837,20.18661,78453
296,767829413,20,0.02549,15857,20.21210,78453
297,andresmo001,20,0.02549,15877,20.23759,78453
298,Ankita13-code,20,0.02549,15897,20.26309,78453
299,chitoku-k,20,0.02549,15917,20.28858,78453
300,coder-abdo,20,0.02549,15937,20.31407,78453
301,Crowyah,20,0.02549,15957,20.33957,78453
302,deepakmega,20,0.02549,15977,20.36506,78453
303,gfonseca-tc,20,0.02549,15997,20.39055,78453
304,hzyfox,20,0.02549,16017,20.41605,78453
305,InderpreetSaini,20,0.02549,16037,20.44154,78453
306,jasonbraganza,20,0.02549,16057,20.46703,78453
307,liuzqt,20,0.02549,16077,20.49252,78453
308,mossroy,20,0.02549,16097,20.51802,78453
309,offSwitch,20,0.02549,16117,20.54351,78453
310,pchila,20,0.02549,16137,20.56900,78453
311,rashedkvm,20,0.02549,16157,20.59450,78453
312,raytung,20,0.02549,16177,20.61999,78453
313,rburns1293,20,0.02549,16197,20.64548,78453
314,robinAwallace,20,0.02549,16217,20.67097,78453
315,same7ammar,20,0.02549,16237,20.69647,78453
316,sarazqy,20,0.02549,16257,20.72196,78453
317,sunzhaochang,20,0.02549,16277,20.74745,78453
318,SZT0728,20,0.02549,16297,20.77295,78453
319,thinkbeforecoding,20,0.02549,16317,20.79844,78453
320,tjiuming,20,0.02549,16337,20.82393,78453
321,tpapagian,20,0.02549,16357,20.84943,78453
322,vinsia,20,0.02549,16377,20.87492,78453
323,zhuchenwang,20,0.02549,16397,20.90041,78453
324,zq200618,20,0.02549,16417,20.92590,78453
325,15669072513,19,0.02422,16436,20.95012,78453
326,donpenney,19,0.02422,16455,20.97434,78453
327,fusida,19,0.02422,16474,20.99856,78453
328,GuyPozner,19,0.02422,16493,21.02278,78453
329,joeycumines,19,0.02422,16512,21.04700,78453
330,liuchaowhu,19,0.02422,16531,21.07121,78453
331,michaelgoodrx,19,0.02422,16550,21.09543,78453
332,nigelwright-roam,19,0.02422,16569,21.11965,78453
333,Nik-09,19,0.02422,16588,21.14387,78453
334,ocraviotto,19,0.02422,16607,21.16809,78453
335,paulcacheux,19,0.02422,16626,21.19231,78453
336,RobinDeBock,19,0.02422,16645,21.21652,78453
337,roman-rezinkin,19,0.02422,16664,21.24074,78453
338,ssripadham,19,0.02422,16683,21.26496,78453
339,suryatech27-cloud,19,0.02422,16702,21.28918,78453
340,swiatekm-sumo,19,0.02422,16721,21.31340,78453
341,Timothy-Dement,19,0.02422,16740,21.33762,78453
342,wxx213,19,0.02422,16759,21.36183,78453
343,xieyuschen,19,0.02422,16778,21.38605,78453
344,xuezhixin,19,0.02422,16797,21.41027,78453
345,a377965,18,0.02294,16815,21.43321,78453
346,ashutosh16,18,0.02294,16833,21.45616,78453
347,asm2git,18,0.02294,16851,21.47910,78453
348,avinash31d,18,0.02294,16869,21.50205,78453
349,charlesdaniels,18,0.02294,16887,21.52499,78453
350,deveshkandpal1224,18,0.02294,16905,21.54793,78453
351,FernandoMiguel,18,0.02294,16923,21.57088,78453
352,FireLv,18,0.02294,16941,21.59382,78453
353,infdahai,18,0.02294,16959,21.61676,78453
354,jasgrover,18,0.02294,16977,21.63971,78453
355,jasonlica,18,0.02294,16995,21.66265,78453
356,jklippel,18,0.02294,17013,21.68560,78453
357,k8tgreenley,18,0.02294,17031,21.70854,78453
358,katexochen,18,0.02294,17049,21.73148,78453
359,laziobird,18,0.02294,17067,21.75443,78453
360,mayday0208,18,0.02294,17085,21.77737,78453
361,nan1994,18,0.02294,17103,21.80031,78453
362,raje143r,18,0.02294,17121,21.82326,78453
363,raspbeep,18,0.02294,17139,21.84620,78453
364,rokkiter,18,0.02294,17157,21.86914,78453
365,roytev,18,0.02294,17175,21.89209,78453
366,SushmithaVReddy,18,0.02294,17193,21.91503,78453
367,thangnn4688,18,0.02294,17211,21.93798,78453
368,thejasn,18,0.02294,17229,21.96092,78453
369,wangxiaoyang-dev,18,0.02294,17247,21.98386,78453
370,zz952332446,18,0.02294,17265,22.00681,78453
371,89luca89,17,0.02167,17282,22.02848,78453
372,akhilac1,17,0.02167,17299,22.05014,78453
373,architjugran,17,0.02167,17316,22.07181,78453
374,Ardent10,17,0.02167,17333,22.09348,78453
375,bxvs888,17,0.02167,17350,22.11515,78453
376,chenggaw,17,0.02167,17367,22.13682,78453
377,dafanshu,17,0.02167,17384,22.15849,78453
378,dafu-wu,17,0.02167,17401,22.18016,78453
379,DaivikDave,17,0.02167,17418,22.20183,78453
380,David-Krupa,17,0.02167,17435,22.22350,78453
381,Entropy70,17,0.02167,17452,22.24517,78453
382,eval-exec,17,0.02167,17469,22.26683,78453
383,francotiveron,17,0.02167,17486,22.28850,78453
384,ginglis13,17,0.02167,17503,22.31017,78453
385,Giridhar23689,17,0.02167,17520,22.33184,78453
386,karthikbalasub,17,0.02167,17537,22.35351,78453
387,KuonjiMayoi,17,0.02167,17554,22.37518,78453
388,madhureddy08,17,0.02167,17571,22.39685,78453
389,Mahpara93,17,0.02167,17588,22.41852,78453
390,mayurwaghmode,17,0.02167,17605,22.44019,78453
391,mcosta74,17,0.02167,17622,22.46186,78453
392,mmalecki,17,0.02167,17639,22.48353,78453
393,mrjoema,17,0.02167,17656,22.50519,78453
394,nautiam,17,0.02167,17673,22.52686,78453
395,nsait-linaro,17,0.02167,17690,22.54853,78453
396,nthnieljson,17,0.02167,17707,22.57020,78453
397,patrickdung,17,0.02167,17724,22.59187,78453
398,pdaBlueVoyant,17,0.02167,17741,22.61354,78453
399,Petria3s,17,0.02167,17758,22.63521,78453
400,praveen-accuknox,17,0.02167,17775,22.65688,78453
401,pretty66,17,0.02167,17792,22.67855,78453
402,pxpnetworks,17,0.02167,17809,22.70022,78453
403,Reedham20,17,0.02167,17826,22.72188,78453
404,saan800,17,0.02167,17843,22.74355,78453
405,Schramp,17,0.02167,17860,22.76522,78453
406,sding3,17,0.02167,17877,22.78689,78453
407,shruthidharani-4313,17,0.02167,17894,22.80856,78453
408,SoujanyaMangipudi,17,0.02167,17911,22.83023,78453
409,SujithKasireddy,17,0.02167,17928,22.85190,78453
410,suning0,17,0.02167,17945,22.87357,78453
411,umarkhan17,17,0.02167,17962,22.89524,78453
412,xiang9156,17,0.02167,17979,22.91691,78453
413,yo348,17,0.02167,17996,22.93857,78453
414,aintbrokedontfix,16,0.02039,18012,22.95897,78453
415,akorade,16,0.02039,18028,22.97936,78453
416,alanz2015,16,0.02039,18044,22.99976,78453
417,candita,16,0.02039,18060,23.02015,78453
418,caniko,16,0.02039,18076,23.04055,78453
419,chenlei677,16,0.02039,18092,23.06094,78453
420,DavidVentura,16,0.02039,18108,23.08134,78453
421,eadou,16,0.02039,18124,23.10173,78453
422,Edimo24,16,0.02039,18140,23.12212,78453
423,edin44,16,0.02039,18156,23.14252,78453
424,elevenzhan,16,0.02039,18172,23.16291,78453
425,eulerf,16,0.02039,18188,23.18331,78453
426,hansonchar,16,0.02039,18204,23.20370,78453
427,hpopal11,16,0.02039,18220,23.22410,78453
428,jackgill,16,0.02039,18236,23.24449,78453
429,keshavprasadms,16,0.02039,18252,23.26488,78453
430,Kikiodazie,16,0.02039,18268,23.28528,78453
431,laotoutou,16,0.02039,18284,23.30567,78453
432,lc2705,16,0.02039,18300,23.32607,78453
433,light-pan,16,0.02039,18316,23.34646,78453
434,linux-gcc,16,0.02039,18332,23.36686,78453
435,longxiaofei,16,0.02039,18348,23.38725,78453
436,matthewrobertson,16,0.02039,18364,23.40765,78453
437,MediosZ,16,0.02039,18380,23.42804,78453
438,NamanAg30,16,0.02039,18396,23.44843,78453
439,nawazkh,16,0.02039,18412,23.46883,78453
440,qfiard,16,0.02039,18428,23.48922,78453
441,qingwusunny,16,0.02039,18444,23.50962,78453
442,rgherta,16,0.02039,18460,23.53001,78453
443,rksharma95,16,0.02039,18476,23.55041,78453
444,sashokbg,16,0.02039,18492,23.57080,78453
445,scottnice,16,0.02039,18508,23.59119,78453
446,stephaneetje,16,0.02039,18524,23.61159,78453
447,swills,16,0.02039,18540,23.63198,78453
448,travier,16,0.02039,18556,23.65238,78453
449,Unix4ever,16,0.02039,18572,23.67277,78453
450,venukarnati92,16,0.02039,18588,23.69317,78453
451,wangfeng1983,16,0.02039,18604,23.71356,78453
452,yun-ling,16,0.02039,18620,23.73396,78453
453,zanpocc,16,0.02039,18636,23.75435,78453
454,adrimeli,15,0.01912,18651,23.77347,78453
455,amol-go,15,0.01912,18666,23.79259,78453
456,avillela,15,0.01912,18681,23.81171,78453
457,Capable-Disk4147,15,0.01912,18696,23.83083,78453
458,cardyok,15,0.01912,18711,23.84995,78453
459,dhaus67,15,0.01912,18726,23.86907,78453
460,dn-scribe,15,0.01912,18741,23.88819,78453
461,domyway,15,0.01912,18756,23.90731,78453
462,dudd,15,0.01912,18771,23.92643,78453
463,dviejokfs,15,0.01912,18786,23.94555,78453
464,enjeck,15,0.01912,18801,23.96467,78453
465,enraiha0307,15,0.01912,18816,23.98379,78453
466,exiett,15,0.01912,18831,24.00291,78453
467,fmc100,15,0.01912,18846,24.02203,78453
468,Fuzzy-Math,15,0.01912,18861,24.04115,78453
469,gabfelp,15,0.01912,18876,24.06027,78453
470,gagoar,15,0.01912,18891,24.07939,78453
471,Halamix2,15,0.01912,18906,24.09850,78453
472,haouc,15,0.01912,18921,24.11762,78453
473,imnitishng,15,0.01912,18936,24.13674,78453
474,jaredhshuai,15,0.01912,18951,24.15586,78453
475,jfl929930,15,0.01912,18966,24.17498,78453
476,JimWeier-VeteransUnited,15,0.01912,18981,24.19410,78453
477,jrauschenbusch,15,0.01912,18996,24.21322,78453
478,kk1532,15,0.01912,19011,24.23234,78453
479,kpchen,15,0.01912,19026,24.25146,78453
480,kuldeepk3,15,0.01912,19041,24.27058,78453
481,LOMOGO,15,0.01912,19056,24.28970,78453
482,lrwh,15,0.01912,19071,24.30882,78453
483,mdtamim,15,0.01912,19086,24.32794,78453
484,paul-civitas,15,0.01912,19101,24.34706,78453
485,penghuazhou,15,0.01912,19116,24.36618,78453
486,philipp-sontag-by,15,0.01912,19131,24.38530,78453
487,plombaer,15,0.01912,19146,24.40442,78453
488,RayAsh37,15,0.01912,19161,24.42354,78453
489,rejmond,15,0.01912,19176,24.44266,78453
490,romuduck,15,0.01912,19191,24.46178,78453
491,rthakur-est,15,0.01912,19206,24.48090,78453
492,seblaz,15,0.01912,19221,24.50002,78453
493,ThreadDao,15,0.01912,19236,24.51914,78453
494,tmcatch,15,0.01912,19251,24.53826,78453
495,tmsnan,15,0.01912,19266,24.55738,78453
496,umapriyadarsi,15,0.01912,19281,24.57650,78453
497,victor88121,15,0.01912,19296,24.59562,78453
498,vikarna,15,0.01912,19311,24.61474,78453
499,wangyuan0916,15,0.01912,19326,24.63386,78453
500,wermerb,15,0.01912,19341,24.65298,78453
501,yoshi314,15,0.01912,19356,24.67210,78453
502,08d2,14,0.01785,19370,24.68994,78453
503,acxz,14,0.01785,19384,24.70779,78453
504,alessandrogario,14,0.01785,19398,24.72563,78453
505,alice-suse,14,0.01785,19412,24.74348,78453
506,allanian,14,0.01785,19426,24.76132,78453
507,AllKai,14,0.01785,19440,24.77917,78453
508,alphajc,14,0.01785,19454,24.79701,78453
509,areveny,14,0.01785,19468,24.81486,78453
510,arvind-murty,14,0.01785,19482,24.83270,78453
511,bajpaigarima,14,0.01785,19496,24.85055,78453
512,Captain-P-Goldfish,14,0.01785,19510,24.86839,78453
513,Chenhb123,14,0.01785,19524,24.88624,78453
514,chriswilley,14,0.01785,19538,24.90408,78453
515,CodingCanuck,14,0.01785,19552,24.92193,78453
516,ctrombley,14,0.01785,19566,24.93977,78453
517,dmerrick,14,0.01785,19580,24.95762,78453
518,dmitriklein,14,0.01785,19594,24.97546,78453
519,ds3p2,14,0.01785,19608,24.99331,78453
520,dxxyy,14,0.01785,19622,25.01115,78453
521,edenkoveshi,14,0.01785,19636,25.02900,78453
522,Eldarrin,14,0.01785,19650,25.04684,78453
523,evanli18,14,0.01785,19664,25.06469,78453
524,fannaihao,14,0.01785,19678,25.08253,78453
525,flo-mic,14,0.01785,19692,25.10038,78453
526,frankfong0208,14,0.01785,19706,25.11822,78453
527,georgevanburgh,14,0.01785,19720,25.13607,78453
528,hackeren,14,0.01785,19734,25.15391,78453
529,Harshit-Anand,14,0.01785,19748,25.17176,78453
530,hughhuangzh,14,0.01785,19762,25.18960,78453
531,ixxeL2097,14,0.01785,19776,25.20745,78453
532,johanneskastl,14,0.01785,19790,25.22529,78453
533,kakkotetsu,14,0.01785,19804,25.24314,78453
534,kriomant,14,0.01785,19818,25.26098,78453
535,leland17,14,0.01785,19832,25.27883,78453
536,lewgun,14,0.01785,19846,25.29667,78453
537,LukaszByczynski,14,0.01785,19860,25.31452,78453
538,MichaelVoelkel,14,0.01785,19874,25.33236,78453
539,minhng22,14,0.01785,19888,25.35021,78453
540,MinvenX,14,0.01785,19902,25.36805,78453
541,mjnagel,14,0.01785,19916,25.38590,78453
542,mkcetinkaya,14,0.01785,19930,25.40374,78453
543,morancj,14,0.01785,19944,25.42159,78453
544,MrGirl,14,0.01785,19958,25.43944,78453
545,mukundv18,14,0.01785,19972,25.45728,78453
546,m-yukio,14,0.01785,19986,25.47513,78453
547,mzaian,14,0.01785,20000,25.49297,78453
548,OliverMKing,14,0.01785,20014,25.51082,78453
549,opokornyy,14,0.01785,20028,25.52866,78453
550,panguicai008,14,0.01785,20042,25.54651,78453
551,patrik-upspot,14,0.01785,20056,25.56435,78453
552,paul-bormans,14,0.01785,20070,25.58220,78453
553,peng225,14,0.01785,20084,25.60004,78453
554,pizzaz93,14,0.01785,20098,25.61789,78453
555,pwamej,14,0.01785,20112,25.63573,78453
556,r-asou,14,0.01785,20126,25.65358,78453
557,reiniertimmer,14,0.01785,20140,25.67142,78453
558,robinchia,14,0.01785,20154,25.68927,78453
559,root21cuib,14,0.01785,20168,25.70711,78453
560,Saber382,14,0.01785,20182,25.72496,78453
561,sam-la-compass,14,0.01785,20196,25.74280,78453
562,shivam-sharma7,14,0.01785,20210,25.76065,78453
563,simorgh1,14,0.01785,20224,25.77849,78453
564,Simpcyclassy,14,0.01785,20238,25.79634,78453
565,starlightknown,14,0.01785,20252,25.81418,78453
566,Stuti-mishra,14,0.01785,20266,25.83203,78453
567,sunnygoel87,14,0.01785,20280,25.84987,78453
568,thepaulmacca,14,0.01785,20294,25.86772,78453
569,tis-rpage,14,0.01785,20308,25.88556,78453
570,toasthorse,14,0.01785,20322,25.90341,78453
571,tonyttz,14,0.01785,20336,25.92125,78453
572,wofr,14,0.01785,20350,25.93910,78453
573,Xsy2002,14,0.01785,20364,25.95694,78453
574,ZhongsJie96,14,0.01785,20378,25.97479,78453
575,alisakotliarova,13,0.01657,20391,25.99136,78453
576,apoorva-jn,13,0.01657,20404,26.00793,78453
577,bad2cat,13,0.01657,20417,26.02450,78453
578,benfranklin79,13,0.01657,20430,26.04107,78453
579,brackend,13,0.01657,20443,26.05764,78453
580,caproven,13,0.01657,20456,26.07421,78453
581,chenrc0529-ai,13,0.01657,20469,26.09078,78453
582,ChetHosey,13,0.01657,20482,26.10735,78453
583,chinasoftgit,13,0.01657,20495,26.12392,78453
584,crellison,13,0.01657,20508,26.14049,78453
585,dadan2019,13,0.01657,20521,26.15706,78453
586,danilo-gemoli,13,0.01657,20534,26.17363,78453
587,dasMulli,13,0.01657,20547,26.19020,78453
588,daydy16,13,0.01657,20560,26.20677,78453
589,dengqian,13,0.01657,20573,26.22334,78453
590,dharmaplay,13,0.01657,20586,26.23991,78453
591,dhavalgshah,13,0.01657,20599,26.25648,78453
592,dpasiukevich,13,0.01657,20612,26.27306,78453
593,GanZiheng,13,0.01657,20625,26.28963,78453
594,gregbuehler,13,0.01657,20638,26.30620,78453
595,haiauth,13,0.01657,20651,26.32277,78453
596,hhb584520,13,0.01657,20664,26.33934,78453
597,jaynarayan20,13,0.01657,20677,26.35591,78453
598,jboesh,13,0.01657,20690,26.37248,78453
599,jhonndabi,13,0.01657,20703,26.38905,78453
600,jsanin-vmw,13,0.01657,20716,26.40562,78453
601,kavinarvind,13,0.01657,20729,26.42219,78453
602,khanhntd,13,0.01657,20742,26.43876,78453
603,koncha99,13,0.01657,20755,26.45533,78453
604,kujiraitakahiro,13,0.01657,20768,26.47190,78453
605,lasradoVinod,13,0.01657,20781,26.48847,78453
606,lijing-21,13,0.01657,20794,26.50504,78453
607,linuxananth1976,13,0.01657,20807,26.52161,78453
608,liuycsd,13,0.01657,20820,26.53818,78453
609,lqlamTMA,13,0.01657,20833,26.55475,78453
610,lucadirocco,13,0.01657,20846,26.57132,78453
611,mohamedaminearous,13,0.01657,20859,26.58789,78453
612,mrjoelkamp,13,0.01657,20872,26.60446,78453
613,mwtian,13,0.01657,20885,26.62103,78453
614,nayanparegi,13,0.01657,20898,26.63760,78453
615,ngeegoh,13,0.01657,20911,26.65418,78453
616,nikhleshgoenka,13,0.01657,20924,26.67075,78453
617,nobbs,13,0.01657,20937,26.68732,78453
618,parmentelat,13,0.01657,20950,26.70389,78453
619,pgvishnuram,13,0.01657,20963,26.72046,78453
620,ph311o,13,0.01657,20976,26.73703,78453
621,PhilippPlotnikov,13,0.01657,20989,26.75360,78453
622,Pinolo,13,0.01657,21002,26.77017,78453
623,Rains6,13,0.01657,21015,26.78674,78453
624,rogerex,13,0.01657,21028,26.80331,78453
625,runenilsenoe,13,0.01657,21041,26.81988,78453
626,ryutoyasugi,13,0.01657,21054,26.83645,78453
627,saltyblu,13,0.01657,21067,26.85302,78453
628,Sampaiolc,13,0.01657,21080,26.86959,78453
629,SamrathPalSingh,13,0.01657,21093,26.88616,78453
630,sangyongchoi,13,0.01657,21106,26.90273,78453
631,SethFalco,13,0.01657,21119,26.91930,78453
632,skol101,13,0.01657,21132,26.93587,78453
633,sschegolev,13,0.01657,21145,26.95244,78453
634,stevenchen-db,13,0.01657,21158,26.96901,78453
635,sureshkachwa,13,0.01657,21171,26.98558,78453
636,swafa,13,0.01657,21184,27.00215,78453
637,Taymindis,13,0.01657,21197,27.01872,78453
638,TeamTeaTime,13,0.01657,21210,27.03530,78453
639,TheQueenIsDead,13,0.01657,21223,27.05187,78453
640,ToniIltanen,13,0.01657,21236,27.06844,78453
641,wfchair,13,0.01657,21249,27.08501,78453
642,XiaoxiHuang21,13,0.01657,21262,27.10158,78453
643,yijianli,13,0.01657,21275,27.11815,78453
644,ysk24ok,13,0.01657,21288,27.13472,78453
645,zephoon,13,0.01657,21301,27.15129,78453
646,zhangheliu,13,0.01657,21314,27.16786,78453
647,ziaulhasanhamim,13,0.01657,21327,27.18443,78453
648,zylan29,13,0.01657,21340,27.20100,78453
649,589290,12,0.01530,21352,27.21630,78453
650,acechef,12,0.01530,21364,27.23159,78453
651,AlexandrClick,12,0.01530,21376,27.24689,78453
652,Apache9,12,0.01530,21388,27.26218,78453
653,aragos,12,0.01530,21400,27.27748,78453
654,armenr,12,0.01530,21412,27.29277,78453
655,AswinBehera,12,0.01530,21424,27.30807,78453
656,bnuzhanyu,12,0.01530,21436,27.32337,78453
657,brett-bim,12,0.01530,21448,27.33866,78453
658,chals-chu,12,0.01530,21460,27.35396,78453
659,chengleqi,12,0.01530,21472,27.36925,78453
660,davidy718,12,0.01530,21484,27.38455,78453
661,dazhu6666,12,0.01530,21496,27.39984,78453
662,eat4toast,12,0.01530,21508,27.41514,78453
663,Emin3mU,12,0.01530,21520,27.43044,78453
664,encausticcello,12,0.01530,21532,27.44573,78453
665,etigerstudio,12,0.01530,21544,27.46103,78453
666,expoli,12,0.01530,21556,27.47632,78453
667,fanspace,12,0.01530,21568,27.49162,78453
668,guoxiangCN,12,0.01530,21580,27.50691,78453
669,hiroaki2020,12,0.01530,21592,27.52221,78453
670,hoerup,12,0.01530,21604,27.53751,78453
671,HonakerM,12,0.01530,21616,27.55280,78453
672,imranh2,12,0.01530,21628,27.56810,78453
673,IvanILanekassen,12,0.01530,21640,27.58339,78453
674,jacks-reid,12,0.01530,21652,27.59869,78453
675,jkl373,12,0.01530,21664,27.61399,78453
676,jlane67,12,0.01530,21676,27.62928,78453
677,JoshKarpel,12,0.01530,21688,27.64458,78453
678,jsun-splunk,12,0.01530,21700,27.65987,78453
679,jthan24,12,0.01530,21712,27.67517,78453
680,juliocleal13,12,0.01530,21724,27.69046,78453
681,K1ngram4,12,0.01530,21736,27.70576,78453
682,ka-keung,12,0.01530,21748,27.72106,78453
683,Kazurin-775,12,0.01530,21760,27.73635,78453
684,KCCOAK12,12,0.01530,21772,27.75165,78453
685,klap50,12,0.01530,21784,27.76694,78453
686,KushalBeniwal,12,0.01530,21796,27.78224,78453
687,LeonD9,12,0.01530,21808,27.79753,78453
688,LFsWang,12,0.01530,21820,27.81283,78453
689,linuxxin,12,0.01530,21832,27.82813,78453
690,lsc615,12,0.01530,21844,27.84342,78453
691,lss9981,12,0.01530,21856,27.85872,78453
692,manjo-git,12,0.01530,21868,27.87401,78453
693,marcalff,12,0.01530,21880,27.88931,78453
694,marcio-pessoa,12,0.01530,21892,27.90461,78453
695,matlemb,12,0.01530,21904,27.91990,78453
696,mhaley37,12,0.01530,21916,27.93520,78453
697,nafeabd,12,0.01530,21928,27.95049,78453
698,NanyinK,12,0.01530,21940,27.96579,78453
699,ognif,12,0.01530,21952,27.98108,78453
700,oliver-goetz,12,0.01530,21964,27.99638,78453
701,onalante-msft,12,0.01530,21976,28.01168,78453
702,plannigan,12,0.01530,21988,28.02697,78453
703,revit13,12,0.01530,22000,28.04227,78453
704,ridavid2002,12,0.01530,22012,28.05756,78453
705,rino-pupkin,12,0.01530,22024,28.07286,78453
706,rmarting,12,0.01530,22036,28.08815,78453
707,RobinLG,12,0.01530,22048,28.10345,78453
708,RODevVro,12,0.01530,22060,28.11875,78453
709,rszamszur,12,0.01530,22072,28.13404,78453
710,runningcode,12,0.01530,22084,28.14934,78453
711,samspycher,12,0.01530,22096,28.16463,78453
712,sathishkumar3009,12,0.01530,22108,28.17993,78453
713,sdjksdajshd,12,0.01530,22120,28.19523,78453
714,shmilyoo,12,0.01530,22132,28.21052,78453
715,shuiyunwudi,12,0.01530,22144,28.22582,78453
716,singeleaf,12,0.01530,22156,28.24111,78453
717,sl1316,12,0.01530,22168,28.25641,78453
718,steinarox,12,0.01530,22180,28.27170,78453
719,strophy,12,0.01530,22192,28.28700,78453
720,Subhasish-Behera,12,0.01530,22204,28.30230,78453
721,SunhaoKim,12,0.01530,22216,28.31759,78453
722,tanuj-soni2,12,0.01530,22228,28.33289,78453
723,THEMOSTHIGH0618,12,0.01530,22240,28.34818,78453
724,tianshishuo,12,0.01530,22252,28.36348,78453
725,Toenail81,12,0.01530,22264,28.37877,78453
726,tomh4,12,0.01530,22276,28.39407,78453
727,Tomoku-dm,12,0.01530,22288,28.40937,78453
728,vividvilla,12,0.01530,22300,28.42466,78453
729,w13915984028,12,0.01530,22312,28.43996,78453
730,wilhelmi,12,0.01530,22324,28.45525,78453
731,wjrbetts,12,0.01530,22336,28.47055,78453
732,wm775825,12,0.01530,22348,28.48585,78453
733,Xianyong,12,0.01530,22360,28.50114,78453
734,xmtao0805,12,0.01530,22372,28.51644,78453
735,yarodinD,12,0.01530,22384,28.53173,78453
736,ydahan,12,0.01530,22396,28.54703,78453
737,zhenlei520,12,0.01530,22408,28.56232,78453
738,zhoupoko2000,12,0.01530,22420,28.57762,78453
739,191220029,11,0.01402,22431,28.59164,78453
740,5279314,11,0.01402,22442,28.60566,78453
741,abh139,11,0.01402,22453,28.61968,78453
742,aBreaking,11,0.01402,22464,28.63370,78453
743,balalnx16,11,0.01402,22475,28.64773,78453
744,Bataran,11,0.01402,22486,28.66175,78453
745,bnevis-i,11,0.01402,22497,28.67577,78453
746,bridgetbarnes,11,0.01402,22508,28.68979,78453
747,carpediemtal,11,0.01402,22519,28.70381,78453
748,ceastman-r7,11,0.01402,22530,28.71783,78453
749,ChenCong0207,11,0.01402,22541,28.73185,78453
750,chenkaiyin1201,11,0.01402,22552,28.74587,78453
751,chenxiaofei-cxf,11,0.01402,22563,28.75989,78453
752,cl2017,11,0.01402,22574,28.77392,78453
753,codelipenghui,11,0.01402,22585,28.78794,78453
754,CoderfishGzh,11,0.01402,22596,28.80196,78453
755,compactcfusr,11,0.01402,22607,28.81598,78453
756,corneliarauch,11,0.01402,22618,28.83000,78453
757,DanteAndroid,11,0.01402,22629,28.84402,78453
758,DavyJohnes,11,0.01402,22640,28.85804,78453
759,deRemo,11,0.01402,22651,28.87206,78453
760,dgovinndaraju12,11,0.01402,22662,28.88608,78453
761,diana-borbe-consensys,11,0.01402,22673,28.90011,78453
762,dineshbhor,11,0.01402,22684,28.91413,78453
763,djloude,11,0.01402,22695,28.92815,78453
764,djplt,11,0.01402,22706,28.94217,78453
765,doberkofler,11,0.01402,22717,28.95619,78453
766,drewtoto,11,0.01402,22728,28.97021,78453
767,drozzy,11,0.01402,22739,28.98423,78453
768,dwangxxx,11,0.01402,22750,28.99825,78453
769,EricLo-417,11,0.01402,22761,29.01227,78453
770,Expelizabeth,11,0.01402,22772,29.02630,78453
771,fangchengjie,11,0.01402,22783,29.04032,78453
772,flashgorman-chorus,11,0.01402,22794,29.05434,78453
773,ghl116,11,0.01402,22805,29.06836,78453
774,gomakesix,11,0.01402,22816,29.08238,78453
775,hadar-co,11,0.01402,22827,29.09640,78453
776,haizi-cui,11,0.01402,22838,29.11042,78453
777,helaoutar,11,0.01402,22849,29.12444,78453
778,ihuibin,11,0.01402,22860,29.13847,78453
779,ismailelbadawy,11,0.01402,22871,29.15249,78453
780,izturn,11,0.01402,22882,29.16651,78453
781,jagjeetst,11,0.01402,22893,29.18053,78453
782,jduepmeier,11,0.01402,22904,29.19455,78453
783,joe-atzinger,11,0.01402,22915,29.20857,78453
784,jonmchan,11,0.01402,22926,29.22259,78453
785,JsBergbau,11,0.01402,22937,29.23661,78453
786,jstraceski,11,0.01402,22948,29.25063,78453
787,Jungle666,11,0.01402,22959,29.26466,78453
788,just1n-wang,11,0.01402,22970,29.27868,78453
789,Kaarel,11,0.01402,22981,29.29270,78453
790,kentahikaru,11,0.01402,22992,29.30672,78453
791,kitagry,11,0.01402,23003,29.32074,78453
792,koraykutanoglu,11,0.01402,23014,29.33476,78453
793,ladeak,11,0.01402,23025,29.34878,78453
794,LambertZhaglog,11,0.01402,23036,29.36280,78453
795,Laurel-Canyon,11,0.01402,23047,29.37682,78453
796,lightmelodies,11,0.01402,23058,29.39085,78453
797,linyaoli,11,0.01402,23069,29.40487,78453
798,liortct,11,0.01402,23080,29.41889,78453
799,lishuai-hw,11,0.01402,23091,29.43291,78453
800,liuzhilin12,11,0.01402,23102,29.44693,78453
801,lstolcman,11,0.01402,23113,29.46095,78453
802,macklenc,11,0.01402,23124,29.47497,78453
803,malarinv,11,0.01402,23135,29.48899,78453
804,manavsiddharthgupta,11,0.01402,23146,29.50301,78453
805,mar4uk,11,0.01402,23157,29.51704,78453
806,marcobjorge,11,0.01402,23168,29.53106,78453
807,mgrote,11,0.01402,23179,29.54508,78453
808,mhoff,11,0.01402,23190,29.55910,78453
809,mibollma,11,0.01402,23201,29.57312,78453
810,michalromanowskiap,11,0.01402,23212,29.58714,78453
811,misterjoshua,11,0.01402,23223,29.60116,78453
812,miyoosan,11,0.01402,23234,29.61518,78453
813,mkossoris,11,0.01402,23245,29.62920,78453
814,muyangren2,11,0.01402,23256,29.64323,78453
815,mvniekerk,11,0.01402,23267,29.65725,78453
816,NassimBtk,11,0.01402,23278,29.67127,78453
817,nazma1234,11,0.01402,23289,29.68529,78453
818,neblen,11,0.01402,23300,29.69931,78453
819,nordfjord,11,0.01402,23311,29.71333,78453
820,omarabid,11,0.01402,23322,29.72735,78453
821,OpenGuidou,11,0.01402,23333,29.74137,78453
822,oriontvv,11,0.01402,23344,29.75539,78453
823,oskarirauta,11,0.01402,23355,29.76942,78453
824,ozradi,11,0.01402,23366,29.78344,78453
825,PawBud,11,0.01402,23377,29.79746,78453
826,peterkittreilly,11,0.01402,23388,29.81148,78453
827,PeterThomasAwen,11,0.01402,23399,29.82550,78453
828,ponienselvan,11,0.01402,23410,29.83952,78453
829,pteroctopus,11,0.01402,23421,29.85354,78453
830,rahulpoddar-fyndna,11,0.01402,23432,29.86756,78453
831,rlfcunha,11,0.01402,23443,29.88159,78453
832,roeelandesman,11,0.01402,23454,29.89561,78453
833,rthera7,11,0.01402,23465,29.90963,78453
834,sebltm,11,0.01402,23476,29.92365,78453
835,SelfhostedPro,11,0.01402,23487,29.93767,78453
836,sergio-tarazona,11,0.01402,23498,29.95169,78453
837,slushysnowman,11,0.01402,23509,29.96571,78453
838,snbc,11,0.01402,23520,29.97973,78453
839,sorkinl,11,0.01402,23531,29.99375,78453
840,spottedmahn,11,0.01402,23542,30.00778,78453
841,stumueller,11,0.01402,23553,30.02180,78453
842,SurajPratap10,11,0.01402,23564,30.03582,78453
843,svcdzt,11,0.01402,23575,30.04984,78453
844,syamalaids,11,0.01402,23586,30.06386,78453
845,syntastical,11,0.01402,23597,30.07788,78453
846,TheAnachronism,11,0.01402,23608,30.09190,78453
847,TheSilentRinger,11,0.01402,23619,30.10592,78453
848,tomwolfgang,11,0.01402,23630,30.11994,78453
849,vasa47,11,0.01402,23641,30.13397,78453
850,Vaxuite,11,0.01402,23652,30.14799,78453
851,wltbenade,11,0.01402,23663,30.16201,78453
852,wowditi,11,0.01402,23674,30.17603,78453
853,wywywywy,11,0.01402,23685,30.19005,78453
854,xueliang-zhong-arm,11,0.01402,23696,30.20407,78453
855,yf-jia,11,0.01402,23707,30.21809,78453
856,yllek,11,0.01402,23718,30.23211,78453
857,zhuangzhuang1111,11,0.01402,23729,30.24613,78453
858,ziansong,11,0.01402,23740,30.26016,78453
859,zzr93,11,0.01402,23751,30.27418,78453
860,adamiBs,10,0.01275,23761,30.28692,78453
861,Alceatraz,10,0.01275,23771,30.29967,78453
862,alelerac,10,0.01275,23781,30.31242,78453
863,AlexanderBabel,10,0.01275,23791,30.32516,78453
864,amazingyyc,10,0.01275,23801,30.33791,78453
865,AmoebaProtozoa,10,0.01275,23811,30.35066,78453
866,anjalisajith,10,0.01275,23821,30.36340,78453
867,annelausf,10,0.01275,23831,30.37615,78453
868,antifuchs,10,0.01275,23841,30.38890,78453
869,apphe,10,0.01275,23851,30.40164,78453
870,arundeep78,10,0.01275,23861,30.41439,78453
871,ashu-ciena,10,0.01275,23871,30.42713,78453
872,ataker,10,0.01275,23881,30.43988,78453
873,austintackaberry,10,0.01275,23891,30.45263,78453
874,batistado,10,0.01275,23901,30.46537,78453
875,ben-ihelputech,10,0.01275,23911,30.47812,78453
876,bestgopher,10,0.01275,23921,30.49087,78453
877,brunosaboia,10,0.01275,23931,30.50361,78453
878,busyboy-ws,10,0.01275,23941,30.51636,78453
879,carlosdamazio,10,0.01275,23951,30.52911,78453
880,charan1998,10,0.01275,23961,30.54185,78453
881,christian1607,10,0.01275,23971,30.55460,78453
882,Church13,10,0.01275,23981,30.56735,78453
883,cod-r,10,0.01275,23991,30.58009,78453
884,dadufour,10,0.01275,24001,30.59284,78453
885,davidmpaz,10,0.01275,24011,30.60559,78453
886,didihongsheng,10,0.01275,24021,30.61833,78453
887,diego-milhomes,10,0.01275,24031,30.63108,78453
888,divmadan,10,0.01275,24041,30.64382,78453
889,domruf,10,0.01275,24051,30.65657,78453
890,dsvanlani,10,0.01275,24061,30.66932,78453
891,Eric84626,10,0.01275,24071,30.68206,78453
892,evanfreed,10,0.01275,24081,30.69481,78453
893,felixhuettner,10,0.01275,24091,30.70756,78453
894,fgutmann,10,0.01275,24101,30.72030,78453
895,FreakyNobleGas,10,0.01275,24111,30.73305,78453
896,fredericfran-gds,10,0.01275,24121,30.74580,78453
897,gaow1423,10,0.01275,24131,30.75854,78453
898,gardener-robot-ci-3,10,0.01275,24141,30.77129,78453
899,gl-up,10,0.01275,24151,30.78404,78453
900,gotson,10,0.01275,24161,30.79678,78453
901,gozeloglu,10,0.01275,24171,30.80953,78453
902,halfC,10,0.01275,24181,30.82228,78453
903,hamidaria70,10,0.01275,24191,30.83502,78453
904,HaroonSaid,10,0.01275,24201,30.84777,78453
905,hermitgreen,10,0.01275,24211,30.86052,78453
906,horizen,10,0.01275,24221,30.87326,78453
907,Hovo563,10,0.01275,24231,30.88601,78453
908,hoxhaeris,10,0.01275,24241,30.89875,78453
909,hoyhbx,10,0.01275,24251,30.91150,78453
910,idrissneumann,10,0.01275,24261,30.92425,78453
911,intech,10,0.01275,24271,30.93699,78453
912,jamesdesmond,10,0.01275,24281,30.94974,78453
913,johnbuluba,10,0.01275,24291,30.96249,78453
914,jon-chuang,10,0.01275,24301,30.97523,78453
915,jorgecasar,10,0.01275,24311,30.98798,78453
916,josevnz,10,0.01275,24321,31.00073,78453
917,kalashjain23,10,0.01275,24331,31.01347,78453
918,kdowney-cloudwallcapital,10,0.01275,24341,31.02622,78453
919,kennedy,10,0.01275,24351,31.03897,78453
920,killerkc12,10,0.01275,24361,31.05171,78453
921,kmahyyg,10,0.01275,24371,31.06446,78453
922,KukumavMozolo,10,0.01275,24381,31.07721,78453
923,laudibert,10,0.01275,24391,31.08995,78453
924,leo-lao,10,0.01275,24401,31.10270,78453
925,LeoWinterDE,10,0.01275,24411,31.11544,78453
926,lichenran1234,10,0.01275,24421,31.12819,78453
927,lixd,10,0.01275,24431,31.14094,78453
928,llamallamaduck,10,0.01275,24441,31.15368,78453
929,lpcy,10,0.01275,24451,31.16643,78453
930,lsl-msft,10,0.01275,24461,31.17918,78453
931,lucasmarshall,10,0.01275,24471,31.19192,78453
932,markspolakovs,10,0.01275,24481,31.20467,78453
933,matgomes21,10,0.01275,24491,31.21742,78453
934,maxsokolovsky,10,0.01275,24501,31.23016,78453
935,mboussarov,10,0.01275,24511,31.24291,78453
936,mcariapas,10,0.01275,24521,31.25566,78453
937,mcjhknauf,10,0.01275,24531,31.26840,78453
938,meliwex,10,0.01275,24541,31.28115,78453
939,mennis,10,0.01275,24551,31.29390,78453
940,Midas847,10,0.01275,24561,31.30664,78453
941,mike-hoang,10,0.01275,24571,31.31939,78453
942,mokarage,10,0.01275,24581,31.33214,78453
943,mrningyang,10,0.01275,24591,31.34488,78453
944,mscam,10,0.01275,24601,31.35763,78453
945,mstange,10,0.01275,24611,31.37037,78453
946,mtilson,10,0.01275,24621,31.38312,78453
947,NamitaJaokar,10,0.01275,24631,31.39587,78453
948,neillturner,10,0.01275,24641,31.40861,78453
949,nickvanwegen,10,0.01275,24651,31.42136,78453
950,nirmash,10,0.01275,24661,31.43411,78453
951,ohdle,10,0.01275,24671,31.44685,78453
952,Olegt0rr,10,0.01275,24681,31.45960,78453
953,only-test-linux,10,0.01275,24691,31.47235,78453
954,onock,10,0.01275,24701,31.48509,78453
955,ozcb,10,0.01275,24711,31.49784,78453
956,patrickxiong,10,0.01275,24721,31.51059,78453
957,Pseudow,10,0.01275,24731,31.52333,78453
958,qkfrksvl,10,0.01275,24741,31.53608,78453
959,r0ushann,10,0.01275,24751,31.54883,78453
960,rakarakhi,10,0.01275,24761,31.56157,78453
961,ramgiteng,10,0.01275,24771,31.57432,78453
962,Rohan749,10,0.01275,24781,31.58706,78453
963,rubeenashirin,10,0.01275,24791,31.59981,78453
964,sgaist,10,0.01275,24801,31.61256,78453
965,shaibarlev,10,0.01275,24811,31.62530,78453
966,shelefg,10,0.01275,24821,31.63805,78453
967,sidjain87,10,0.01275,24831,31.65080,78453
968,smithi76,10,0.01275,24841,31.66354,78453
969,Snaipe,10,0.01275,24851,31.67629,78453
970,Sparkton,10,0.01275,24861,31.68904,78453
971,Stringy,10,0.01275,24871,31.70178,78453
972,Super-long,10,0.01275,24881,31.71453,78453
973,suravikumar,10,0.01275,24891,31.72728,78453
974,sxilinux,10,0.01275,24901,31.74002,78453
975,tjs-intel,10,0.01275,24911,31.75277,78453
976,tyabu12,10,0.01275,24921,31.76552,78453
977,UlasSAYGINIM,10,0.01275,24931,31.77826,78453
978,vampireqian,10,0.01275,24941,31.79101,78453
979,Venthe,10,0.01275,24951,31.80376,78453
980,vinu1421,10,0.01275,24961,31.81650,78453
981,vishalmamidi,10,0.01275,24971,31.82925,78453
982,volker-raschek,10,0.01275,24981,31.84199,78453
983,waltdizzy,10,0.01275,24991,31.85474,78453
984,wanshicheng,10,0.01275,25001,31.86749,78453
985,wellsie1116,10,0.01275,25011,31.88023,78453
986,wim-de-groot,10,0.01275,25021,31.89298,78453
987,yiip87,10,0.01275,25031,31.90573,78453
988,yufeih,10,0.01275,25041,31.91847,78453
989,zacharyrgonzales,10,0.01275,25051,31.93122,78453
990,zbhuang2008,10,0.01275,25061,31.94397,78453
991,zd9KgA,10,0.01275,25071,31.95671,78453
992,zethis,10,0.01275,25081,31.96946,78453
993,zheyu001,10,0.01275,25091,31.98221,78453
994,zhhuabj,10,0.01275,25101,31.99495,78453
995,zhijian-pro,10,0.01275,25111,32.00770,78453
996,zhuazi,10,0.01275,25121,32.02045,78453
997,zhuw0312,10,0.01275,25131,32.03319,78453
998,1978629634,9,0.01147,25140,32.04466,78453
999,21kyu,9,0.01147,25149,32.05614,78453
1000,Aabhusan,9,0.01147,25158,32.06761,78453
1001,aanoaa,9,0.01147,25167,32.07908,78453
1002,abaus-vc,9,0.01147,25176,32.09055,78453
1003,AbhishekJamhoriya,9,0.01147,25185,32.10202,78453
1004,adamdepollo,9,0.01147,25194,32.11349,78453
1005,aellwein,9,0.01147,25203,32.12497,78453
1006,Aju100,9,0.01147,25212,32.13644,78453
1007,akshaydmore,9,0.01147,25221,32.14791,78453
1008,akulhar,9,0.01147,25230,32.15938,78453
1009,Al4DIN,9,0.01147,25239,32.17085,78453
1010,alceil,9,0.01147,25248,32.18233,78453
1011,AlexBrohshtut,9,0.01147,25257,32.19380,78453
1012,AlKapkone,9,0.01147,25266,32.20527,78453
1013,amkiryushkin,9,0.01147,25275,32.21674,78453
1014,ancientstraits,9,0.01147,25284,32.22821,78453
1015,andream7,9,0.01147,25293,32.23968,78453
1016,andrewgolovanov,9,0.01147,25302,32.25116,78453
1017,angelokurtis,9,0.01147,25311,32.26263,78453
1018,arun-shopify,9,0.01147,25320,32.27410,78453
1019,ashish1099,9,0.01147,25329,32.28557,78453
1020,ashok-arora,9,0.01147,25338,32.29704,78453
1021,avekrivoy,9,0.01147,25347,32.30852,78453
1022,AvtsVivek,9,0.01147,25356,32.31999,78453
1023,ayanchoudhary,9,0.01147,25365,32.33146,78453
1024,BerndFarkaDyna,9,0.01147,25374,32.34293,78453
1025,bhavitsharma,9,0.01147,25383,32.35440,78453
1026,bigdata-memory,9,0.01147,25392,32.36588,78453
1027,blackzlq,9,0.01147,25401,32.37735,78453
1028,boyanguber,9,0.01147,25410,32.38882,78453
1029,caatclaudia,9,0.01147,25419,32.40029,78453
1030,caohuilong,9,0.01147,25428,32.41176,78453
1031,cdelzotti,9,0.01147,25437,32.42323,78453
1032,cedricvanrompay-datadog,9,0.01147,25446,32.43471,78453
1033,ceesios,9,0.01147,25455,32.44618,78453
1034,Chandra-Sekhar-Bala,9,0.01147,25464,32.45765,78453
1035,Cifer0325,9,0.01147,25473,32.46912,78453
1036,CiraciNicolo,9,0.01147,25482,32.48059,78453
1037,CitrixMing,9,0.01147,25491,32.49207,78453
1038,cityofwang,9,0.01147,25500,32.50354,78453
1039,claudio4,9,0.01147,25509,32.51501,78453
1040,cnvergence,9,0.01147,25518,32.52648,78453
1041,cosmoer,9,0.01147,25527,32.53795,78453
1042,crabique,9,0.01147,25536,32.54942,78453
1043,danhngo-lx,9,0.01147,25545,32.56090,78453
1044,danielh-codefresh,9,0.01147,25554,32.57237,78453
1045,davidebianchi,9,0.01147,25563,32.58384,78453
1046,debuggerboy,9,0.01147,25572,32.59531,78453
1047,df-bingo,9,0.01147,25581,32.60678,78453
1048,dgengtek,9,0.01147,25590,32.61826,78453
1049,dhiman360,9,0.01147,25599,32.62973,78453
1050,dixon1e,9,0.01147,25608,32.64120,78453
1051,donychen1134,9,0.01147,25617,32.65267,78453
1052,dwluishernandez,9,0.01147,25626,32.66414,78453
1053,EashShow,9,0.01147,25635,32.67561,78453
1054,EGNSIUR,9,0.01147,25644,32.68709,78453
1055,ekcs,9,0.01147,25653,32.69856,78453
1056,ElijahMendez,9,0.01147,25662,32.71003,78453
1057,ErenYeager713,9,0.01147,25671,32.72150,78453
1058,fishman,9,0.01147,25680,32.73297,78453
1059,flexoid,9,0.01147,25689,32.74445,78453
1060,francesco995,9,0.01147,25698,32.75592,78453
1061,freddyesteban,9,0.01147,25707,32.76739,78453
1062,gcemaj,9,0.01147,25716,32.77886,78453
1063,gotzmann,9,0.01147,25725,32.79033,78453
1064,gvillafanetapia,9,0.01147,25734,32.80180,78453
1065,henrify,9,0.01147,25743,32.81328,78453
1066,huanghantao,9,0.01147,25752,32.82475,78453
1067,humengyu2012,9,0.01147,25761,32.83622,78453
1068,imlonghao,9,0.01147,25770,32.84769,78453
1069,imvisp,9,0.01147,25779,32.85916,78453
1070,jamezrin,9,0.01147,25788,32.87064,78453
1071,jasha64,9,0.01147,25797,32.88211,78453
1072,Jason-Liu-Dream,9,0.01147,25806,32.89358,78453
1073,jawad846,9,0.01147,25815,32.90505,78453
1074,jbhfenris,9,0.01147,25824,32.91652,78453
1075,jeanpommier,9,0.01147,25833,32.92800,78453
1076,jewscojacquez,9,0.01147,25842,32.93947,78453
1077,jixiuf,9,0.01147,25851,32.95094,78453
1078,jnunezgts,9,0.01147,25860,32.96241,78453
1079,johnflavin-fw,9,0.01147,25869,32.97388,78453
1080,joshniec,9,0.01147,25878,32.98535,78453
1081,jowliwon,9,0.01147,25887,32.99683,78453
1082,k0eff,9,0.01147,25896,33.00830,78453
1083,k8isdead,9,0.01147,25905,33.01977,78453
1084,KangYingjie0,9,0.01147,25914,33.03124,78453
1085,Kanika637,9,0.01147,25923,33.04271,78453
1086,KelvinEuclides,9,0.01147,25932,33.05419,78453
1087,KerinPithawala,9,0.01147,25941,33.06566,78453
1088,kiibo382,9,0.01147,25950,33.07713,78453
1089,kimk-s,9,0.01147,25959,33.08860,78453
1090,kksinghinfy04,9,0.01147,25968,33.10007,78453
1091,KMAnju-2021,9,0.01147,25977,33.11154,78453
1092,kongjibai,9,0.01147,25986,33.12302,78453
1093,KTaylorIII,9,0.01147,25995,33.13449,78453
1094,laurie-kepford,9,0.01147,26004,33.14596,78453
1095,lhj502819,9,0.01147,26013,33.15743,78453
1096,life-learner1,9,0.01147,26022,33.16890,78453
1097,liuyixian123,9,0.01147,26031,33.18038,78453
1098,lobshunter,9,0.01147,26040,33.19185,78453
1099,m9rco,9,0.01147,26049,33.20332,78453
1100,malpani,9,0.01147,26058,33.21479,78453
1101,MalulDekel,9,0.01147,26067,33.22626,78453
1102,Manoj0251,9,0.01147,26076,33.23773,78453
1103,marcelomansur,9,0.01147,26085,33.24921,78453
1104,MarkMorsing,9,0.01147,26094,33.26068,78453
1105,materkey,9,0.01147,26103,33.27215,78453
1106,MaxHorstmann,9,0.01147,26112,33.28362,78453
1107,mayankkthr,9,0.01147,26121,33.29509,78453
1108,mayurOciSA,9,0.01147,26130,33.30657,78453
1109,mcwarman,9,0.01147,26139,33.31804,78453
1110,mdnfiras,9,0.01147,26148,33.32951,78453
1111,metaswirl,9,0.01147,26157,33.34098,78453
1112,midnightexigent,9,0.01147,26166,33.35245,78453
1113,mostafafarzaneh,9,0.01147,26175,33.36392,78453
1114,Nandani-Paliwal,9,0.01147,26184,33.37540,78453
1115,Navya-Andra,9,0.01147,26193,33.38687,78453
1116,nianxiaoyi,9,0.01147,26202,33.39834,78453
1117,nice-pink,9,0.01147,26211,33.40981,78453
1118,nicholasgribanov,9,0.01147,26220,33.42128,78453
1119,nijinashok,9,0.01147,26229,33.43276,78453
1120,nvolker,9,0.01147,26238,33.44423,78453
1121,OHeimlich,9,0.01147,26247,33.45570,78453
1122,Orygeunik,9,0.01147,26256,33.46717,78453
1123,Paciv,9,0.01147,26265,33.47864,78453
1124,panktishah26,9,0.01147,26274,33.49012,78453
1125,PatrikMuniak,9,0.01147,26283,33.50159,78453
1126,PeterAndreus,9,0.01147,26292,33.51306,78453
1127,pns-nirmata,9,0.01147,26301,33.52453,78453
1128,prasita123,9,0.01147,26310,33.53600,78453
1129,pratikshavyas,9,0.01147,26319,33.54747,78453
1130,qfframb,9,0.01147,26328,33.55895,78453
1131,QuiiBz,9,0.01147,26337,33.57042,78453
1132,RalphDriessen,9,0.01147,26346,33.58189,78453
1133,ransoor2,9,0.01147,26355,33.59336,78453
1134,rickerc,9,0.01147,26364,33.60483,78453
1135,ridwanmsharif,9,0.01147,26373,33.61631,78453
1136,sachin-kumar-ik8,9,0.01147,26382,33.62778,78453
1137,sanjaz10,9,0.01147,26391,33.63925,78453
1138,sberkovich,9,0.01147,26400,33.65072,78453
1139,scorpius81,9,0.01147,26409,33.66219,78453
1140,SebDanielsson,9,0.01147,26418,33.67366,78453
1141,selansen,9,0.01147,26427,33.68514,78453
1142,sensuikan1973,9,0.01147,26436,33.69661,78453
1143,shewensheng,9,0.01147,26445,33.70808,78453
1144,shmaram,9,0.01147,26454,33.71955,78453
1145,Shreekant1997,9,0.01147,26463,33.73102,78453
1146,shubham-cmyk,9,0.01147,26472,33.74250,78453
1147,simon-engledew,9,0.01147,26481,33.75397,78453
1148,simonjcarr,9,0.01147,26490,33.76544,78453
1149,simonsuns,9,0.01147,26499,33.77691,78453
1150,SoaringAnecdotalBear,9,0.01147,26508,33.78838,78453
1151,stenwolf,9,0.01147,26517,33.79985,78453
1152,stephencranedesign,9,0.01147,26526,33.81133,78453
1153,thibautmery,9,0.01147,26535,33.82280,78453
1154,thinkhp,9,0.01147,26544,33.83427,78453
1155,tholvoleak,9,0.01147,26553,33.84574,78453
1156,tkennedy1-godaddy,9,0.01147,26562,33.85721,78453
1157,tkennes,9,0.01147,26571,33.86869,78453
1158,toastbrotch,9,0.01147,26580,33.88016,78453
1159,tonymbugua-outreach,9,0.01147,26589,33.89163,78453
1160,tstapler,9,0.01147,26598,33.90310,78453
1161,utkarsh348,9,0.01147,26607,33.91457,78453
1162,vbelouso,9,0.01147,26616,33.92604,78453
1163,ViliusS,9,0.01147,26625,33.93752,78453
1164,vinli-cn,9,0.01147,26634,33.94899,78453
1165,vrince,9,0.01147,26643,33.96046,78453
1166,warroyo,9,0.01147,26652,33.97193,78453
1167,woshimaliang,9,0.01147,26661,33.98340,78453
1168,xoanmm,9,0.01147,26670,33.99488,78453
1169,xyq175com,9,0.01147,26679,34.00635,78453
1170,yang-wang11,9,0.01147,26688,34.01782,78453
1171,yanhongchang,9,0.01147,26697,34.02929,78453
1172,Yansongsongsong,9,0.01147,26706,34.04076,78453
1173,YaronDror23,9,0.01147,26715,34.05224,78453
1174,yunjianzhong,9,0.01147,26724,34.06371,78453
1175,zcatav,9,0.01147,26733,34.07518,78453
1176,zhftxdy,9,0.01147,26742,34.08665,78453
1177,zohebs341,9,0.01147,26751,34.09812,78453
1178,zycforgithub,9,0.01147,26760,34.10959,78453
1179,0verflowme,8,0.01020,26768,34.11979,78453
1180,2779382063,8,0.01020,26776,34.12999,78453
1181,359859461,8,0.01020,26784,34.14019,78453
1182,3V3RYONE,8,0.01020,26792,34.15038,78453
1183,ajames-branch,8,0.01020,26800,34.16058,78453
1184,alexbiehl,8,0.01020,26808,34.17078,78453
1185,algobot76,8,0.01020,26816,34.18097,78453
1186,alifelan,8,0.01020,26824,34.19117,78453
1187,alissa-tung,8,0.01020,26832,34.20137,78453
1188,alisson276,8,0.01020,26840,34.21157,78453
1189,Allen-Webb,8,0.01020,26848,34.22176,78453
1190,alongL,8,0.01020,26856,34.23196,78453
1191,andrewhood125,8,0.01020,26864,34.24216,78453
1192,Anthony-Bible,8,0.01020,26872,34.25235,78453
1193,asaini11,8,0.01020,26880,34.26255,78453
1194,Avimitin,8,0.01020,26888,34.27275,78453
1195,avish42,8,0.01020,26896,34.28295,78453
1196,awoodsprim,8,0.01020,26904,34.29314,78453
1197,b4rsch,8,0.01020,26912,34.30334,78453
1198,Benedikt1992,8,0.01020,26920,34.31354,78453
1199,ben-kotvis,8,0.01020,26928,34.32374,78453
1200,ben-natan,8,0.01020,26936,34.33393,78453
1201,berzaza27,8,0.01020,26944,34.34413,78453
1202,bondido,8,0.01020,26952,34.35433,78453
1203,boy461205160,8,0.01020,26960,34.36452,78453
1204,brbernardo,8,0.01020,26968,34.37472,78453
1205,brianehlert,8,0.01020,26976,34.38492,78453
1206,brickpattern,8,0.01020,26984,34.39512,78453
1207,cbanciu667,8,0.01020,26992,34.40531,78453
1208,chattytak,8,0.01020,27000,34.41551,78453
1209,ChengaDev,8,0.01020,27008,34.42571,78453
1210,cisco1115,8,0.01020,27016,34.43590,78453
1211,CodeGlitcher,8,0.01020,27024,34.44610,78453
1212,Cold-Elite,8,0.01020,27032,34.45630,78453
1213,Cowlord711,8,0.01020,27040,34.46650,78453
1214,crayzeigh,8,0.01020,27048,34.47669,78453
1215,crosas-3p,8,0.01020,27056,34.48689,78453
1216,Cryingmouse,8,0.01020,27064,34.49709,78453
1217,c-thiel,8,0.01020,27072,34.50728,78453
1218,cupnes,8,0.01020,27080,34.51748,78453
1219,cveilleux,8,0.01020,27088,34.52768,78453
1220,danibaeyens,8,0.01020,27096,34.53788,78453
1221,danielsamet,8,0.01020,27104,34.54807,78453
1222,danielvieiravega,8,0.01020,27112,34.55827,78453
1223,dargentieri,8,0.01020,27120,34.56847,78453
1224,Deepansharora27,8,0.01020,27128,34.57866,78453
1225,dfroberg,8,0.01020,27136,34.58886,78453
1226,Diliz,8,0.01020,27144,34.59906,78453
1227,dmallya,8,0.01020,27152,34.60926,78453
1228,doaspx,8,0.01020,27160,34.61945,78453
1229,elebioda,8,0.01020,27168,34.62965,78453
1230,ElvertMora,8,0.01020,27176,34.63985,78453
1231,emperinter,8,0.01020,27184,34.65005,78453
1232,esiperu-est,8,0.01020,27192,34.66024,78453
1233,evolution232634,8,0.01020,27200,34.67044,78453
1234,fatiiates,8,0.01020,27208,34.68064,78453
1235,FlorianLiebhart,8,0.01020,27216,34.69083,78453
1236,gaellm,8,0.01020,27224,34.70103,78453
1237,gautam-nutalapati,8,0.01020,27232,34.71123,78453
1238,Gearheads,8,0.01020,27240,34.72143,78453
1239,germondc,8,0.01020,27248,34.73162,78453
1240,Giom-fm,8,0.01020,27256,34.74182,78453
1241,grafra,8,0.01020,27264,34.75202,78453
1242,haobiaosheng,8,0.01020,27272,34.76221,78453
1243,hatati,8,0.01020,27280,34.77241,78453
1244,HenriWilliams,8,0.01020,27288,34.78261,78453
1245,HitkoDev,8,0.01020,27296,34.79281,78453
1246,homeant,8,0.01020,27304,34.80300,78453
1247,hsparmar1,8,0.01020,27312,34.81320,78453
1248,iamdinesh,8,0.01020,27320,34.82340,78453
1249,ids3,8,0.01020,27328,34.83359,78453
1250,ikatolkar,8,0.01020,27336,34.84379,78453
1251,Ileriayo,8,0.01020,27344,34.85399,78453
1252,Ironeie,8,0.01020,27352,34.86419,78453
1253,IshmeetMehta,8,0.01020,27360,34.87438,78453
1254,isibeni,8,0.01020,27368,34.88458,78453
1255,jainpratik163,8,0.01020,27376,34.89478,78453
1256,jambu,8,0.01020,27384,34.90497,78453
1257,Jaskerv,8,0.01020,27392,34.91517,78453
1258,jgershater,8,0.01020,27400,34.92537,78453
1259,jjharr,8,0.01020,27408,34.93557,78453
1260,joepvand,8,0.01020,27416,34.94576,78453
1261,johalun,8,0.01020,27424,34.95596,78453
1262,jonatas,8,0.01020,27432,34.96616,78453
1263,jonathanmetzman,8,0.01020,27440,34.97636,78453
1264,jpanda-cn,8,0.01020,27448,34.98655,78453
1265,jsanin,8,0.01020,27456,34.99675,78453
1266,jsoo1,8,0.01020,27464,35.00695,78453
1267,jtdoepke,8,0.01020,27472,35.01714,78453
1268,jvimal-eg,8,0.01020,27480,35.02734,78453
1269,k100956,8,0.01020,27488,35.03754,78453
1270,Kailop12,8,0.01020,27496,35.04774,78453
1271,kgpp34,8,0.01020,27504,35.05793,78453
1272,killzoner,8,0.01020,27512,35.06813,78453
1273,kim-codefresh,8,0.01020,27520,35.07833,78453
1274,KosrenDQ,8,0.01020,27528,35.08852,78453
1275,krisdiano,8,0.01020,27536,35.09872,78453
1276,leslie-tsang,8,0.01020,27544,35.10892,78453
1277,liuzhenLz,8,0.01020,27552,35.11912,78453
1278,ljflores,8,0.01020,27560,35.12931,78453
1279,llacoste,8,0.01020,27568,35.13951,78453
1280,Maaarcocr,8,0.01020,27576,35.14971,78453
1281,mahaisong,8,0.01020,27584,35.15990,78453
1282,Mani1325,8,0.01020,27592,35.17010,78453
1283,marcelamelara,8,0.01020,27600,35.18030,78453
1284,Markus-SWAG,8,0.01020,27608,35.19050,78453
1285,martin-g,8,0.01020,27616,35.20069,78453
1286,matglas,8,0.01020,27624,35.21089,78453
1287,mcbarzi,8,0.01020,27632,35.22109,78453
1288,Meza1923,8,0.01020,27640,35.23128,78453
1289,michael12312,8,0.01020,27648,35.24148,78453
1290,miklapko,8,0.01020,27656,35.25168,78453
1291,mohitruhaan,8,0.01020,27664,35.26188,78453
1292,morepork,8,0.01020,27672,35.27207,78453
1293,Mrzx0925,8,0.01020,27680,35.28227,78453
1294,nick-homex,8,0.01020,27688,35.29247,78453
1295,nickisonpar,8,0.01020,27696,35.30267,78453
1296,nicksdockeracct,8,0.01020,27704,35.31286,78453
1297,nicolasparada,8,0.01020,27712,35.32306,78453
1298,npnwdev,8,0.01020,27720,35.33326,78453
1299,omBratteng,8,0.01020,27728,35.34345,78453
1300,panchm,8,0.01020,27736,35.35365,78453
1301,PauliusB,8,0.01020,27744,35.36385,78453
1302,pbeschetnov,8,0.01020,27752,35.37405,78453
1303,phamngocthanhtrung,8,0.01020,27760,35.38424,78453
1304,pi-bit,8,0.01020,27768,35.39444,78453
1305,Piyush-Deshmukh,8,0.01020,27776,35.40464,78453
1306,pouriyajamshidi,8,0.01020,27784,35.41483,78453
1307,praveen-SRE,8,0.01020,27792,35.42503,78453
1308,purejgleason,8,0.01020,27800,35.43523,78453
1309,rabollin,8,0.01020,27808,35.44543,78453
1310,rahulait,8,0.01020,27816,35.45562,78453
1311,rdpravin1895,8,0.01020,27824,35.46582,78453
1312,redfave,8,0.01020,27832,35.47602,78453
1313,remidebette,8,0.01020,27840,35.48621,78453
1314,rendiputra,8,0.01020,27848,35.49641,78453
1315,renlord,8,0.01020,27856,35.50661,78453
1316,RicardoS840,8,0.01020,27864,35.51681,78453
1317,rmathagiarun,8,0.01020,27872,35.52700,78453
1318,rodrigo14miguel,8,0.01020,27880,35.53720,78453
1319,rohitranjan1991,8,0.01020,27888,35.54740,78453
1320,rollebolle,8,0.01020,27896,35.55759,78453
1321,rotarur,8,0.01020,27904,35.56779,78453
1322,ruidfigueiredo,8,0.01020,27912,35.57799,78453
1323,RunningIkkyu,8,0.01020,27920,35.58819,78453
1324,RunzhongHuang,8,0.01020,27928,35.59838,78453
1325,rzyns,8,0.01020,27936,35.60858,78453
1326,sahilrajput03,8,0.01020,27944,35.61878,78453
1327,sarasensible,8,0.01020,27952,35.62898,78453
1328,saurabhghumnar,8,0.01020,27960,35.63917,78453
1329,sblausten,8,0.01020,27968,35.64937,78453
1330,seralepo,8,0.01020,27976,35.65957,78453
1331,sergiibielskyi,8,0.01020,27984,35.66976,78453
1332,serlina,8,0.01020,27992,35.67996,78453
1333,seven-07-11,8,0.01020,28000,35.69016,78453
1334,shikingram,8,0.01020,28008,35.70036,78453
1335,shiyuhang0,8,0.01020,28016,35.71055,78453
1336,sid8489,8,0.01020,28024,35.72075,78453
1337,somnusfish,8,0.01020,28032,35.73095,78453
1338,sonro,8,0.01020,28040,35.74114,78453
1339,splmatto,8,0.01020,28048,35.75134,78453
1340,stelah1423,8,0.01020,28056,35.76154,78453
1341,stevewallone,8,0.01020,28064,35.77174,78453
1342,swgoldwood,8,0.01020,28072,35.78193,78453
1343,TalhaNaeem1,8,0.01020,28080,35.79213,78453
1344,tangoat2019,8,0.01020,28088,35.80233,78453
1345,tarikly,8,0.01020,28096,35.81252,78453
1346,tgckpg,8,0.01020,28104,35.82272,78453
1347,thakurchander,8,0.01020,28112,35.83292,78453
1348,thegleb,8,0.01020,28120,35.84312,78453
1349,tomas-stary,8,0.01020,28128,35.85331,78453
1350,Tony-The-Developer,8,0.01020,28136,35.86351,78453
1351,tranthang2404,8,0.01020,28144,35.87371,78453
1352,trudyq,8,0.01020,28152,35.88391,78453
1353,UrielCohen456,8,0.01020,28160,35.89410,78453
1354,vakalapa,8,0.01020,28168,35.90430,78453
1355,valanm22,8,0.01020,28176,35.91450,78453
1356,Vanlius,8,0.01020,28184,35.92469,78453
1357,vdellaglio,8,0.01020,28192,35.93489,78453
1358,venkatramanchandirasekaran,8,0.01020,28200,35.94509,78453
1359,vgjm,8,0.01020,28208,35.95529,78453
1360,walbers,8,0.01020,28216,35.96548,78453
1361,wang-mask,8,0.01020,28224,35.97568,78453
1362,wangshu3000,8,0.01020,28232,35.98588,78453
1363,WaylandWong,8,0.01020,28240,35.99607,78453
1364,wenjianqiao,8,0.01020,28248,36.00627,78453
1365,witsch,8,0.01020,28256,36.01647,78453
1366,WolfspiritM,8,0.01020,28264,36.02667,78453
1367,wondersumanth,8,0.01020,28272,36.03686,78453
1368,xiake468,8,0.01020,28280,36.04706,78453
1369,xiangtianyu,8,0.01020,28288,36.05726,78453
1370,xiao-jay,8,0.01020,28296,36.06745,78453
1371,xprt64,8,0.01020,28304,36.07765,78453
1372,xtaje,8,0.01020,28312,36.08785,78453
1373,yanllearnn,8,0.01020,28320,36.09805,78453
1374,yeicandoit,8,0.01020,28328,36.10824,78453
1375,y-gagar1n,8,0.01020,28336,36.11844,78453
1376,yogisec,8,0.01020,28344,36.12864,78453
1377,yoshwata,8,0.01020,28352,36.13883,78453
1378,Yxnt,8,0.01020,28360,36.14903,78453
1379,yyyoungha,8,0.01020,28368,36.15923,78453
1380,zestyland,8,0.01020,28376,36.16943,78453
1381,zhulaoliu,8,0.01020,28384,36.17962,78453
1382,Ziul,8,0.01020,28392,36.18982,78453
1383,zoe-packet,8,0.01020,28400,36.20002,78453
1384,0xc0000007b,7,0.00892,28407,36.20894,78453
1385,1299818,7,0.00892,28414,36.21786,78453
1386,243f6a8885a308d313198a2e037,7,0.00892,28421,36.22679,78453
1387,2like,7,0.00892,28428,36.23571,78453
1388,aastha01chauhan,7,0.00892,28435,36.24463,78453
1389,Abhra303,7,0.00892,28442,36.25355,78453
1390,acruise,7,0.00892,28449,36.26248,78453
1391,adhocmaster,7,0.00892,28456,36.27140,78453
1392,aitchjoe,7,0.00892,28463,36.28032,78453
1393,akshar-rafay,7,0.00892,28470,36.28924,78453
1394,alekspog,7,0.00892,28477,36.29817,78453
1395,alokpr,7,0.00892,28484,36.30709,78453
1396,alunsin,7,0.00892,28491,36.31601,78453
1397,aminvakil,7,0.00892,28498,36.32493,78453
1398,Anarkis,7,0.00892,28505,36.33386,78453
1399,andrewhu-hcl,7,0.00892,28512,36.34278,78453
1400,andys-hoodie,7,0.00892,28519,36.35170,78453
1401,ankitnmalhotra,7,0.00892,28526,36.36062,78453
1402,AreebAbdulGhani,7,0.00892,28533,36.36955,78453
1403,argl,7,0.00892,28540,36.37847,78453
1404,arielshaqed,7,0.00892,28547,36.38739,78453
1405,ArtBlnd,7,0.00892,28554,36.39631,78453
1406,Arthur-Befumo,7,0.00892,28561,36.40524,78453
1407,ashishmax31,7,0.00892,28568,36.41416,78453
1408,Automaat,7,0.00892,28575,36.42308,78453
1409,avinashdesireddy,7,0.00892,28582,36.43200,78453
1410,avivtur,7,0.00892,28589,36.44093,78453
1411,Balfa,7,0.00892,28596,36.44985,78453
1412,barend,7,0.00892,28603,36.45877,78453
1413,beeme1mr,7,0.00892,28610,36.46769,78453
1414,BenHesketh21,7,0.00892,28617,36.47662,78453
1415,benjaminwood,7,0.00892,28624,36.48554,78453
1416,bigmirc,7,0.00892,28631,36.49446,78453
1417,blackheaven,7,0.00892,28638,36.50338,78453
1418,blottn,7,0.00892,28645,36.51231,78453
1419,blueboxes,7,0.00892,28652,36.52123,78453
1420,BornChanger,7,0.00892,28659,36.53015,78453
1421,bryan-styra,7,0.00892,28666,36.53907,78453
1422,CameronHall,7,0.00892,28673,36.54800,78453
1423,careless6666,7,0.00892,28680,36.55692,78453
1424,CarlosNano,7,0.00892,28687,36.56584,78453
1425,carlotas19,7,0.00892,28694,36.57476,78453
1426,ccaillet1974,7,0.00892,28701,36.58369,78453
1427,cdkgenie,7,0.00892,28708,36.59261,78453
1428,cglong,7,0.00892,28715,36.60153,78453
1429,cgperalt-harness,7,0.00892,28722,36.61045,78453
1430,chandan9778,7,0.00892,28729,36.61938,78453
1431,chchrist,7,0.00892,28736,36.62830,78453
1432,chenFe-1,7,0.00892,28743,36.63722,78453
1433,chrispsplash,7,0.00892,28750,36.64614,78453
1434,CMcCudden,7,0.00892,28757,36.65507,78453
1435,coawlion,7,0.00892,28764,36.66399,78453
1436,codelhh,7,0.00892,28771,36.67291,78453
1437,ComaX21,7,0.00892,28778,36.68183,78453
1438,cucker0,7,0.00892,28785,36.69076,78453
1439,CWL-1688,7,0.00892,28792,36.69968,78453
1440,darkvertex,7,0.00892,28799,36.70860,78453
1441,Dave-Dush,7,0.00892,28806,36.71753,78453
1442,dbravovmw,7,0.00892,28813,36.72645,78453
1443,dchenhe,7,0.00892,28820,36.73537,78453
1444,ddellarocca,7,0.00892,28827,36.74429,78453
1445,ddobbinsweb,7,0.00892,28834,36.75322,78453
1446,DeanPDX,7,0.00892,28841,36.76214,78453
1447,deep1512,7,0.00892,28848,36.77106,78453
1448,Deepakktripathy,7,0.00892,28855,36.77998,78453
1449,dgradecak,7,0.00892,28862,36.78891,78453
1450,dhadukk,7,0.00892,28869,36.79783,78453
1451,divick,7,0.00892,28876,36.80675,78453
1452,dlouvier,7,0.00892,28883,36.81567,78453
1453,dmartin35,7,0.00892,28890,36.82460,78453
1454,don4of4,7,0.00892,28897,36.83352,78453
1455,doppleware,7,0.00892,28904,36.84244,78453
1456,dsogari,7,0.00892,28911,36.85136,78453
1457,Dudoleitor,7,0.00892,28918,36.86029,78453
1458,Dutchy-,7,0.00892,28925,36.86921,78453
1459,dwrob-amazon,7,0.00892,28932,36.87813,78453
1460,EdmundsEcho,7,0.00892,28939,36.88705,78453
1461,edwmurph,7,0.00892,28946,36.89598,78453
1462,egimbernat,7,0.00892,28953,36.90490,78453
1463,ermaugustinas,7,0.00892,28960,36.91382,78453
1464,evhfla,7,0.00892,28967,36.92274,78453
1465,faweizhao26,7,0.00892,28974,36.93167,78453
1466,felipesere,7,0.00892,28981,36.94059,78453
1467,fengqi2019,7,0.00892,28988,36.94951,78453
1468,finalha,7,0.00892,28995,36.95843,78453
1469,flyme001,7,0.00892,29002,36.96736,78453
1470,francoispqt,7,0.00892,29009,36.97628,78453
1471,freemankevin,7,0.00892,29016,36.98520,78453
1472,frimuchkov,7,0.00892,29023,36.99412,78453
1473,Fs00,7,0.00892,29030,37.00305,78453
1474,gaetancollaud,7,0.00892,29037,37.01197,78453
1475,gaganso,7,0.00892,29044,37.02089,78453
1476,GermaVinsmoke,7,0.00892,29051,37.02981,78453
1477,GitHub-Yann,7,0.00892,29058,37.03874,78453
1478,glycerin-ce,7,0.00892,29065,37.04766,78453
1479,goodoldneon,7,0.00892,29072,37.05658,78453
1480,gouravjoshicldcvr,7,0.00892,29079,37.06550,78453
1481,gp187,7,0.00892,29086,37.07443,78453
1482,groenator,7,0.00892,29093,37.08335,78453
1483,gurpartb,7,0.00892,29100,37.09227,78453
1484,guymenahem,7,0.00892,29107,37.10119,78453
1485,gwiersma,7,0.00892,29114,37.11012,78453
1486,Gyorgy-Hrabovszki,7,0.00892,29121,37.11904,78453
1487,Harisyam,7,0.00892,29128,37.12796,78453
1488,harshitasao,7,0.00892,29135,37.13688,78453
1489,heibaijian,7,0.00892,29142,37.14581,78453
1490,hengyu-coder,7,0.00892,29149,37.15473,78453
1491,huuzing,7,0.00892,29156,37.16365,78453
1492,hyacin75,7,0.00892,29163,37.17257,78453
1493,i-am-shodan,7,0.00892,29170,37.18150,78453
1494,inamdarm,7,0.00892,29177,37.19042,78453
1495,Jack-256,7,0.00892,29184,37.19934,78453
1496,JanelieWang,7,0.00892,29191,37.20826,78453
1497,jaredliw,7,0.00892,29198,37.21719,78453
1498,jemand771,7,0.00892,29205,37.22611,78453
1499,jesse1478,7,0.00892,29212,37.23503,78453
1500,jiashuChen,7,0.00892,29219,37.24395,78453
1501,jimmypresto,7,0.00892,29226,37.25288,78453
1502,jjz921024,7,0.00892,29233,37.26180,78453
1503,JNat,7,0.00892,29240,37.27072,78453
1504,johnnyoshika,7,0.00892,29247,37.27965,78453
1505,jprinet,7,0.00892,29254,37.28857,78453
1506,jsmolina,7,0.00892,29261,37.29749,78453
1507,justin-obn,7,0.00892,29268,37.30641,78453
1508,justlucknb,7,0.00892,29275,37.31534,78453
1509,jweite-amazon,7,0.00892,29282,37.32426,78453
1510,katainaka0503,7,0.00892,29289,37.33318,78453
1511,keepsimple1,7,0.00892,29296,37.34210,78453
1512,Keimille,7,0.00892,29303,37.35103,78453
1513,kenrobbins,7,0.00892,29310,37.35995,78453
1514,kimcagayat,7,0.00892,29317,37.36887,78453
1515,kirankumar26,7,0.00892,29324,37.37779,78453
1516,kk0n,7,0.00892,29331,37.38672,78453
1517,knutejoh,7,0.00892,29338,37.39564,78453
1518,konrad-kaminski,7,0.00892,29345,37.40456,78453
1519,koushikmgithub,7,0.00892,29352,37.41348,78453
1520,krishan-Rai,7,0.00892,29359,37.42241,78453
1521,Krishna-Vishwakarma,7,0.00892,29366,37.43133,78453
1522,ku524,7,0.00892,29373,37.44025,78453
1523,lcbcFoo,7,0.00892,29380,37.44917,78453
1524,leonardBang,7,0.00892,29387,37.45810,78453
1525,leska-j,7,0.00892,29394,37.46702,78453
1526,linus365,7,0.00892,29401,37.47594,78453
1527,LivingInSyn,7,0.00892,29408,37.48486,78453
1528,lokichoggio,7,0.00892,29415,37.49379,78453
1529,lvyanru8200,7,0.00892,29422,37.50271,78453
1530,manachyn,7,0.00892,29429,37.51163,78453
1531,Maraket,7,0.00892,29436,37.52055,78453
1532,margueritepd,7,0.00892,29443,37.52948,78453
1533,marlonmg09,7,0.00892,29450,37.53840,78453
1534,marvinliu,7,0.00892,29457,37.54732,78453
1535,matteoga,7,0.00892,29464,37.55624,78453
1536,maxknee,7,0.00892,29471,37.56517,78453
1537,mayank-reynencourt,7,0.00892,29478,37.57409,78453
1538,mbakish,7,0.00892,29485,37.58301,78453
1539,mehmetmalli,7,0.00892,29492,37.59193,78453
1540,mehmetyazicioglu,7,0.00892,29499,37.60086,78453
1541,mehmood8,7,0.00892,29506,37.60978,78453
1542,mgebundy,7,0.00892,29513,37.61870,78453
1543,mgugino-uipath,7,0.00892,29520,37.62762,78453
1544,michaelraskansky,7,0.00892,29527,37.63655,78453
1545,MingkeVan,7,0.00892,29534,37.64547,78453
1546,minopolous,7,0.00892,29541,37.65439,78453
1547,mmoyerfigma,7,0.00892,29548,37.66331,78453
1548,mosajjal,7,0.00892,29555,37.67224,78453
1549,moule3053,7,0.00892,29562,37.68116,78453
1550,mpmaia,7,0.00892,29569,37.69008,78453
1551,mryave,7,0.00892,29576,37.69900,78453
1552,msciabarra,7,0.00892,29583,37.70793,78453
1553,muhittink,7,0.00892,29590,37.71685,78453
1554,mutgia,7,0.00892,29597,37.72577,78453
1555,mvgmb,7,0.00892,29604,37.73469,78453
1556,mydreamer4134,7,0.00892,29611,37.74362,78453
1557,naijith,7,0.00892,29618,37.75254,78453
1558,Narayan-dasari,7,0.00892,29625,37.76146,78453
1559,nashford77,7,0.00892,29632,37.77038,78453
1560,Nedved-liao,7,0.00892,29639,37.77931,78453
1561,netic-jsj,7,0.00892,29646,37.78823,78453
1562,neuwerld2,7,0.00892,29653,37.79715,78453
1563,newwuhan5,7,0.00892,29660,37.80607,78453
1564,nexcode,7,0.00892,29667,37.81500,78453
1565,nicjohnson145,7,0.00892,29674,37.82392,78453
1566,NiniiGit,7,0.00892,29681,37.83284,78453
1567,nivimorbgp,7,0.00892,29688,37.84177,78453
1568,NormandoHall,7,0.00892,29695,37.85069,78453
1569,NourhanKhaled,7,0.00892,29702,37.85961,78453
1570,oboudry,7,0.00892,29709,37.86853,78453
1571,olahouze,7,0.00892,29716,37.87746,78453
1572,onimsha,7,0.00892,29723,37.88638,78453
1573,oparaskos,7,0.00892,29730,37.89530,78453
1574,OP-Kobayashi,7,0.00892,29737,37.90422,78453
1575,orhanasan,7,0.00892,29744,37.91315,78453
1576,ORKO06,7,0.00892,29751,37.92207,78453
1577,osipovdaniil,7,0.00892,29758,37.93099,78453
1578,ox7a59,7,0.00892,29765,37.93991,78453
1579,parksj10,7,0.00892,29772,37.94884,78453
1580,parulagg-1199,7,0.00892,29779,37.95776,78453
1581,pavansokkenagaraj,7,0.00892,29786,37.96668,78453
1582,Perhurb,7,0.00892,29793,37.97560,78453
1583,phlawski,7,0.00892,29800,37.98453,78453
1584,polskomleko,7,0.00892,29807,37.99345,78453
1585,qJkee,7,0.00892,29814,38.00237,78453
1586,qskwood,7,0.00892,29821,38.01129,78453
1587,rameshmishra777,7,0.00892,29828,38.02022,78453
1588,randomthingsandstuff,7,0.00892,29835,38.02914,78453
1589,raphael1021,7,0.00892,29842,38.03806,78453
1590,redox72,7,0.00892,29849,38.04698,78453
1591,regadas,7,0.00892,29856,38.05591,78453
1592,repudi8or,7,0.00892,29863,38.06483,78453
1593,R-Lam,7,0.00892,29870,38.07375,78453
1594,R-Lamberson,7,0.00892,29877,38.08267,78453
1595,rlipscombe,7,0.00892,29884,38.09160,78453
1596,RonMallory,7,0.00892,29891,38.10052,78453
1597,rosik,7,0.00892,29898,38.10944,78453
1598,rvanoo,7,0.00892,29905,38.11836,78453
1599,ryanmrodriguez,7,0.00892,29912,38.12729,78453
1600,SaarthakMaini,7,0.00892,29919,38.13621,78453
1601,SahityaGupta25,7,0.00892,29926,38.14513,78453
1602,sakulka,7,0.00892,29933,38.15405,78453
1603,sarahhuber001,7,0.00892,29940,38.16298,78453
1604,sergey-telpuk,7,0.00892,29947,38.17190,78453
1605,shao77622,7,0.00892,29954,38.18082,78453
1606,shippomx,7,0.00892,29961,38.18974,78453
1607,shixuyue,7,0.00892,29968,38.19867,78453
1608,siaimes,7,0.00892,29975,38.20759,78453
1609,SilencerWeb,7,0.00892,29982,38.21651,78453
1610,simaoribeiro,7,0.00892,29989,38.22543,78453
1611,SindhuraGowri,7,0.00892,29996,38.23436,78453
1612,sirredbeard,7,0.00892,30003,38.24328,78453
1613,situ2001,7,0.00892,30010,38.25220,78453
1614,skmkzyk,7,0.00892,30017,38.26112,78453
1615,slahirucd7,7,0.00892,30024,38.27005,78453
1616,soonping-amzn,7,0.00892,30031,38.27897,78453
1617,stevenlii,7,0.00892,30038,38.28789,78453
1618,superff,7,0.00892,30045,38.29681,78453
1619,SvenScheurer,7,0.00892,30052,38.30574,78453
1620,Syntactical01,7,0.00892,30059,38.31466,78453
1621,talboren,7,0.00892,30066,38.32358,78453
1622,tamarabarbosa,7,0.00892,30073,38.33250,78453
1623,tchanos,7,0.00892,30080,38.34143,78453
1624,teiclap,7,0.00892,30087,38.35035,78453
1625,tfountain,7,0.00892,30094,38.35927,78453
1626,ThatDeveloper,7,0.00892,30101,38.36819,78453
1627,theseanodell,7,0.00892,30108,38.37712,78453
1628,thomas-tribus,7,0.00892,30115,38.38604,78453
1629,Thxzzzzz,7,0.00892,30122,38.39496,78453
1630,TimSin,7,0.00892,30129,38.40389,78453
1631,tkaesserfm,7,0.00892,30136,38.41281,78453
1632,tmsxk,7,0.00892,30143,38.42173,78453
1633,tomk9,7,0.00892,30150,38.43065,78453
1634,toplordsaito,7,0.00892,30157,38.43958,78453
1635,turjachaudhuri,7,0.00892,30164,38.44850,78453
1636,tyriis,7,0.00892,30171,38.45742,78453
1637,univerio,7,0.00892,30178,38.46634,78453
1638,UOS-liang,7,0.00892,30185,38.47527,78453
1639,vagnerguedes,7,0.00892,30192,38.48419,78453
1640,vaniot-s,7,0.00892,30199,38.49311,78453
1641,Venkat1188,7,0.00892,30206,38.50203,78453
1642,Venkatamrudula,7,0.00892,30213,38.51096,78453
1643,vibgreon,7,0.00892,30220,38.51988,78453
1644,viktorbahr,7,0.00892,30227,38.52880,78453
1645,vinitmasaun,7,0.00892,30234,38.53772,78453
1646,Vinson-Ben,7,0.00892,30241,38.54665,78453
1647,viscropst,7,0.00892,30248,38.55557,78453
1648,viveknuna,7,0.00892,30255,38.56449,78453
1649,waheedshahani,7,0.00892,30262,38.57341,78453
1650,Wang0310,7,0.00892,30269,38.58234,78453
1651,wenderson-ferreira,7,0.00892,30276,38.59126,78453
1652,wirespecter,7,0.00892,30283,38.60018,78453
1653,wkhno,7,0.00892,30290,38.60910,78453
1654,wu3396,7,0.00892,30297,38.61803,78453
1655,xieyi888,7,0.00892,30304,38.62695,78453
1656,xuchen-xiaoying,7,0.00892,30311,38.63587,78453
1657,xzycn,7,0.00892,30318,38.64479,78453
1658,yanivreblaze,7,0.00892,30325,38.65372,78453
1659,yimipeng,7,0.00892,30332,38.66264,78453
1660,Yl4682B4,7,0.00892,30339,38.67156,78453
1661,yorelog,7,0.00892,30346,38.68048,78453
1662,YouveGotMeowxy,7,0.00892,30353,38.68941,78453
1663,yym506,7,0.00892,30360,38.69833,78453
1664,Zane-XY,7,0.00892,30367,38.70725,78453
1665,ZeusPerez,7,0.00892,30374,38.71617,78453
1666,zguolee,7,0.00892,30381,38.72510,78453
1667,zhangtong007,7,0.00892,30388,38.73402,78453
1668,zhiying-lin,7,0.00892,30395,38.74294,78453
1669,zhujiaxin,7,0.00892,30402,38.75186,78453
1670,191240017ht,6,0.00765,30408,38.75951,78453
1671,519859716,6,0.00765,30414,38.76716,78453
1672,64J0,6,0.00765,30420,38.77481,78453
1673,aaresh-sharma,6,0.00765,30426,38.78246,78453
1674,aaronrenner,6,0.00765,30432,38.79010,78453
1675,abhinav-g-goyal,6,0.00765,30438,38.79775,78453
1676,abishai,6,0.00765,30444,38.80540,78453
1677,abousias,6,0.00765,30450,38.81305,78453
1678,achede22,6,0.00765,30456,38.82070,78453
1679,AdarshdeepCheema,6,0.00765,30462,38.82834,78453
1680,adityaborgaonkar,6,0.00765,30468,38.83599,78453
1681,AH2000141,6,0.00765,30474,38.84364,78453
1682,aidewn,6,0.00765,30480,38.85129,78453
1683,alan-ma,6,0.00765,30486,38.85893,78453
1684,alberk8,6,0.00765,30492,38.86658,78453
1685,AlbertZhangHIT,6,0.00765,30498,38.87423,78453
1686,albgus,6,0.00765,30504,38.88188,78453
1687,AlonMiz,6,0.00765,30510,38.88953,78453
1688,amankhunt,6,0.00765,30516,38.89717,78453
1689,AmarendraSingh88,6,0.00765,30522,38.90482,78453
1690,amckinney,6,0.00765,30528,38.91247,78453
1691,andriihrachov,6,0.00765,30534,38.92012,78453
1692,ankitapandey1106,6,0.00765,30540,38.92777,78453
1693,antgamdia,6,0.00765,30546,38.93541,78453
1694,anton-danielsson,6,0.00765,30552,38.94306,78453
1695,anwbtom,6,0.00765,30558,38.95071,78453
1696,anya-sverdlova,6,0.00765,30564,38.95836,78453
1697,apj0nes,6,0.00765,30570,38.96601,78453
1698,arezk84,6,0.00765,30576,38.97365,78453
1699,arukiidou,6,0.00765,30582,38.98130,78453
1700,asalbers,6,0.00765,30588,38.98895,78453
1701,ashdubeyaz,6,0.00765,30594,38.99660,78453
1702,a-simeshin,6,0.00765,30600,39.00424,78453
1703,atharvkarajgi,6,0.00765,30606,39.01189,78453
1704,Atif0604,6,0.00765,30612,39.01954,78453
1705,austin-garrard,6,0.00765,30618,39.02719,78453
1706,AustinWentz,6,0.00765,30624,39.03484,78453
1707,awall,6,0.00765,30630,39.04248,78453
1708,awsitcloudpro,6,0.00765,30636,39.05013,78453
1709,AzSiAz,6,0.00765,30642,39.05778,78453
1710,Baliedge,6,0.00765,30648,39.06543,78453
1711,beamer159,6,0.00765,30654,39.07308,78453
1712,belanasaikiran,6,0.00765,30660,39.08072,78453
1713,benn0r,6,0.00765,30666,39.08837,78453
1714,better629,6,0.00765,30672,39.09602,78453
1715,bharathiram,6,0.00765,30678,39.10367,78453
1716,bharathnoddy,6,0.00765,30684,39.11132,78453
1717,bigfleet,6,0.00765,30690,39.11896,78453
1718,biswajit-nanda,6,0.00765,30696,39.12661,78453
1719,blue928,6,0.00765,30702,39.13426,78453
1720,boris-ilijic,6,0.00765,30708,39.14191,78453
1721,brandonJY,6,0.00765,30714,39.14955,78453
1722,brunomartinspro,6,0.00765,30720,39.15720,78453
1723,brunopenso,6,0.00765,30726,39.16485,78453
1724,bzakhar,6,0.00765,30732,39.17250,78453
1725,c0c0n3,6,0.00765,30738,39.18015,78453
1726,caoheyang,6,0.00765,30744,39.18779,78453
1727,cbjjensen,6,0.00765,30750,39.19544,78453
1728,cdivita,6,0.00765,30756,39.20309,78453
1729,cgammans,6,0.00765,30762,39.21074,78453
1730,CharlesCheung96,6,0.00765,30768,39.21839,78453
1731,Chenhait,6,0.00765,30774,39.22603,78453
1732,chenhuazhong,6,0.00765,30780,39.23368,78453
1733,chen-keinan,6,0.00765,30786,39.24133,78453
1734,ChezCrawford,6,0.00765,30792,39.24898,78453
1735,chrisshino,6,0.00765,30798,39.25662,78453
1736,Cinorid,6,0.00765,30804,39.26427,78453
1737,codebutler,6,0.00765,30810,39.27192,78453
1738,collinvandyck,6,0.00765,30816,39.27957,78453
1739,cortex3,6,0.00765,30822,39.28722,78453
1740,cppwfs,6,0.00765,30828,39.29486,78453
1741,cr0ax,6,0.00765,30834,39.30251,78453
1742,crdnl,6,0.00765,30840,39.31016,78453
1743,crisboarna,6,0.00765,30846,39.31781,78453
1744,CrossingTheRiverPeole,6,0.00765,30852,39.32546,78453
1745,cruzanstx,6,0.00765,30858,39.33310,78453
1746,d7volker,6,0.00765,30864,39.34075,78453
1747,da-head0,6,0.00765,30870,39.34840,78453
1748,daogilvie,6,0.00765,30876,39.35605,78453
1749,DARKBOW923,6,0.00765,30882,39.36370,78453
1750,datuxing,6,0.00765,30888,39.37134,78453
1751,davshafik,6,0.00765,30894,39.37899,78453
1752,dblviking,6,0.00765,30900,39.38664,78453
1753,delusko22,6,0.00765,30906,39.39429,78453
1754,deoraanmol,6,0.00765,30912,39.40193,78453
1755,derekedmondflutter,6,0.00765,30918,39.40958,78453
1756,devadapter,6,0.00765,30924,39.41723,78453
1757,devonochmand,6,0.00765,30930,39.42488,78453
1758,dewjam,6,0.00765,30936,39.43253,78453
1759,dgsdoug,6,0.00765,30942,39.44017,78453
1760,Dice21,6,0.00765,30948,39.44782,78453
1761,dishantsethi,6,0.00765,30954,39.45547,78453
1762,dixitsatyam,6,0.00765,30960,39.46312,78453
1763,dlee-rt,6,0.00765,30966,39.47077,78453
1764,dlh,6,0.00765,30972,39.47841,78453
1765,dmcguire81,6,0.00765,30978,39.48606,78453
1766,donalhunt,6,0.00765,30984,39.49371,78453
1767,dsouzai,6,0.00765,30990,39.50136,78453
1768,dturton,6,0.00765,30996,39.50901,78453
1769,duncan485,6,0.00765,31002,39.51665,78453
1770,Dwisf,6,0.00765,31008,39.52430,78453
1771,e11jah,6,0.00765,31014,39.53195,78453
1772,Encounter77,6,0.00765,31020,39.53960,78453
1773,enricforn,6,0.00765,31026,39.54724,78453
1774,errge,6,0.00765,31032,39.55489,78453
1775,Eslam-mohammed-anwar,6,0.00765,31038,39.56254,78453
1776,ES-Yukun,6,0.00765,31044,39.57019,78453
1777,f18m,6,0.00765,31050,39.57784,78453
1778,faenschi,6,0.00765,31056,39.58548,78453
1779,fardarter,6,0.00765,31062,39.59313,78453
1780,Fareroo7,6,0.00765,31068,39.60078,78453
1781,fazer1929,6,0.00765,31074,39.60843,78453
1782,felix-seifert,6,0.00765,31080,39.61608,78453
1783,FerFlovi,6,0.00765,31086,39.62372,78453
1784,fhp-kkuphal,6,0.00765,31092,39.63137,78453
1785,FloydJohn,6,0.00765,31098,39.63902,78453
1786,fty4,6,0.00765,31104,39.64667,78453
1787,fuele,6,0.00765,31110,39.65432,78453
1788,fzy-Line,6,0.00765,31116,39.66196,78453
1789,Gathin23,6,0.00765,31122,39.66961,78453
1790,gelleson,6,0.00765,31128,39.67726,78453
1791,gitbluf,6,0.00765,31134,39.68491,78453
1792,git-it127,6,0.00765,31140,39.69255,78453
1793,gpsward,6,0.00765,31146,39.70020,78453
1794,gquillar,6,0.00765,31152,39.70785,78453
1795,Grace-1024,6,0.00765,31158,39.71550,78453
1796,gregorytalita,6,0.00765,31164,39.72315,78453
1797,g-sartori,6,0.00765,31170,39.73079,78453
1798,GuoYingLong,6,0.00765,31176,39.73844,78453
1799,Gu-Yin,6,0.00765,31182,39.74609,78453
1800,guyingyan,6,0.00765,31188,39.75374,78453
1801,haiyux,6,0.00765,31194,39.76139,78453
1802,halfrost,6,0.00765,31200,39.76903,78453
1803,harshal1605,6,0.00765,31206,39.77668,78453
1804,helenapoleri,6,0.00765,31212,39.78433,78453
1805,helsaawy,6,0.00765,31218,39.79198,78453
1806,henrikrexed,6,0.00765,31224,39.79963,78453
1807,hiteshp39,6,0.00765,31230,39.80727,78453
1808,hmi12,6,0.00765,31236,39.81492,78453
1809,hundredbag,6,0.00765,31242,39.82257,78453
1810,huyuanjing,6,0.00765,31248,39.83022,78453
1811,hwjiangkai,6,0.00765,31254,39.83786,78453
1812,H-W-WXL,6,0.00765,31260,39.84551,78453
1813,iahuohz,6,0.00765,31266,39.85316,78453
1814,iamkryptonite,6,0.00765,31272,39.86081,78453
1815,iammnils,6,0.00765,31278,39.86846,78453
1816,ikhan-tc,6,0.00765,31284,39.87610,78453
1817,ileixe,6,0.00765,31290,39.88375,78453
1818,ilmal,6,0.00765,31296,39.89140,78453
1819,ilpozzd,6,0.00765,31302,39.89905,78453
1820,imageschool,6,0.00765,31308,39.90670,78453
1821,inirudebwoy,6,0.00765,31314,39.91434,78453
1822,Inorysky,6,0.00765,31320,39.92199,78453
1823,iompo,6,0.00765,31326,39.92964,78453
1824,ivanhoe,6,0.00765,31332,39.93729,78453
1825,ivgenis,6,0.00765,31338,39.94494,78453
1826,jademcosta,6,0.00765,31344,39.95258,78453
1827,Jagman13,6,0.00765,31350,39.96023,78453
1828,james-o-johnstone,6,0.00765,31356,39.96788,78453
1829,JankyGaming,6,0.00765,31362,39.97553,78453
1830,janosmiko,6,0.00765,31368,39.98317,78453
1831,jdiegosierra,6,0.00765,31374,39.99082,78453
1832,jek-bao-choo,6,0.00765,31380,39.99847,78453
1833,jeremyspykerman,6,0.00765,31386,40.00612,78453
1834,jeszii,6,0.00765,31392,40.01377,78453
1835,jgbernalp,6,0.00765,31398,40.02141,78453
1836,JH7,6,0.00765,31404,40.02906,78453
1837,jhnine,6,0.00765,31410,40.03671,78453
1838,jiangfenghua123,6,0.00765,31416,40.04436,78453
1839,jino-mariath,6,0.00765,31422,40.05201,78453
1840,jinrongluo,6,0.00765,31428,40.05965,78453
1841,jjyao,6,0.00765,31434,40.06730,78453
1842,joaoubaldo,6,0.00765,31440,40.07495,78453
1843,JoeKuan,6,0.00765,31446,40.08260,78453
1844,jordaniac89,6,0.00765,31452,40.09025,78453
1845,js-johnpope,6,0.00765,31458,40.09789,78453
1846,juliays,6,0.00765,31464,40.10554,78453
1847,jul-sh,6,0.00765,31470,40.11319,78453
1848,jwerre,6,0.00765,31476,40.12084,78453
1849,kaizencc,6,0.00765,31482,40.12848,78453
1850,Karol-Szlachta-DM,6,0.00765,31488,40.13613,78453
1851,kawaljeet99,6,0.00765,31494,40.14378,78453
1852,kayamaty,6,0.00765,31500,40.15143,78453
1853,kenankule,6,0.00765,31506,40.15908,78453
1854,kmotupalli-tc,6,0.00765,31512,40.16672,78453
1855,kromanow94,6,0.00765,31518,40.17437,78453
1856,ksch84,6,0.00765,31524,40.18202,78453
1857,ksekharben,6,0.00765,31530,40.18967,78453
1858,KushalP,6,0.00765,31536,40.19732,78453
1859,lannyyip,6,0.00765,31542,40.20496,78453
1860,lbernick,6,0.00765,31548,40.21261,78453
1861,lclpedro,6,0.00765,31554,40.22026,78453
1862,ldsenow,6,0.00765,31560,40.22791,78453
1863,legendsnow,6,0.00765,31566,40.23556,78453
1864,Lemmah,6,0.00765,31572,40.24320,78453
1865,LetLifeStop,6,0.00765,31578,40.25085,78453
1866,LGinC,6,0.00765,31584,40.25850,78453
1867,limhawjia,6,0.00765,31590,40.26615,78453
1868,liurupeng,6,0.00765,31596,40.27379,78453
1869,Livius90,6,0.00765,31602,40.28144,78453
1870,lkral-navmatix,6,0.00765,31608,40.28909,78453
1871,LRaito,6,0.00765,31614,40.29674,78453
1872,lrewega,6,0.00765,31620,40.30439,78453
1873,lucian-vanghele,6,0.00765,31626,40.31203,78453
1874,lukiano,6,0.00765,31632,40.31968,78453
1875,lzhanghe,6,0.00765,31638,40.32733,78453
1876,MacFlurry,6,0.00765,31644,40.33498,78453
1877,marijus-ravickas,6,0.00765,31650,40.34263,78453
1878,markfickett,6,0.00765,31656,40.35027,78453
1879,markretallack,6,0.00765,31662,40.35792,78453
1880,martinxluptak,6,0.00765,31668,40.36557,78453
1881,masonkmeyer,6,0.00765,31674,40.37322,78453
1882,mateinavidad,6,0.00765,31680,40.38086,78453
1883,mathlsj,6,0.00765,31686,40.38851,78453
1884,Matt9993,6,0.00765,31692,40.39616,78453
1885,matthiasfehr,6,0.00765,31698,40.40381,78453
1886,maxwellxxx,6,0.00765,31704,40.41146,78453
1887,MazenElzanaty,6,0.00765,31710,40.41910,78453
1888,mBouamama,6,0.00765,31716,40.42675,78453
1889,medicharlachiranjeevi,6,0.00765,31722,40.43440,78453
1890,MichaelLan,6,0.00765,31728,40.44205,78453
1891,MKrupauskas,6,0.00765,31734,40.44970,78453
1892,msorens,6,0.00765,31740,40.45734,78453
1893,muicoder,6,0.00765,31746,40.46499,78453
1894,mukeshkwm,6,0.00765,31752,40.47264,78453
1895,murech,6,0.00765,31758,40.48029,78453
1896,murrayh,6,0.00765,31764,40.48794,78453
1897,Naganathan,6,0.00765,31770,40.49558,78453
1898,namnp081296,6,0.00765,31776,40.50323,78453
1899,naufalafif,6,0.00765,31782,40.51088,78453
1900,neilclark-bgn,6,0.00765,31788,40.51853,78453
1901,neiser,6,0.00765,31794,40.52617,78453
1902,nelzkiddom,6,0.00765,31800,40.53382,78453
1903,Nickomang,6,0.00765,31806,40.54147,78453
1904,nicolaasuni,6,0.00765,31812,40.54912,78453
1905,NiharDudam,6,0.00765,31818,40.55677,78453
1906,nikolaishields,6,0.00765,31824,40.56441,78453
1907,nine01223,6,0.00765,31830,40.57206,78453
1908,nish2312,6,0.00765,31836,40.57971,78453
1909,niuzhi,6,0.00765,31842,40.58736,78453
1910,NIXKnight,6,0.00765,31848,40.59501,78453
1911,nkov,6,0.00765,31854,40.60265,78453
1912,nofearOnline,6,0.00765,31860,40.61030,78453
1913,nomorer,6,0.00765,31866,40.61795,78453
1914,nrhodes91,6,0.00765,31872,40.62560,78453
1915,nwtgck,6,0.00765,31878,40.63325,78453
1916,NYBACHOK,6,0.00765,31884,40.64089,78453
1917,ochauhan,6,0.00765,31890,40.64854,78453
1918,odinnordico,6,0.00765,31896,40.65619,78453
1919,oliora,6,0.00765,31902,40.66384,78453
1920,padupe,6,0.00765,31908,40.67148,78453
1921,pallasite99,6,0.00765,31914,40.67913,78453
1922,pasicopan,6,0.00765,31920,40.68678,78453
1923,pasokan-ddn,6,0.00765,31926,40.69443,78453
1924,paulbarfuss,6,0.00765,31932,40.70208,78453
1925,pauloprestes,6,0.00765,31938,40.70972,78453
1926,paulovmr,6,0.00765,31944,40.71737,78453
1927,pengliangyou,6,0.00765,31950,40.72502,78453
1928,phealy,6,0.00765,31956,40.73267,78453
1929,phifre,6,0.00765,31962,40.74032,78453
1930,phongvu0403,6,0.00765,31968,40.74796,78453
1931,picarro-msimpson,6,0.00765,31974,40.75561,78453
1932,PinkFloydVN,6,0.00765,31980,40.76326,78453
1933,pipocadr,6,0.00765,31986,40.77091,78453
1934,Pluggi,6,0.00765,31992,40.77856,78453
1935,pmotyka,6,0.00765,31998,40.78620,78453
1936,PoweredByWill,6,0.00765,32004,40.79385,78453
1937,ppenzo,6,0.00765,32010,40.80150,78453
1938,praveen5kgit,6,0.00765,32016,40.80915,78453
1939,pthornton,6,0.00765,32022,40.81679,78453
1940,purin0604,6,0.00765,32028,40.82444,78453
1941,qinzhiben11,6,0.00765,32034,40.83209,78453
1942,railwaycat,6,0.00765,32040,40.83974,78453
1943,rainwolf01,6,0.00765,32046,40.84739,78453
1944,RakeshPotnuru,6,0.00765,32052,40.85503,78453
1945,RangaSamudrala,6,0.00765,32058,40.86268,78453
1946,ReadyPlayerEmma,6,0.00765,32064,40.87033,78453
1947,renlei-ibm,6,0.00765,32070,40.87798,78453
1948,rhlarora84,6,0.00765,32076,40.88563,78453
1949,RicardormDev,6,0.00765,32082,40.89327,78453
1950,rjalander,6,0.00765,32088,40.90092,78453
1951,rlaflamme,6,0.00765,32094,40.90857,78453
1952,rninov,6,0.00765,32100,40.91622,78453
1953,roalexan,6,0.00765,32106,40.92387,78453
1954,robertchristensen,6,0.00765,32112,40.93151,78453
1955,rociomroman,6,0.00765,32118,40.93916,78453
1956,roee-landesman,6,0.00765,32124,40.94681,78453
1957,RolandOtta,6,0.00765,32130,40.95446,78453
1958,RonPeters,6,0.00765,32136,40.96210,78453
1959,rparke,6,0.00765,32142,40.96975,78453
1960,rpuppo,6,0.00765,32148,40.97740,78453
1961,rvacaru,6,0.00765,32154,40.98505,78453
1962,samutamm,6,0.00765,32160,40.99270,78453
1963,SamyakGangwal,6,0.00765,32166,41.00034,78453
1964,Sandeepb-nextcar,6,0.00765,32172,41.00799,78453
1965,sar009,6,0.00765,32178,41.01564,78453
1966,sbrk03,6,0.00765,32184,41.02329,78453
1967,sbuckfelder,6,0.00765,32190,41.03094,78453
1968,schroeder-paul,6,0.00765,32196,41.03858,78453
1969,scottlaird,6,0.00765,32202,41.04623,78453
1970,sduo,6,0.00765,32208,41.05388,78453
1971,se77enn,6,0.00765,32214,41.06153,78453
1972,Seanxwy,6,0.00765,32220,41.06918,78453
1973,sganapathy1312,6,0.00765,32226,41.07682,78453
1974,ShabiDabi,6,0.00765,32232,41.08447,78453
1975,shaicantor,6,0.00765,32238,41.09212,78453
1976,shawnsong,6,0.00765,32244,41.09977,78453
1977,Shikaz,6,0.00765,32250,41.10741,78453
1978,ShivrajRameshPatil,6,0.00765,32256,41.11506,78453
1979,shiw13,6,0.00765,32262,41.12271,78453
1980,shnmorimoto,6,0.00765,32268,41.13036,78453
1981,shulianwang,6,0.00765,32274,41.13801,78453
1982,Siddhesh-Swami,6,0.00765,32280,41.14565,78453
1983,sidd-oo,6,0.00765,32286,41.15330,78453
1984,sigma-libra,6,0.00765,32292,41.16095,78453
1985,siyyang-ms,6,0.00765,32298,41.16860,78453
1986,s-jlatusek,6,0.00765,32304,41.17625,78453
1987,smuth4,6,0.00765,32310,41.18389,78453
1988,snjypl,6,0.00765,32316,41.19154,78453
1989,SohumB,6,0.00765,32322,41.19919,78453
1990,sonaljain067,6,0.00765,32328,41.20684,78453
1991,Soon5,6,0.00765,32334,41.21449,78453
1992,sophalHong,6,0.00765,32340,41.22213,78453
1993,soulfy,6,0.00765,32346,41.22978,78453
1994,souradeepmoe,6,0.00765,32352,41.23743,78453
1995,spotted-cat,6,0.00765,32358,41.24508,78453
1996,sputmayer,6,0.00765,32364,41.25272,78453
1997,srlk,6,0.00765,32370,41.26037,78453
1998,stanleytho,6,0.00765,32376,41.26802,78453
1999,steve-ham,6,0.00765,32382,41.27567,78453
2000,stksz,6,0.00765,32388,41.28332,78453
2001,suchen-sci,6,0.00765,32394,41.29096,78453
2002,sugarraysam,6,0.00765,32400,41.29861,78453
2003,Sujimoshi,6,0.00765,32406,41.30626,78453
2004,sultanao,6,0.00765,32412,41.31391,78453
2005,sultanovich,6,0.00765,32418,41.32156,78453
2006,sumitchauhanJan,6,0.00765,32424,41.32920,78453
2007,sunsun20,6,0.00765,32430,41.33685,78453
2008,Tahvok,6,0.00765,32436,41.34450,78453
2009,tamilaban,6,0.00765,32442,41.35215,78453
2010,TanmayKedari,6,0.00765,32448,41.35980,78453
2011,tb51cx,6,0.00765,32454,41.36744,78453
2012,tdudgeon,6,0.00765,32460,41.37509,78453
2013,techiemac,6,0.00765,32466,41.38274,78453
2014,tedlean,6,0.00765,32472,41.39039,78453
2015,TejasKM,6,0.00765,32478,41.39803,78453
2016,tenglandct,6,0.00765,32484,41.40568,78453
2017,tesstnew,6,0.00765,32490,41.41333,78453
2018,tgolsson,6,0.00765,32496,41.42098,78453
2019,theanshi,6,0.00765,32502,41.42863,78453
2020,TheDarkula,6,0.00765,32508,41.43627,78453
2021,timberhill,6,0.00765,32514,41.44392,78453
2022,tliu2021,6,0.00765,32520,41.45157,78453
2023,TobiasS1402,6,0.00765,32526,41.45922,78453
2024,TomerFi,6,0.00765,32532,41.46687,78453
2025,tsloughter-splunk,6,0.00765,32538,41.47451,78453
2026,u0u0,6,0.00765,32544,41.48216,78453
2027,ugangir1,6,0.00765,32550,41.48981,78453
2028,Ugzuzg,6,0.00765,32556,41.49746,78453
2029,updogliu,6,0.00765,32562,41.50510,78453
2030,utianayuba,6,0.00765,32568,41.51275,78453
2031,utkonos,6,0.00765,32574,41.52040,78453
2032,vadimgudko,6,0.00765,32580,41.52805,78453
2033,venkataramanam,6,0.00765,32586,41.53570,78453
2034,vikomte,6,0.00765,32592,41.54334,78453
2035,vincentlau0493,6,0.00765,32598,41.55099,78453
2036,vishalthakuriya,6,0.00765,32604,41.55864,78453
2037,vladislav-prishchepa,6,0.00765,32610,41.56629,78453
2038,vruask,6,0.00765,32616,41.57394,78453
2039,vulpine,6,0.00765,32622,41.58158,78453
2040,vuzunov-vmware,6,0.00765,32628,41.58923,78453
2041,wahahaha123,6,0.00765,32634,41.59688,78453
2042,WaylonTian,6,0.00765,32640,41.60453,78453
2043,waynerv,6,0.00765,32646,41.61218,78453
2044,wciq1208,6,0.00765,32652,41.61982,78453
2045,wdw-jst,6,0.00765,32658,41.62747,78453
2046,webbertakken,6,0.00765,32664,41.63512,78453
2047,weili520,6,0.00765,32670,41.64277,78453
2048,werebear73,6,0.00765,32676,41.65041,78453
2049,whoisfisher,6,0.00765,32682,41.65806,78453
2050,willlsantos,6,0.00765,32688,41.66571,78453
2051,willsond01,6,0.00765,32694,41.67336,78453
2052,woshizhicainiaoluguo,6,0.00765,32700,41.68101,78453
2053,wscheep,6,0.00765,32706,41.68865,78453
2054,wslaasya,6,0.00765,32712,41.69630,78453
2055,wttat,6,0.00765,32718,41.70395,78453
2056,xenophonf,6,0.00765,32724,41.71160,78453
2057,Y0ngg4n,6,0.00765,32730,41.71925,78453
2058,Yamaha32088,6,0.00765,32736,41.72689,78453
2059,yasim21c,6,0.00765,32742,41.73454,78453
2060,YikaiHu,6,0.00765,32748,41.74219,78453
2061,YikSanChan,6,0.00765,32754,41.74984,78453
2062,ying2liu,6,0.00765,32760,41.75749,78453
2063,YoghurtFree,6,0.00765,32766,41.76513,78453
2064,YokeCheng,6,0.00765,32772,41.77278,78453
2065,ysmolyar,6,0.00765,32778,41.78043,78453
2066,yuv00191,6,0.00765,32784,41.78808,78453
2067,zbogdan7,6,0.00765,32790,41.79572,78453
2068,zhaojul,6,0.00765,32796,41.80337,78453
2069,zjutkz,6,0.00765,32802,41.81102,78453
2070,Zyava,6,0.00765,32808,41.81867,78453
2071,107295472,5,0.00637,32813,41.82504,78453
2072,1224566146,5,0.00637,32818,41.83141,78453
2073,1448376744,5,0.00637,32823,41.83779,78453
2074,1tft,5,0.00637,32828,41.84416,78453
2075,352174109,5,0.00637,32833,41.85053,78453
2076,595972434,5,0.00637,32838,41.85691,78453
2077,651juan,5,0.00637,32843,41.86328,78453
2078,84819760,5,0.00637,32848,41.86965,78453
2079,95438,5,0.00637,32853,41.87603,78453
2080,aaseem,5,0.00637,32858,41.88240,78453
2081,abhishekgoldypathak,5,0.00637,32863,41.88877,78453
2082,abstractalchemist,5,0.00637,32868,41.89515,78453
2083,AchimBursian,5,0.00637,32873,41.90152,78453
2084,adamo57,5,0.00637,32878,41.90789,78453
2085,adam-pye,5,0.00637,32883,41.91427,78453
2086,admiral-srinjoy,5,0.00637,32888,41.92064,78453
2087,adrianbontea,5,0.00637,32893,41.92701,78453
2088,afshin1394,5,0.00637,32898,41.93339,78453
2089,agantuk,5,0.00637,32903,41.93976,78453
2090,aidendou,5,0.00637,32908,41.94613,78453
2091,ajlane,5,0.00637,32913,41.95251,78453
2092,ajm01,5,0.00637,32918,41.95888,78453
2093,akenneth,5,0.00637,32923,41.96525,78453
2094,akira-imamura-k8s,5,0.00637,32928,41.97163,78453
2095,akshat5302,5,0.00637,32933,41.97800,78453
2096,albertogdd,5,0.00637,32938,41.98437,78453
2097,albgp22,5,0.00637,32943,41.99075,78453
2098,aldredb,5,0.00637,32948,41.99712,78453
2099,alecgarza96,5,0.00637,32953,42.00349,78453
2100,alessioerosferri,5,0.00637,32958,42.00987,78453
2101,alex-bezek,5,0.00637,32963,42.01624,78453
2102,alexschoeberl,5,0.00637,32968,42.02261,78453
2103,Alfablos,5,0.00637,32973,42.02899,78453
2104,alias-rahil,5,0.00637,32978,42.03536,78453
2105,alibahrami744,5,0.00637,32983,42.04173,78453
2106,alucarddelta,5,0.00637,32988,42.04811,78453
2107,amandapunch,5,0.00637,32993,42.05448,78453
2108,amccool,5,0.00637,32998,42.06085,78453
2109,Amit-Singh40,5,0.00637,33003,42.06722,78453
2110,andysim3d,5,0.00637,33008,42.07360,78453
2111,angarod,5,0.00637,33013,42.07997,78453
2112,ankitkgcs,5,0.00637,33018,42.08634,78453
2113,AnonymousCodes911,5,0.00637,33023,42.09272,78453
2114,AppalaKarthik,5,0.00637,33028,42.09909,78453
2115,archlitchi,5,0.00637,33033,42.10546,78453
2116,armandAkop,5,0.00637,33038,42.11184,78453
2117,arman-zhumakhan,5,0.00637,33043,42.11821,78453
2118,arthurhenrique,5,0.00637,33048,42.12458,78453
2119,Artur93gev,5,0.00637,33053,42.13096,78453
2120,aruandre,5,0.00637,33058,42.13733,78453
2121,aryabchenko,5,0.00637,33063,42.14370,78453
2122,AsishVenakataSai,5,0.00637,33068,42.15008,78453
2123,asleire,5,0.00637,33073,42.15645,78453
2124,asyedtri,5,0.00637,33078,42.16282,78453
2125,aunshc,5,0.00637,33083,42.16920,78453
2126,avinashbo,5,0.00637,33088,42.17557,78453
2127,avinashn9,5,0.00637,33093,42.18194,78453
2128,awxfeix,5,0.00637,33098,42.18832,78453
2129,Banger,5,0.00637,33103,42.19469,78453
2130,BartVB,5,0.00637,33108,42.20106,78453
2131,baseely,5,0.00637,33113,42.20744,78453
2132,basert,5,0.00637,33118,42.21381,78453
2133,bayeslearner,5,0.00637,33123,42.22018,78453
2134,bemipefe,5,0.00637,33128,42.22656,78453
2135,betaboon,5,0.00637,33133,42.23293,78453
2136,betoredhat,5,0.00637,33138,42.23930,78453
2137,bfblog,5,0.00637,33143,42.24568,78453
2138,bglimepoint,5,0.00637,33148,42.25205,78453
2139,bhargavmungara,5,0.00637,33153,42.25842,78453
2140,Biacode,5,0.00637,33158,42.26480,78453
2141,binbashblog,5,0.00637,33163,42.27117,78453
2142,binkoni,5,0.00637,33168,42.27754,78453
2143,bino98,5,0.00637,33173,42.28392,78453
2144,bkadatz,5,0.00637,33178,42.29029,78453
2145,blakepettersson,5,0.00637,33183,42.29666,78453
2146,bobcode99,5,0.00637,33188,42.30303,78453
2147,Borchies,5,0.00637,33193,42.30941,78453
2148,Boruson,5,0.00637,33198,42.31578,78453
2149,bothra90,5,0.00637,33203,42.32215,78453
2150,brainslush,5,0.00637,33208,42.32853,78453
2151,briandefiant,5,0.00637,33213,42.33490,78453
2152,bryanv,5,0.00637,33218,42.34127,78453
2153,brycahta,5,0.00637,33223,42.34765,78453
2154,bs5ntnx,5,0.00637,33228,42.35402,78453
2155,bspautz1969,5,0.00637,33233,42.36039,78453
2156,bstolz,5,0.00637,33238,42.36677,78453
2157,bwolmarans,5,0.00637,33243,42.37314,78453
2158,ca1e,5,0.00637,33248,42.37951,78453
2159,caedo960,5,0.00637,33253,42.38589,78453
2160,cahan1013,5,0.00637,33258,42.39226,78453
2161,CalvinKirs,5,0.00637,33263,42.39863,78453
2162,carlitose,5,0.00637,33268,42.40501,78453
2163,caxefaizan,5,0.00637,33273,42.41138,78453
2164,cconnert,5,0.00637,33278,42.41775,78453
2165,ccoqueiro,5,0.00637,33283,42.42413,78453
2166,changwoo-nam,5,0.00637,33288,42.43050,78453
2167,charcharan,5,0.00637,33293,42.43687,78453
2168,charuhans,5,0.00637,33298,42.44325,78453
2169,cheesetree,5,0.00637,33303,42.44962,78453
2170,chenlingmin,5,0.00637,33308,42.45599,78453
2171,chertby,5,0.00637,33313,42.46237,78453
2172,choupijiang,5,0.00637,33318,42.46874,78453
2173,chris-fengtian-guo,5,0.00637,33323,42.47511,78453
2174,claudio-vellage,5,0.00637,33328,42.48149,78453
2175,Coffeeri,5,0.00637,33333,42.48786,78453
2176,ComradePashka,5,0.00637,33338,42.49423,78453
2177,CQUPTYHM,5,0.00637,33343,42.50061,78453
2178,CuiDengdeng,5,0.00637,33348,42.50698,78453
2179,cxsimon,5,0.00637,33353,42.51335,78453
2180,cydergoth,5,0.00637,33358,42.51973,78453
2181,Dagon0577,5,0.00637,33363,42.52610,78453
2182,daha,5,0.00637,33368,42.53247,78453
2183,Dakyne,5,0.00637,33373,42.53884,78453
2184,dalei2019,5,0.00637,33378,42.54522,78453
2185,Dan6erbond,5,0.00637,33383,42.55159,78453
2186,danaradg,5,0.00637,33388,42.55796,78453
2187,daper,5,0.00637,33393,42.56434,78453
2188,datsabk,5,0.00637,33398,42.57071,78453
2189,daudcanugerah,5,0.00637,33403,42.57708,78453
2190,davidleitw,5,0.00637,33408,42.58346,78453
2191,davidyuanfs,5,0.00637,33413,42.58983,78453
2192,dddomin3,5,0.00637,33418,42.59620,78453
2193,ddubson,5,0.00637,33423,42.60258,78453
2194,deepio,5,0.00637,33428,42.60895,78453
2195,DerKnerd,5,0.00637,33433,42.61532,78453
2196,desjardd1,5,0.00637,33438,42.62170,78453
2197,detox3r,5,0.00637,33443,42.62807,78453
2198,dg4101,5,0.00637,33448,42.63444,78453
2199,dghg,5,0.00637,33453,42.64082,78453
2200,dibosh,5,0.00637,33458,42.64719,78453
2201,digi-talo,5,0.00637,33463,42.65356,78453
2202,Divine1,5,0.00637,33468,42.65994,78453
2203,djeebus,5,0.00637,33473,42.66631,78453
2204,djshen,5,0.00637,33478,42.67268,78453
2205,dkorolev,5,0.00637,33483,42.67906,78453
2206,dlm,5,0.00637,33488,42.68543,78453
2207,DmitriySafronov,5,0.00637,33493,42.69180,78453
2208,dmmjy9,5,0.00637,33498,42.69818,78453
2209,dolefirenko,5,0.00637,33503,42.70455,78453
2210,domvo,5,0.00637,33508,42.71092,78453
2211,DonRichie,5,0.00637,33513,42.71730,78453
2212,double12gzh,5,0.00637,33518,42.72367,78453
2213,dpauls,5,0.00637,33523,42.73004,78453
2214,dqzgkyh,5,0.00637,33528,42.73642,78453
2215,DrCapt,5,0.00637,33533,42.74279,78453
2216,drdkadtr,5,0.00637,33538,42.74916,78453
2217,drev74,5,0.00637,33543,42.75554,78453
2218,Driesvanherpe,5,0.00637,33548,42.76191,78453
2219,dw86uk,5,0.00637,33553,42.76828,78453
2220,DylanPrinsITScripts,5,0.00637,33558,42.77465,78453
2221,dylanratcliffe,5,0.00637,33563,42.78103,78453
2222,DzianisH,5,0.00637,33568,42.78740,78453
2223,Eagle3386,5,0.00637,33573,42.79377,78453
2224,eamanu,5,0.00637,33578,42.80015,78453
2225,eferos93,5,0.00637,33583,42.80652,78453
2226,ehienabs,5,0.00637,33588,42.81289,78453
2227,elijah-stytch,5,0.00637,33593,42.81927,78453
2228,eliranmal,5,0.00637,33598,42.82564,78453
2229,elliottmb,5,0.00637,33603,42.83201,78453
2230,emoyly,5,0.00637,33608,42.83839,78453
2231,ericpdurand,5,0.00637,33613,42.84476,78453
2232,ErikJiang,5,0.00637,33618,42.85113,78453
2233,essie-chiang,5,0.00637,33623,42.85751,78453
2234,evgeniy-khatko,5,0.00637,33628,42.86388,78453
2235,ewerton-silva00,5,0.00637,33633,42.87025,78453
2236,f9-abs,5,0.00637,33638,42.87663,78453
2237,fabioaraujopt,5,0.00637,33643,42.88300,78453
2238,fabulias,5,0.00637,33648,42.88937,78453
2239,falmotlag,5,0.00637,33653,42.89575,78453
2240,FanHTao,5,0.00637,33658,42.90212,78453
2241,fansehep,5,0.00637,33663,42.90849,78453
2242,farhan-triplelift,5,0.00637,33668,42.91487,78453
2243,faustodavid,5,0.00637,33673,42.92124,78453
2244,FedericoHesse,5,0.00637,33678,42.92761,78453
2245,Fengrui-Liu,5,0.00637,33683,42.93399,78453
2246,fengyangdi,5,0.00637,33688,42.94036,78453
2247,FidalMathew,5,0.00637,33693,42.94673,78453
2248,fornellas,5,0.00637,33698,42.95311,78453
2249,Forsworns,5,0.00637,33703,42.95948,78453
2250,fred2u,5,0.00637,33708,42.96585,78453
2251,freefri,5,0.00637,33713,42.97223,78453
2252,frosk1,5,0.00637,33718,42.97860,78453
2253,GAAOPS,5,0.00637,33723,42.98497,78453
2254,gabe2code,5,0.00637,33728,42.99135,78453
2255,gabo89,5,0.00637,33733,42.99772,78453
2256,gaurav218,5,0.00637,33738,43.00409,78453
2257,gdlbl,5,0.00637,33743,43.01046,78453
2258,GeGavin,5,0.00637,33748,43.01684,78453
2259,georgthegreat,5,0.00637,33753,43.02321,78453
2260,getkub,5,0.00637,33758,43.02958,78453
2261,gigi206,5,0.00637,33763,43.03596,78453
2262,GiGurra,5,0.00637,33768,43.04233,78453
2263,git102347501,5,0.00637,33773,43.04870,78453
2264,githubforw0rk,5,0.00637,33778,43.05508,78453
2265,gitmaniak,5,0.00637,33783,43.06145,78453
2266,gkunz,5,0.00637,33788,43.06782,78453
2267,glongzh,5,0.00637,33793,43.07420,78453
2268,glyphtech-chrisa,5,0.00637,33798,43.08057,78453
2269,g-martorell,5,0.00637,33803,43.08694,78453
2270,gmichalec-pandora,5,0.00637,33808,43.09332,78453
2271,gonais,5,0.00637,33813,43.09969,78453
2272,gowthamgts,5,0.00637,33818,43.10606,78453
2273,graipher,5,0.00637,33823,43.11244,78453
2274,greenchapter,5,0.00637,33828,43.11881,78453
2275,greyspectrum,5,0.00637,33833,43.12518,78453
2276,g-traveller,5,0.00637,33838,43.13156,78453
2277,guresonur,5,0.00637,33843,43.13793,78453
2278,guylev008,5,0.00637,33848,43.14430,78453
2279,HackerYunen,5,0.00637,33853,43.15068,78453
2280,hammadk373,5,0.00637,33858,43.15705,78453
2281,haripriya1909,5,0.00637,33863,43.16342,78453
2282,haroon9,5,0.00637,33868,43.16980,78453
2283,hashemmm96,5,0.00637,33873,43.17617,78453
2284,hellerda,5,0.00637,33878,43.18254,78453
2285,Hello71,5,0.00637,33883,43.18892,78453
2286,HEMANT2305,5,0.00637,33888,43.19529,78453
2287,henrymori,5,0.00637,33893,43.20166,78453
2288,Heraktar,5,0.00637,33898,43.20804,78453
2289,hey-kong,5,0.00637,33903,43.21441,78453
2290,heylongdacoder,5,0.00637,33908,43.22078,78453
2291,hhluo01,5,0.00637,33913,43.22716,78453
2292,hhyasdf,5,0.00637,33918,43.23353,78453
2293,HiCubee,5,0.00637,33923,43.23990,78453
2294,himanshuz2,5,0.00637,33928,43.24627,78453
2295,hionnode,5,0.00637,33933,43.25265,78453
2296,hitorig,5,0.00637,33938,43.25902,78453
2297,hl10105210,5,0.00637,33943,43.26539,78453
2298,hrabhijith,5,0.00637,33948,43.27177,78453
2299,hshamji,5,0.00637,33953,43.27814,78453
2300,Hugo54,5,0.00637,33958,43.28451,78453
2301,husjon,5,0.00637,33963,43.29089,78453
2302,iAlex97,5,0.00637,33968,43.29726,78453
2303,IamSatyaonline,5,0.00637,33973,43.30363,78453
2304,ibuder,5,0.00637,33978,43.31001,78453
2305,Icarus9913,5,0.00637,33983,43.31638,78453
2306,IKRozhkov,5,0.00637,33988,43.32275,78453
2307,IlSassone,5,0.00637,33993,43.32913,78453
2308,InterFelix,5,0.00637,33998,43.33550,78453
2309,isloveh,5,0.00637,34003,43.34187,78453
2310,itshaungmu,5,0.00637,34008,43.34825,78453
2311,IvanDechovsky,5,0.00637,34013,43.35462,78453
2312,IvanKolbasiuk,5,0.00637,34018,43.36099,78453
2313,ivanspasov99,5,0.00637,34023,43.36737,78453
2314,JacobJohansen,5,0.00637,34028,43.37374,78453
2315,Jaegermeiste,5,0.00637,34033,43.38011,78453
2316,jaingeet,5,0.00637,34038,43.38649,78453
2317,jamesdhope,5,0.00637,34043,43.39286,78453
2318,jangid21,5,0.00637,34048,43.39923,78453
2319,jason1028kr,5,0.00637,34053,43.40561,78453
2320,javyxu,5,0.00637,34058,43.41198,78453
2321,jccarte,5,0.00637,34063,43.41835,78453
2322,Jchicode,5,0.00637,34068,43.42473,78453
2323,jcunliffe1,5,0.00637,34073,43.43110,78453
2324,jdix531,5,0.00637,34078,43.43747,78453
2325,JensGM,5,0.00637,34083,43.44385,78453
2326,jerbmarx,5,0.00637,34088,43.45022,78453
2327,jeremy-morren,5,0.00637,34093,43.45659,78453
2328,jhchabran,5,0.00637,34098,43.46297,78453
2329,jingyuanliang,5,0.00637,34103,43.46934,78453
2330,jithenshriyan,5,0.00637,34108,43.47571,78453
2331,Jochen-dba,5,0.00637,34113,43.48208,78453
2332,joeyrivera,5,0.00637,34118,43.48846,78453
2333,joey-skittlz,5,0.00637,34123,43.49483,78453
2334,JohannesLamberts,5,0.00637,34128,43.50120,78453
2335,johnathan-walker,5,0.00637,34133,43.50758,78453
2336,jonasbn,5,0.00637,34138,43.51395,78453
2337,JoniJnm,5,0.00637,34143,43.52032,78453
2338,jorsol,5,0.00637,34148,43.52670,78453
2339,Joywvw,5,0.00637,34153,43.53307,78453
2340,jpmartin2,5,0.00637,34158,43.53944,78453
2341,jravetch,5,0.00637,34163,43.54582,78453
2342,jschauma,5,0.00637,34168,43.55219,78453
2343,jseparovic,5,0.00637,34173,43.55856,78453
2344,JuHyung-Son,5,0.00637,34178,43.56494,78453
2345,JuozasVainauskas,5,0.00637,34183,43.57131,78453
2346,justinvogt87,5,0.00637,34188,43.57768,78453
2347,jwilkicki,5,0.00637,34193,43.58406,78453
2348,Jy-poi,5,0.00637,34198,43.59043,78453
2349,jze2,5,0.00637,34203,43.59680,78453
2350,k0000k,5,0.00637,34208,43.60318,78453
2351,kaero,5,0.00637,34213,43.60955,78453
2352,kalaytan,5,0.00637,34218,43.61592,78453
2353,kapiljain1989,5,0.00637,34223,43.62230,78453
2354,karinagrullon,5,0.00637,34228,43.62867,78453
2355,kc-dot-io,5,0.00637,34233,43.63504,78453
2356,Kcwan18,5,0.00637,34238,43.64142,78453
2357,kenning,5,0.00637,34243,43.64779,78453
2358,kensipe-test,5,0.00637,34248,43.65416,78453
2359,Ketonmi,5,0.00637,34253,43.66054,78453
2360,kevellis124,5,0.00637,34258,43.66691,78453
2361,k-horiuchi,5,0.00637,34263,43.67328,78453
2362,killbot99,5,0.00637,34268,43.67966,78453
2363,kimhongji,5,0.00637,34273,43.68603,78453
2364,KipsasJaujoj,5,0.00637,34278,43.69240,78453
2365,kirannhegde,5,0.00637,34283,43.69878,78453
2366,kkat018,5,0.00637,34288,43.70515,78453
2367,K-Prabha,5,0.00637,34293,43.71152,78453
2368,KSerik,5,0.00637,34298,43.71789,78453
2369,kubebeginner,5,0.00637,34303,43.72427,78453
2370,kumar-rvp,5,0.00637,34308,43.73064,78453
2371,kunalp-gohire,5,0.00637,34313,43.73701,78453
2372,kurt-google,5,0.00637,34318,43.74339,78453
2373,k-u-s,5,0.00637,34323,43.74976,78453
2374,KW-NJU,5,0.00637,34328,43.75613,78453
2375,kylebernhardy,5,0.00637,34333,43.76251,78453
2376,kzhui125,5,0.00637,34338,43.76888,78453
2377,L3m0nb4tt3ry,5,0.00637,34343,43.77525,78453
2378,lakerhu999,5,0.00637,34348,43.78163,78453
2379,LastNight1997,5,0.00637,34353,43.78800,78453
2380,laurentgo,5,0.00637,34358,43.79437,78453
2381,lawrshen,5,0.00637,34363,43.80075,78453
2382,lazydream,5,0.00637,34368,43.80712,78453
2383,leeming,5,0.00637,34373,43.81349,78453
2384,lengpucheng,5,0.00637,34378,43.81987,78453
2385,leschaller1,5,0.00637,34383,43.82624,78453
2386,li3,5,0.00637,34388,43.83261,78453
2387,liadgo,5,0.00637,34393,43.83899,78453
2388,linucksrox,5,0.00637,34398,43.84536,78453
2389,Liversage,5,0.00637,34403,43.85173,78453
2390,ljavorsk,5,0.00637,34408,43.85811,78453
2391,Ljohn001,5,0.00637,34413,43.86448,78453
2392,lokeshcse6,5,0.00637,34418,43.87085,78453
2393,Lola-Hector-Bianca-Hewie,5,0.00637,34423,43.87723,78453
2394,longpi1,5,0.00637,34428,43.88360,78453
2395,LQss11,5,0.00637,34433,43.88997,78453
2396,luanjot,5,0.00637,34438,43.89635,78453
2397,LucileDesfour,5,0.00637,34443,43.90272,78453
2398,LuisPRamos,5,0.00637,34448,43.90909,78453
2399,LuJunlai1996,5,0.00637,34453,43.91547,78453
2400,LukeMwila,5,0.00637,34458,43.92184,78453
2401,Lxrdknows77,5,0.00637,34463,43.92821,78453
2402,lynn901,5,0.00637,34468,43.93459,78453
2403,M0roSan,5,0.00637,34473,43.94096,78453
2404,m4wh6k,5,0.00637,34478,43.94733,78453
2405,maartenjanvangool,5,0.00637,34483,43.95370,78453
2406,madforstrength,5,0.00637,34488,43.96008,78453
2407,madhur,5,0.00637,34493,43.96645,78453
2408,MageChiu,5,0.00637,34498,43.97282,78453
2409,mahima145,5,0.00637,34503,43.97920,78453
2410,maiguoma,5,0.00637,34508,43.98557,78453
2411,maikoulin,5,0.00637,34513,43.99194,78453
2412,maksimaz,5,0.00637,34518,43.99832,78453
2413,marco74,5,0.00637,34523,44.00469,78453
2414,markandrus,5,0.00637,34528,44.01106,78453
2415,mark-bradshaw,5,0.00637,34533,44.01744,78453
2416,marpit19,5,0.00637,34538,44.02381,78453
2417,martin190578,5,0.00637,34543,44.03018,78453
2418,marulkan,5,0.00637,34548,44.03656,78453
2419,matiasmir,5,0.00637,34553,44.04293,78453
2420,MattCosturos,5,0.00637,34558,44.04930,78453
2421,matteotumiati,5,0.00637,34563,44.05568,78453
2422,mcripps9,5,0.00637,34568,44.06205,78453
2423,mdaur,5,0.00637,34573,44.06842,78453
2424,meetguogengli,5,0.00637,34578,44.07480,78453
2425,melin,5,0.00637,34583,44.08117,78453
2426,menaheme,5,0.00637,34588,44.08754,78453
2427,mhcastro,5,0.00637,34593,44.09392,78453
2428,Milkshak3s,5,0.00637,34598,44.10029,78453
2429,MimicTester1307,5,0.00637,34603,44.10666,78453
2430,MingZhang-YBPS,5,0.00637,34608,44.11304,78453
2431,mirayadav,5,0.00637,34613,44.11941,78453
2432,mirkoszy,5,0.00637,34618,44.12578,78453
2433,mleray24,5,0.00637,34623,44.13216,78453
2434,mloiseleur,5,0.00637,34628,44.13853,78453
2435,mmib,5,0.00637,34633,44.14490,78453
2436,Mo-Fatah,5,0.00637,34638,44.15128,78453
2437,mohamedasaker-arm,5,0.00637,34643,44.15765,78453
2438,mokhirashakira,5,0.00637,34648,44.16402,78453
2439,Mostafa-wael,5,0.00637,34653,44.17040,78453
2440,motey,5,0.00637,34658,44.17677,78453
2441,Mr-Destructive,5,0.00637,34663,44.18314,78453
2442,mreschke,5,0.00637,34668,44.18951,78453
2443,MrHanLei,5,0.00637,34673,44.19589,78453
2444,MrNeocore,5,0.00637,34678,44.20226,78453
2445,Msunshineboy,5,0.00637,34683,44.20863,78453
2446,mumumi,5,0.00637,34688,44.21501,78453
2447,mxm-tr,5,0.00637,34693,44.22138,78453
2448,n1vgabay,5,0.00637,34698,44.22775,78453
2449,nabuskey,5,0.00637,34703,44.23413,78453
2450,nalbury,5,0.00637,34708,44.24050,78453
2451,Nankeadream,5,0.00637,34713,44.24687,78453
2452,naqvis,5,0.00637,34718,44.25325,78453
2453,nasirudheen,5,0.00637,34723,44.25962,78453
2454,nemat-rakhmatov,5,0.00637,34728,44.26599,78453
2455,netmenya,5,0.00637,34733,44.27237,78453
2456,niaurys,5,0.00637,34738,44.27874,78453
2457,nicolasadeo,5,0.00637,34743,44.28511,78453
2458,nicolasespiau,5,0.00637,34748,44.29149,78453
2459,nilesh-telang,5,0.00637,34753,44.29786,78453
2460,nimboya,5,0.00637,34758,44.30423,78453
2461,nishant-ui,5,0.00637,34763,44.31061,78453
2462,nmarandi,5,0.00637,34768,44.31698,78453
2463,noamApps,5,0.00637,34773,44.32335,78453
2464,nobiit,5,0.00637,34778,44.32973,78453
2465,noradomi,5,0.00637,34783,44.33610,78453
2466,okarmusk,5,0.00637,34788,44.34247,78453
2467,olahallvall,5,0.00637,34793,44.34885,78453
2468,OleksandrShtepa,5,0.00637,34798,44.35522,78453
2469,oliverb123,5,0.00637,34803,44.36159,78453
2470,oliverhamilton7915,5,0.00637,34808,44.36797,78453
2471,OlivierFrancais,5,0.00637,34813,44.37434,78453
2472,omkar111111,5,0.00637,34818,44.38071,78453
2473,opatil-vibrent,5,0.00637,34823,44.38709,78453
2474,opstalj,5,0.00637,34828,44.39346,78453
2475,OrKarstoft,5,0.00637,34833,44.39983,78453
2476,otassetti-talend,5,0.00637,34838,44.40620,78453
2477,pablodgonzalez,5,0.00637,34843,44.41258,78453
2478,PatrickGhosn,5,0.00637,34848,44.41895,78453
2479,paulius-valiunas,5,0.00637,34853,44.42532,78453
2480,paurana,5,0.00637,34858,44.43170,78453
2481,pavan-kumar-ceemala,5,0.00637,34863,44.43807,78453
2482,pawandeep-uber,5,0.00637,34868,44.44444,78453
2483,pbhalera,5,0.00637,34873,44.45082,78453
2484,peterandluc,5,0.00637,34878,44.45719,78453
2485,peterbean410,5,0.00637,34883,44.46356,78453
2486,peterheo,5,0.00637,34888,44.46994,78453
2487,peterleonardlie,5,0.00637,34893,44.47631,78453
2488,phenixrizen,5,0.00637,34898,44.48268,78453
2489,Philippians413,5,0.00637,34903,44.48906,78453
2490,philmu,5,0.00637,34908,44.49543,78453
2491,pivonroll,5,0.00637,34913,44.50180,78453
2492,platform-dkbcodefactory,5,0.00637,34918,44.50818,78453
2493,pmkuny,5,0.00637,34923,44.51455,78453
2494,polarstormx,5,0.00637,34928,44.52092,78453
2495,politrons,5,0.00637,34933,44.52730,78453
2496,pratik2247,5,0.00637,34938,44.53367,78453
2497,prithvihv,5,0.00637,34943,44.54004,78453
2498,pthoelken,5,0.00637,34948,44.54642,78453
2499,qpetraroia,5,0.00637,34953,44.55279,78453
2500,queueburt,5,0.00637,34958,44.55916,78453
2501,quintonm,5,0.00637,34963,44.56554,78453
2502,QWQyyy,5,0.00637,34968,44.57191,78453
2503,Raag007,5,0.00637,34973,44.57828,78453
2504,rabbagliettiandrea,5,0.00637,34978,44.58466,78453
2505,racheldaguenethahn,5,0.00637,34983,44.59103,78453
2506,radoslaw-wielonski-lego,5,0.00637,34988,44.59740,78453
2507,Raiden1974,5,0.00637,34993,44.60378,78453
2508,ramazansakin,5,0.00637,34998,44.61015,78453
2509,rameshar16,5,0.00637,35003,44.61652,78453
2510,Ramreiso,5,0.00637,35008,44.62290,78453
2511,ranjishmp,5,0.00637,35013,44.62927,78453
2512,raoptimus,5,0.00637,35018,44.63564,78453
2513,raress96,5,0.00637,35023,44.64201,78453
2514,ravimalvia,5,0.00637,35028,44.64839,78453
2515,raxod502,5,0.00637,35033,44.65476,78453
2516,raxod502-plaid,5,0.00637,35038,44.66113,78453
2517,RayKoopa,5,0.00637,35043,44.66751,78453
2518,rbiassoni,5,0.00637,35048,44.67388,78453
2519,rdeteix,5,0.00637,35053,44.68025,78453
2520,remote007,5,0.00637,35058,44.68663,78453
2521,remus-corneliu,5,0.00637,35063,44.69300,78453
2522,renatolfc,5,0.00637,35068,44.69937,78453
2523,rglenn-accenture,5,0.00637,35073,44.70575,78453
2524,richardbrodie,5,0.00637,35078,44.71212,78453
2525,rishi8055,5,0.00637,35083,44.71849,78453
2526,riza-wartek,5,0.00637,35088,44.72487,78453
2527,rkosyk-dh-nf,5,0.00637,35093,44.73124,78453
2528,roliveiravictor,5,0.00637,35098,44.73761,78453
2529,romanzdk,5,0.00637,35103,44.74399,78453
2530,RoniKishner,5,0.00637,35108,44.75036,78453
2531,rp4rk,5,0.00637,35113,44.75673,78453
2532,rphua,5,0.00637,35118,44.76311,78453
2533,rquitales,5,0.00637,35123,44.76948,78453
2534,rsbala,5,0.00637,35128,44.77585,78453
2535,rsickles,5,0.00637,35133,44.78223,78453
2536,ruocco,5,0.00637,35138,44.78860,78453
2537,RyanGrange,5,0.00637,35143,44.79497,78453
2538,RyoKawabata0,5,0.00637,35148,44.80135,78453
2539,s1apped,5,0.00637,35153,44.80772,78453
2540,sableangle,5,0.00637,35158,44.81409,78453
2541,SamirMarin,5,0.00637,35163,44.82047,78453
2542,samirpatry,5,0.00637,35168,44.82684,78453
2543,samnoon1971,5,0.00637,35173,44.83321,78453
2544,samunbest,5,0.00637,35178,44.83959,78453
2545,sandeepitachi,5,0.00637,35183,44.84596,78453
2546,sanjitp,5,0.00637,35188,44.85233,78453
2547,sathishsoundharajan,5,0.00637,35193,44.85871,78453
2548,savy-91,5,0.00637,35198,44.86508,78453
2549,scalalang2,5,0.00637,35203,44.87145,78453
2550,schulke-214,5,0.00637,35208,44.87782,78453
2551,sebastiansterk,5,0.00637,35213,44.88420,78453
2552,sejust,5,0.00637,35218,44.89057,78453
2553,sethgupton-mastery,5,0.00637,35223,44.89694,78453
2554,setood,5,0.00637,35228,44.90332,78453
2555,shailsirohi,5,0.00637,35233,44.90969,78453
2556,ShankyJS,5,0.00637,35238,44.91606,78453
2557,shash222,5,0.00637,35243,44.92244,78453
2558,Shauncoss,5,0.00637,35248,44.92881,78453
2559,shayyxi,5,0.00637,35253,44.93518,78453
2560,ShellWowza,5,0.00637,35258,44.94156,78453
2561,shivamanipatil,5,0.00637,35263,44.94793,78453
2562,shivanshi18,5,0.00637,35268,44.95430,78453
2563,sid-uni,5,0.00637,35273,44.96068,78453
2564,SiminMu,5,0.00637,35278,44.96705,78453
2565,simon-ouyang-rb,5,0.00637,35283,44.97342,78453
2566,singhvirendra18gmailcom,5,0.00637,35288,44.97980,78453
2567,sirockin,5,0.00637,35293,44.98617,78453
2568,SkRai0,5,0.00637,35298,44.99254,78453
2569,slv-306,5,0.00637,35303,44.99892,78453
2570,smalnote,5,0.00637,35308,45.00529,78453
2571,snuramjirajukammila,5,0.00637,35313,45.01166,78453
2572,songlh-psu,5,0.00637,35318,45.01804,78453
2573,sonofmagic,5,0.00637,35323,45.02441,78453
2574,sovkumar,5,0.00637,35328,45.03078,78453
2575,speer,5,0.00637,35333,45.03716,78453
2576,spiffcs,5,0.00637,35338,45.04353,78453
2577,srimuvva,5,0.00637,35343,45.04990,78453
2578,srlobo,5,0.00637,35348,45.05628,78453
2579,St4NNi,5,0.00637,35353,45.06265,78453
2580,StarTrooper08,5,0.00637,35358,45.06902,78453
2581,steepestascent,5,0.00637,35363,45.07540,78453
2582,stefanfrings2,5,0.00637,35368,45.08177,78453
2583,stepbystep2,5,0.00637,35373,45.08814,78453
2584,StephenHodgson,5,0.00637,35378,45.09452,78453
2585,StorageEngineer2022,5,0.00637,35383,45.10089,78453
2586,stu01509,5,0.00637,35388,45.10726,78453
2587,subhradwip01,5,0.00637,35393,45.11363,78453
2588,sujairamprasathc,5,0.00637,35398,45.12001,78453
2589,sumit84mca,5,0.00637,35403,45.12638,78453
2590,sunday866,5,0.00637,35408,45.13275,78453
2591,supaplextor,5,0.00637,35413,45.13913,78453
2592,supaspoida,5,0.00637,35418,45.14550,78453
2593,swatlanguage,5,0.00637,35423,45.15187,78453
2594,szpnygo,5,0.00637,35428,45.15825,78453
2595,tartemov,5,0.00637,35433,45.16462,78453
2596,tbrodbeck,5,0.00637,35438,45.17099,78453
2597,tearfulDalvik,5,0.00637,35443,45.17737,78453
2598,T-Eberle,5,0.00637,35448,45.18374,78453
2599,testsabirweb,5,0.00637,35453,45.19011,78453
2600,thetizzo,5,0.00637,35458,45.19649,78453
2601,thiagompc,5,0.00637,35463,45.20286,78453
2602,thierryba,5,0.00637,35468,45.20923,78453
2603,Thiyagu2009,5,0.00637,35473,45.21561,78453
2604,thulasidassrinivasan,5,0.00637,35478,45.22198,78453
2605,timdesi,5,0.00637,35483,45.22835,78453
2606,timonmasberg,5,0.00637,35488,45.23473,78453
2607,tjbnde,5,0.00637,35493,45.24110,78453
2608,tmcalves,5,0.00637,35498,45.24747,78453
2609,TobiasLierzer,5,0.00637,35503,45.25385,78453
2610,tomasfabian,5,0.00637,35508,45.26022,78453
2611,TomaszBorczyk,5,0.00637,35513,45.26659,78453
2612,tomereli,5,0.00637,35518,45.27297,78453
2613,tomstuart,5,0.00637,35523,45.27934,78453
2614,torbendury,5,0.00637,35528,45.28571,78453
2615,tosone,5,0.00637,35533,45.29209,78453
2616,tracetechnical,5,0.00637,35538,45.29846,78453
2617,Treehopper,5,0.00637,35543,45.30483,78453
2618,TroyDota,5,0.00637,35548,45.31121,78453
2619,trust-freedom,5,0.00637,35553,45.31758,78453
2620,tscuite,5,0.00637,35558,45.32395,78453
2621,tttanikawa,5,0.00637,35563,45.33033,78453
2622,Tuetuopay,5,0.00637,35568,45.33670,78453
2623,tyen-brex,5,0.00637,35573,45.34307,78453
2624,tyxeron,5,0.00637,35578,45.34944,78453
2625,ugyen1998,5,0.00637,35583,45.35582,78453
2626,ujnzxw,5,0.00637,35588,45.36219,78453
2627,urangurang,5,0.00637,35593,45.36856,78453
2628,vancentle1996,5,0.00637,35598,45.37494,78453
2629,vdelau,5,0.00637,35603,45.38131,78453
2630,VeeraballiGopal,5,0.00637,35608,45.38768,78453
2631,velizmiguel,5,0.00637,35613,45.39406,78453
2632,Veryclouder,5,0.00637,35618,45.40043,78453
2633,victorlcm,5,0.00637,35623,45.40680,78453
2634,vieirajluis,5,0.00637,35628,45.41318,78453
2635,vilkaspilkas,5,0.00637,35633,45.41955,78453
2636,vincentlimsft,5,0.00637,35638,45.42592,78453
2637,viniciuspietscher,5,0.00637,35643,45.43230,78453
2638,vitaliimelnychuk,5,0.00637,35648,45.43867,78453
2639,vrychkov-repay,5,0.00637,35653,45.44504,78453
2640,wangbyby,5,0.00637,35658,45.45142,78453
2641,wangchanggan,5,0.00637,35663,45.45779,78453
2642,wanghaoyang1995,5,0.00637,35668,45.46416,78453
2643,wangjie1513,5,0.00637,35673,45.47054,78453
2644,wanlerong,5,0.00637,35678,45.47691,78453
2645,Waynegates,5,0.00637,35683,45.48328,78453
2646,whuanle,5,0.00637,35688,45.48966,78453
2647,wilson1999112,5,0.00637,35693,45.49603,78453
2648,WinterSoilder,5,0.00637,35698,45.50240,78453
2649,WLBF,5,0.00637,35703,45.50878,78453
2650,wymli,5,0.00637,35708,45.51515,78453
2651,Xander23432,5,0.00637,35713,45.52152,78453
2652,xendren,5,0.00637,35718,45.52790,78453
2653,xiaokangshuai,5,0.00637,35723,45.53427,78453
2654,xinzhongyoumeng,5,0.00637,35728,45.54064,78453
2655,xj524598,5,0.00637,35733,45.54702,78453
2656,xkkker,5,0.00637,35738,45.55339,78453
2657,xuxant,5,0.00637,35743,45.55976,78453
2658,xuyifangreeneyes,5,0.00637,35748,45.56614,78453
2659,yadavraju,5,0.00637,35753,45.57251,78453
2660,YADROOKIE,5,0.00637,35758,45.57888,78453
2661,yanbinren,5,0.00637,35763,45.58525,78453
2662,yandooo,5,0.00637,35768,45.59163,78453
2663,yangyang198703,5,0.00637,35773,45.59800,78453
2664,yanksc,5,0.00637,35778,45.60437,78453
2665,yanmxa,5,0.00637,35783,45.61075,78453
2666,yashgiri,5,0.00637,35788,45.61712,78453
2667,yizhenlangyan,5,0.00637,35793,45.62349,78453
2668,ylecuyer,5,0.00637,35798,45.62987,78453
2669,yujiorama,5,0.00637,35803,45.63624,78453
2670,yzaccc,5,0.00637,35808,45.64261,78453
2671,yzhuang93,5,0.00637,35813,45.64899,78453
2672,zamariola,5,0.00637,35818,45.65536,78453
2673,zaozaoniao,5,0.00637,35823,45.66173,78453
2674,Zebethyal,5,0.00637,35828,45.66811,78453
2675,zeevMetz,5,0.00637,35833,45.67448,78453
2676,zemkogabor,5,0.00637,35838,45.68085,78453
2677,ZhangYi-ZHY,5,0.00637,35843,45.68723,78453
2678,zhaomoy,5,0.00637,35848,45.69360,78453
2679,zhendongcmss,5,0.00637,35853,45.69997,78453
2680,zhuxindong,5,0.00637,35858,45.70635,78453
2681,zswaaa,5,0.00637,35863,45.71272,78453
2682,zwForrest,5,0.00637,35868,45.71909,78453
2683,ZY123454321YZ,5,0.00637,35873,45.72547,78453
2684,zzr88,5,0.00637,35878,45.73184,78453
2685,0123hoang,4,0.00510,35882,45.73694,78453
2686,0918wang,4,0.00510,35886,45.74204,78453
2687,0roman,4,0.00510,35890,45.74714,78453
2688,1285yvonne,4,0.00510,35894,45.75223,78453
2689,12cew,4,0.00510,35898,45.75733,78453
2690,190ikp,4,0.00510,35902,45.76243,78453
2691,1qiqiyang,4,0.00510,35906,45.76753,78453
2692,53jk1,4,0.00510,35910,45.77263,78453
2693,a484771,4,0.00510,35914,45.77773,78453
2694,aaerrolla,4,0.00510,35918,45.78283,78453
2695,aaronepperson,4,0.00510,35922,45.78792,78453
2696,AaronvDiepen,4,0.00510,35926,45.79302,78453
2697,aawuliliaa,4,0.00510,35930,45.79812,78453
2698,abhaykumarPS,4,0.00510,35934,45.80322,78453
2699,abhinay99190,4,0.00510,35938,45.80832,78453
2700,Abhipise81,4,0.00510,35942,45.81342,78453
2701,abhradeepkundu,4,0.00510,35946,45.81852,78453
2702,aceberle,4,0.00510,35950,45.82361,78453
2703,achakrab,4,0.00510,35954,45.82871,78453
2704,adamreed90,4,0.00510,35958,45.83381,78453
2705,adbhutrai,4,0.00510,35962,45.83891,78453
2706,adityavenneti,4,0.00510,35966,45.84401,78453
2707,adoliver,4,0.00510,35970,45.84911,78453
2708,adonispd,4,0.00510,35974,45.85421,78453
2709,adriannieto-attechnest,4,0.00510,35978,45.85930,78453
2710,AdvithSubbu,4,0.00510,35982,45.86440,78453
2711,afpd,4,0.00510,35986,45.86950,78453
2712,agaillar,4,0.00510,35990,45.87460,78453
2713,agross,4,0.00510,35994,45.87970,78453
2714,ahasna,4,0.00510,35998,45.88480,78453
2715,ahmadateya,4,0.00510,36002,45.88990,78453
2716,ahmad-shams,4,0.00510,36006,45.89499,78453
2717,aixasz,4,0.00510,36010,45.90009,78453
2718,akats7,4,0.00510,36014,45.90519,78453
2719,akca,4,0.00510,36018,45.91029,78453
2720,akulpillai,4,0.00510,36022,45.91539,78453
2721,alaczynski,4,0.00510,36026,45.92049,78453
2722,alan994,4,0.00510,36030,45.92559,78453
2723,Alanasking,4,0.00510,36034,45.93068,78453
2724,alanhg,4,0.00510,36038,45.93578,78453
2725,alanjjenkins,4,0.00510,36042,45.94088,78453
2726,AlecKotovichSAM,4,0.00510,36046,45.94598,78453
2727,aleksandrbog,4,0.00510,36050,45.95108,78453
2728,alesti,4,0.00510,36054,45.95618,78453
2729,AlexisDuf,4,0.00510,36058,45.96128,78453
2730,Alexis-M51,4,0.00510,36062,45.96637,78453
2731,Allianzcortex,4,0.00510,36066,45.97147,78453
2732,alpacino12,4,0.00510,36070,45.97657,78453
2733,amadub,4,0.00510,36074,45.98167,78453
2734,amakutunowicz,4,0.00510,36078,45.98677,78453
2735,amayacitta,4,0.00510,36082,45.99187,78453
2736,a-mcf,4,0.00510,36086,45.99697,78453
2737,Amgatto,4,0.00510,36090,46.00206,78453
2738,amitsadafule,4,0.00510,36094,46.00716,78453
2739,amoghjalan,4,0.00510,36098,46.01226,78453
2740,anand-abgis,4,0.00510,36102,46.01736,78453
2741,ananda-chintalapati,4,0.00510,36106,46.02246,78453
2742,AndreasDavour,4,0.00510,36110,46.02756,78453
2743,andreasdj,4,0.00510,36114,46.03266,78453
2744,andrej-gomozov,4,0.00510,36118,46.03776,78453
2745,andrewchen5678,4,0.00510,36122,46.04285,78453
2746,andrewpcone,4,0.00510,36126,46.04795,78453
2747,AndriiMaliuta,4,0.00510,36130,46.05305,78453
2748,anfoxtrot,4,0.00510,36134,46.05815,78453
2749,angelowolf,4,0.00510,36138,46.06325,78453
2750,AnjaliSrivastava29,4,0.00510,36142,46.06835,78453
2751,Anonyfox,4,0.00510,36146,46.07345,78453
2752,AnshumanTripathi,4,0.00510,36150,46.07854,78453
2753,AnteBox,4,0.00510,36154,46.08364,78453
2754,antoniopantaleo,4,0.00510,36158,46.08874,78453
2755,anuraggujral,4,0.00510,36162,46.09384,78453
2756,anutosh491,4,0.00510,36166,46.09894,78453
2757,anvmga,4,0.00510,36170,46.10404,78453
2758,anvo1115,4,0.00510,36174,46.10914,78453
2759,aperepel,4,0.00510,36178,46.11423,78453
2760,apex256,4,0.00510,36182,46.11933,78453
2761,aprodigalson,4,0.00510,36186,46.12443,78453
2762,aqu-anth,4,0.00510,36190,46.12953,78453
2763,areller,4,0.00510,36194,46.13463,78453
2764,ariel-zilber,4,0.00510,36198,46.13973,78453
2765,arnesacnussem,4,0.00510,36202,46.14483,78453
2766,artemiyokulov,4,0.00510,36206,46.14992,78453
2767,artworx,4,0.00510,36210,46.15502,78453
2768,ArveSystad,4,0.00510,36214,46.16012,78453
2769,ashish6976,4,0.00510,36218,46.16522,78453
2770,ashishverma1108,4,0.00510,36222,46.17032,78453
2771,Ataraxxia,4,0.00510,36226,46.17542,78453
2772,austinvazquez,4,0.00510,36230,46.18052,78453
2773,autoamator,4,0.00510,36234,46.18561,78453
2774,avifreege,4,0.00510,36238,46.19071,78453
2775,avinavgit,4,0.00510,36242,46.19581,78453
2776,awx-kqkq,4,0.00510,36246,46.20091,78453
2777,ayasha05,4,0.00510,36250,46.20601,78453
2778,backendcloud,4,0.00510,36254,46.21111,78453
2779,bailuoxi66,4,0.00510,36258,46.21621,78453
2780,balajinarayanaa,4,0.00510,36262,46.22130,78453
2781,Bananenbieger1234,4,0.00510,36266,46.22640,78453
2782,barakseri1,4,0.00510,36270,46.23150,78453
2783,barektui,4,0.00510,36274,46.23660,78453
2784,bartvanackooij,4,0.00510,36278,46.24170,78453
2785,Bashorun97,4,0.00510,36282,46.24680,78453
2786,bautrey37,4,0.00510,36286,46.25190,78453
2787,bayerasif,4,0.00510,36290,46.25699,78453
2788,bbviana,4,0.00510,36294,46.26209,78453
2789,bdarfler,4,0.00510,36298,46.26719,78453
2790,becash143,4,0.00510,36302,46.27229,78453
2791,ben9923,4,0.00510,36306,46.27739,78453
2792,benader1,4,0.00510,36310,46.28249,78453
2793,benediktwetzel,4,0.00510,36314,46.28759,78453
2794,BennettSmith,4,0.00510,36318,46.29268,78453
2795,bergamut,4,0.00510,36322,46.29778,78453
2796,bestgaurav,4,0.00510,36326,46.30288,78453
2797,betterxu,4,0.00510,36330,46.30798,78453
2798,beyonderyue,4,0.00510,36334,46.31308,78453
2799,bgranetzke,4,0.00510,36338,46.31818,78453
2800,bgregg,4,0.00510,36342,46.32328,78453
2801,bitsondatadev,4,0.00510,36346,46.32837,78453
2802,blairdrummond,4,0.00510,36350,46.33347,78453
2803,bluewhale-2019,4,0.00510,36354,46.33857,78453
2804,bnapalm,4,0.00510,36358,46.34367,78453
2805,BNC-Daniel,4,0.00510,36362,46.34877,78453
2806,bobadair,4,0.00510,36366,46.35387,78453
2807,bobbybhaskar,4,0.00510,36370,46.35897,78453
2808,bobharwood,4,0.00510,36374,46.36407,78453
2809,bodhi-code,4,0.00510,36378,46.36916,78453
2810,borgilb,4,0.00510,36382,46.37426,78453
2811,borjaOrtizLlamas,4,0.00510,36386,46.37936,78453
2812,boutell,4,0.00510,36390,46.38446,78453
2813,boyadzhievb,4,0.00510,36394,46.38956,78453
2814,brandonmaul,4,0.00510,36398,46.39466,78453
2815,brandonwestcott,4,0.00510,36402,46.39976,78453
2816,brnck,4,0.00510,36406,46.40485,78453
2817,broosted,4,0.00510,36410,46.40995,78453
2818,bryding,4,0.00510,36414,46.41505,78453
2819,bsamsom,4,0.00510,36418,46.42015,78453
2820,bskarda,4,0.00510,36422,46.42525,78453
2821,bskim-mantech,4,0.00510,36426,46.43035,78453
2822,burnerlee,4,0.00510,36430,46.43545,78453
2823,bwlkr,4,0.00510,36434,46.44054,78453
2824,byhang,4,0.00510,36438,46.44564,78453
2825,cafruv,4,0.00510,36442,46.45074,78453
2826,caibirdme,4,0.00510,36446,46.45584,78453
2827,calberts,4,0.00510,36450,46.46094,78453
2828,calvinzhangclx,4,0.00510,36454,46.46604,78453
2829,camscale,4,0.00510,36458,46.47114,78453
2830,cangyin,4,0.00510,36462,46.47623,78453
2831,caobingsheng,4,0.00510,36466,46.48133,78453
2832,carl-jin-awx,4,0.00510,36470,46.48643,78453
2833,CarloGiannattasio,4,0.00510,36474,46.49153,78453
2834,CarlosDomingues,4,0.00510,36478,46.49663,78453
2835,CarlosTFSV,4,0.00510,36482,46.50173,78453
2836,Cave-Johnson,4,0.00510,36486,46.50683,78453
2837,Cavvar,4,0.00510,36490,46.51192,78453
2838,ccureau,4,0.00510,36494,46.51702,78453
2839,cdbattags,4,0.00510,36498,46.52212,78453
2840,cdmitri,4,0.00510,36502,46.52722,78453
2841,CharlesCZ,4,0.00510,36506,46.53232,78453
2842,chary1112004,4,0.00510,36510,46.53742,78453
2843,cheersalam,4,0.00510,36514,46.54252,78453
2844,chenchensheng,4,0.00510,36518,46.54761,78453
2845,ChengyangDu,4,0.00510,36522,46.55271,78453
2846,chenyuf4,4,0.00510,36526,46.55781,78453
2847,cheruvu1,4,0.00510,36530,46.56291,78453
2848,chicks-net,4,0.00510,36534,46.56801,78453
2849,C-Higgins,4,0.00510,36538,46.57311,78453
2850,Choko256,4,0.00510,36542,46.57821,78453
2851,Choppra,4,0.00510,36546,46.58330,78453
2852,ckruegerkpmg,4,0.00510,36550,46.58840,78453
2853,cksac,4,0.00510,36554,46.59350,78453
2854,ckwalsh,4,0.00510,36558,46.59860,78453
2855,clark1013,4,0.00510,36562,46.60370,78453
2856,clarkjohnd,4,0.00510,36566,46.60880,78453
2857,claudiarmamede,4,0.00510,36570,46.61390,78453
2858,cmotta2016,4,0.00510,36574,46.61899,78453
2859,Coder63,4,0.00510,36578,46.62409,78453
2860,codexanintl,4,0.00510,36582,46.62919,78453
2861,colinhusanmao,4,0.00510,36586,46.63429,78453
2862,corinz,4,0.00510,36590,46.63939,78453
2863,cpboyd,4,0.00510,36594,46.64449,78453
2864,creeea,4,0.00510,36598,46.64959,78453
2865,ctmach,4,0.00510,36602,46.65468,78453
2866,cuyl,4,0.00510,36606,46.65978,78453
2867,cxflores,4,0.00510,36610,46.66488,78453
2868,d19dotca,4,0.00510,36614,46.66998,78453
2869,D1StrX,4,0.00510,36618,46.67508,78453
2870,d3p4rt,4,0.00510,36622,46.68018,78453
2871,damdinsharav,4,0.00510,36626,46.68528,78453
2872,dancamdev,4,0.00510,36630,46.69038,78453
2873,dancaugherty,4,0.00510,36634,46.69547,78453
2874,danielserrao,4,0.00510,36638,46.70057,78453
2875,DanielSmrecnik,4,0.00510,36642,46.70567,78453
2876,danilosoarescardoso,4,0.00510,36646,46.71077,78453
2877,danrca,4,0.00510,36650,46.71587,78453
2878,danthelion,4,0.00510,36654,46.72097,78453
2879,Danwakeem,4,0.00510,36658,46.72607,78453
2880,darshini-ramesh,4,0.00510,36662,46.73116,78453
2881,davelajoie,4,0.00510,36666,46.73626,78453
2882,davemann-mgl,4,0.00510,36670,46.74136,78453
2883,davidgarc,4,0.00510,36674,46.74646,78453
2884,davidstauffer,4,0.00510,36678,46.75156,78453
2885,deanyxu,4,0.00510,36682,46.75666,78453
2886,deepaklearner,4,0.00510,36686,46.76176,78453
2887,deeponder,4,0.00510,36690,46.76685,78453
2888,deevroman,4,0.00510,36694,46.77195,78453
2889,def1nity,4,0.00510,36698,46.77705,78453
2890,DemonLee0719,4,0.00510,36702,46.78215,78453
2891,dentiny,4,0.00510,36706,46.78725,78453
2892,deprov447,4,0.00510,36710,46.79235,78453
2893,dev-chirag,4,0.00510,36714,46.79745,78453
2894,Dever4eg,4,0.00510,36718,46.80254,78453
2895,dhess,4,0.00510,36722,46.80764,78453
2896,dhild,4,0.00510,36726,46.81274,78453
2897,dhirschfeld,4,0.00510,36730,46.81784,78453
2898,dianny123,4,0.00510,36734,46.82294,78453
2899,diddiman,4,0.00510,36738,46.82804,78453
2900,dinobagio,4,0.00510,36742,46.83314,78453
2901,Dintwe,4,0.00510,36746,46.83823,78453
2902,disraelig444,4,0.00510,36750,46.84333,78453
2903,DJDANNY123,4,0.00510,36754,46.84843,78453
2904,djnotes,4,0.00510,36758,46.85353,78453
2905,dlmather,4,0.00510,36762,46.85863,78453
2906,dmallubhotla,4,0.00510,36766,46.86373,78453
2907,dmavrommatis,4,0.00510,36770,46.86883,78453
2908,dmcgiv,4,0.00510,36774,46.87392,78453
2909,doehyunbaek,4,0.00510,36778,46.87902,78453
2910,dogukantuna,4,0.00510,36782,46.88412,78453
2911,domcai,4,0.00510,36786,46.88922,78453
2912,domik82,4,0.00510,36790,46.89432,78453
2913,dongjwwang,4,0.00510,36794,46.89942,78453
2914,dong-minglei,4,0.00510,36798,46.90452,78453
2915,donovan-lampa,4,0.00510,36802,46.90961,78453
2916,dontan001,4,0.00510,36806,46.91471,78453
2917,doronkopit5,4,0.00510,36810,46.91981,78453
2918,dougg0k,4,0.00510,36814,46.92491,78453
2919,dreammyboy,4,0.00510,36818,46.93001,78453
2920,DreamyProtect,4,0.00510,36822,46.93511,78453
2921,Drew40B,4,0.00510,36826,46.94021,78453
2922,DrManojD,4,0.00510,36830,46.94530,78453
2923,dtaskai,4,0.00510,36834,46.95040,78453
2924,dudinea,4,0.00510,36838,46.95550,78453
2925,dugangandy,4,0.00510,36842,46.96060,78453
2926,dulataldazharov,4,0.00510,36846,46.96570,78453
2927,duxing,4,0.00510,36850,46.97080,78453
2928,dzediar,4,0.00510,36854,46.97590,78453
2929,dzhou3,4,0.00510,36858,46.98099,78453
2930,d-zhukov,4,0.00510,36862,46.98609,78453
2931,eakyildirim,4,0.00510,36866,46.99119,78453
2932,edevash,4,0.00510,36870,46.99629,78453
2933,edgefrog,4,0.00510,36874,47.00139,78453
2934,ediazm,4,0.00510,36878,47.00649,78453
2935,edita-timo,4,0.00510,36882,47.01159,78453
2936,efiacor,4,0.00510,36886,47.01669,78453
2937,ehrnst,4,0.00510,36890,47.02178,78453
2938,EladGabay,4,0.00510,36894,47.02688,78453
2939,Elger9,4,0.00510,36898,47.03198,78453
2940,Emadmojiri,4,0.00510,36902,47.03708,78453
2941,embroede,4,0.00510,36906,47.04218,78453
2942,EmielBruijntjes,4,0.00510,36910,47.04728,78453
2943,emilytao,4,0.00510,36914,47.05238,78453
2944,enosi-rl,4,0.00510,36918,47.05747,78453
2945,Eomm,4,0.00510,36922,47.06257,78453
2946,epaitoo,4,0.00510,36926,47.06767,78453
2947,epyonavenger,4,0.00510,36930,47.07277,78453
2948,ericfitzpatrick,4,0.00510,36934,47.07787,78453
2949,ErKriti,4,0.00510,36938,47.08297,78453
2950,eshenayo,4,0.00510,36942,47.08807,78453
2951,EthanLiu1991,4,0.00510,36946,47.09316,78453
2952,evercast-chris,4,0.00510,36950,47.09826,78453
2953,EwdAger,4,0.00510,36954,47.10336,78453
2954,exhau,4,0.00510,36958,47.10846,78453
2955,explogx,4,0.00510,36962,47.11356,78453
2956,eyalkraft,4,0.00510,36966,47.11866,78453
2957,ezequielantunez,4,0.00510,36970,47.12376,78453
2958,fainle,4,0.00510,36974,47.12885,78453
2959,Fantaztig,4,0.00510,36978,47.13395,78453
2960,FaraSys,4,0.00510,36982,47.13905,78453
2961,farhan787,4,0.00510,36986,47.14415,78453
2962,farukranabappy89,4,0.00510,36990,47.14925,78453
2963,fawohlsc,4,0.00510,36994,47.15435,78453
2964,fbernier,4,0.00510,36998,47.15945,78453
2965,fede-r1c0,4,0.00510,37002,47.16454,78453
2966,fengkang01,4,0.00510,37006,47.16964,78453
2967,fernando-az-cloudkite,4,0.00510,37010,47.17474,78453
2968,fgierlinger,4,0.00510,37014,47.17984,78453
2969,fidesachates,4,0.00510,37018,47.18494,78453
2970,fierman333,4,0.00510,37022,47.19004,78453
2971,filanov,4,0.00510,37026,47.19514,78453
2972,filippobuletto,4,0.00510,37030,47.20023,78453
2973,firefly-serenity,4,0.00510,37034,47.20533,78453
2974,floriandrott,4,0.00510,37038,47.21043,78453
2975,flowerworkio-root,4,0.00510,37042,47.21553,78453
2976,flrkli,4,0.00510,37046,47.22063,78453
2977,Foge9627,4,0.00510,37050,47.22573,78453
2978,formichunter,4,0.00510,37054,47.23083,78453
2979,frankbolero,4,0.00510,37058,47.23592,78453
2980,frankt-vmware,4,0.00510,37062,47.24102,78453
2981,FrittenToni,4,0.00510,37066,47.24612,78453
2982,FrodeI,4,0.00510,37070,47.25122,78453
2983,Fudell,4,0.00510,37074,47.25632,78453
2984,fuxiuyin,4,0.00510,37078,47.26142,78453
2985,gabrieloandco,4,0.00510,37082,47.26652,78453
2986,galiacheng,4,0.00510,37086,47.27161,78453
2987,galric,4,0.00510,37090,47.27671,78453
2988,gartmand,4,0.00510,37094,47.28181,78453
2989,gauravmca2017,4,0.00510,37098,47.28691,78453
2990,gautama,4,0.00510,37102,47.29201,78453
2991,Genry1,4,0.00510,37106,47.29711,78453
2992,geoffo-dev,4,0.00510,37110,47.30221,78453
2993,geojakes,4,0.00510,37114,47.30731,78453
2994,georgespingos,4,0.00510,37118,47.31240,78453
2995,ggold7046,4,0.00510,37122,47.31750,78453
2996,gibeautc,4,0.00510,37126,47.32260,78453
2997,gijsdpg,4,0.00510,37130,47.32770,78453
2998,gillesdouaire,4,0.00510,37134,47.33280,78453
2999,gioppoluca,4,0.00510,37138,47.33790,78453
3000,git-qfzhang,4,0.00510,37142,47.34300,78453
3001,gitstashpop,4,0.00510,37146,47.34809,78453
3002,gnanirahulnutakki,4,0.00510,37150,47.35319,78453
3003,go-faustino,4,0.00510,37154,47.35829,78453
3004,googlewalt,4,0.00510,37158,47.36339,78453
3005,GopiChandra25,4,0.00510,37162,47.36849,78453
3006,gotpist1,4,0.00510,37166,47.37359,78453
3007,grafjo,4,0.00510,37170,47.37869,78453
3008,gsar,4,0.00510,37174,47.38378,78453
3009,guisesterheim,4,0.00510,37178,47.38888,78453
3010,guodonglai,4,0.00510,37182,47.39398,78453
3011,guoqianru,4,0.00510,37186,47.39908,78453
3012,guvenaltunsoyy,4,0.00510,37190,47.40418,78453
3013,H1manshu-Soni,4,0.00510,37194,47.40928,78453
3014,hachi1030-Allen,4,0.00510,37198,47.41438,78453
3015,hackerboy01,4,0.00510,37202,47.41947,78453
3016,hacker-jak,4,0.00510,37206,47.42457,78453
3017,hannesknutsson,4,0.00510,37210,47.42967,78453
3018,hansongChina,4,0.00510,37214,47.43477,78453
3019,hansut,4,0.00510,37218,47.43987,78453
3020,hareesh-mandaloju,4,0.00510,37222,47.44497,78453
3021,hassankhosseini,4,0.00510,37226,47.45007,78453
3022,hdurand0710,4,0.00510,37230,47.45516,78453
3023,Heartlessguy,4,0.00510,37234,47.46026,78453
3024,heesuk-ahn,4,0.00510,37238,47.46536,78453
3025,hehuiyuan,4,0.00510,37242,47.47046,78453
3026,HenrikDK,4,0.00510,37246,47.47556,78453
3027,HetrTiXc,4,0.00510,37250,47.48066,78453
3028,hingbong,4,0.00510,37254,47.48576,78453
3029,hiseth,4,0.00510,37258,47.49085,78453
3030,Hitman247m,4,0.00510,37262,47.49595,78453
3031,hjiang-nuro,4,0.00510,37266,47.50105,78453
3032,hmuhammadazeem,4,0.00510,37270,47.50615,78453
3033,hntrmrrs,4,0.00510,37274,47.51125,78453
3034,hongfei0114,4,0.00510,37278,47.51635,78453
3035,hosseinkassaei,4,0.00510,37282,47.52145,78453
3036,huangzx3,4,0.00510,37286,47.52654,78453
3037,huguesBouvier,4,0.00510,37290,47.53164,78453
3038,iamatwork,4,0.00510,37294,47.53674,78453
3039,iampranabroy,4,0.00510,37298,47.54184,78453
3040,ibabiankou,4,0.00510,37302,47.54694,78453
3041,IceCodeNew,4,0.00510,37306,47.55204,78453
3042,IDerr,4,0.00510,37310,47.55714,78453
3043,idimou,4,0.00510,37314,47.56223,78453
3044,igoritos22,4,0.00510,37318,47.56733,78453
3045,igor-radulovic,4,0.00510,37322,47.57243,78453
3046,Ikalinichev,4,0.00510,37326,47.57753,78453
3047,inadquatecoding,4,0.00510,37330,47.58263,78453
3048,isatfg,4,0.00510,37334,47.58773,78453
3049,Ishizuka427,4,0.00510,37338,47.59283,78453
3050,isuru-perera,4,0.00510,37342,47.59792,78453
3051,itamarom,4,0.00510,37346,47.60302,78453
3052,iterativestudios,4,0.00510,37350,47.60812,78453
3053,itmisx,4,0.00510,37354,47.61322,78453
3054,ItsLastDay,4,0.00510,37358,47.61832,78453
3055,ivacolop,4,0.00510,37362,47.62342,78453
3056,ivan-claire,4,0.00510,37366,47.62852,78453
3057,ivangonzalezacuna,4,0.00510,37370,47.63362,78453
3058,IYABAO,4,0.00510,37374,47.63871,78453
3059,j4ckstraw,4,0.00510,37378,47.64381,78453
3060,jakspok,4,0.00510,37382,47.64891,78453
3061,jamesdowning-chip,4,0.00510,37386,47.65401,78453
3062,JamesSmith2,4,0.00510,37390,47.65911,78453
3063,janquijano,4,0.00510,37394,47.66421,78453
3064,Jardynq,4,0.00510,37398,47.66931,78453
3065,jaskij,4,0.00510,37402,47.67440,78453
3066,JavierPalaciosNexplore,4,0.00510,37406,47.67950,78453
3067,javydekoning,4,0.00510,37410,47.68460,78453
3068,jbtrystram,4,0.00510,37414,47.68970,78453
3069,jcdelarosa7,4,0.00510,37418,47.69480,78453
3070,jdftapi,4,0.00510,37422,47.69990,78453
3071,jdoiro3,4,0.00510,37426,47.70500,78453
3072,Jeff-Apple,4,0.00510,37430,47.71009,78453
3073,jefree-cat,4,0.00510,37434,47.71519,78453
3074,jelel-fliss,4,0.00510,37438,47.72029,78453
3075,jelly320,4,0.00510,37442,47.72539,78453
3076,jen13501,4,0.00510,37446,47.73049,78453
3077,Jenniferyingni,4,0.00510,37450,47.73559,78453
3078,JesperTerkelsen,4,0.00510,37454,47.74069,78453
3079,jetpacula,4,0.00510,37458,47.74578,78453
3080,jeverett1522,4,0.00510,37462,47.75088,78453
3081,jguice,4,0.00510,37466,47.75598,78453
3082,jha-hitesh,4,0.00510,37470,47.76108,78453
3083,JIANGYU-14,4,0.00510,37474,47.76618,78453
3084,jiaxzeng,4,0.00510,37478,47.77128,78453
3085,jihaojiemo,4,0.00510,37482,47.77638,78453
3086,jinhong-,4,0.00510,37486,47.78147,78453
3087,jinjiang2009,4,0.00510,37490,47.78657,78453
3088,jjsadek,4,0.00510,37494,47.79167,78453
3089,jkaye2012,4,0.00510,37498,47.79677,78453
3090,jkirkpatrick24,4,0.00510,37502,47.80187,78453
3091,jkreileder,4,0.00510,37506,47.80697,78453
3092,jnarowski,4,0.00510,37510,47.81207,78453
3093,joeflatt,4,0.00510,37514,47.81716,78453
3094,joejustesen,4,0.00510,37518,47.82226,78453
3095,JohanNicander,4,0.00510,37522,47.82736,78453
3096,JohnMatty,4,0.00510,37526,47.83246,78453
3097,johnp-stella,4,0.00510,37530,47.83756,78453
3098,johnson-prabu,4,0.00510,37534,47.84266,78453
3099,jonnybi,4,0.00510,37538,47.84776,78453
3100,jonringer,4,0.00510,37542,47.85285,78453
3101,journey-wang,4,0.00510,37546,47.85795,78453
3102,jpereiramp,4,0.00510,37550,47.86305,78453
3103,jplindquist,4,0.00510,37554,47.86815,78453
3104,jthurner,4,0.00510,37558,47.87325,78453
3105,juandemanjon,4,0.00510,37562,47.87835,78453
3106,jujiale,4,0.00510,37566,47.88345,78453
3107,Jungzhang,4,0.00510,37570,47.88854,78453
3108,Justin-Jin,4,0.00510,37574,47.89364,78453
3109,jwjs36987,4,0.00510,37578,47.89874,78453
3110,k3env,4,0.00510,37582,47.90384,78453
3111,kacper-ka,4,0.00510,37586,47.90894,78453
3112,kaiyuanlim,4,0.00510,37590,47.91404,78453
3113,kanrenibm,4,0.00510,37594,47.91914,78453
3114,karanchahal,4,0.00510,37598,47.92423,78453
3115,karanssh,4,0.00510,37602,47.92933,78453
3116,KariemSoudy,4,0.00510,37606,47.93443,78453
3117,karlhjm,4,0.00510,37610,47.93953,78453
3118,karosuwindam,4,0.00510,37614,47.94463,78453
3119,kartikeymittal,4,0.00510,37618,47.94973,78453
3120,kcoriordan,4,0.00510,37622,47.95483,78453
3121,ken8203,4,0.00510,37626,47.95993,78453
3122,kenoung,4,0.00510,37630,47.96502,78453
3123,ketseh,4,0.00510,37634,47.97012,78453
3124,kfhanjie,4,0.00510,37638,47.97522,78453
3125,kfiresmith,4,0.00510,37642,47.98032,78453
3126,khoa-hatch,4,0.00510,37646,47.98542,78453
3127,khoavo-hatch,4,0.00510,37650,47.99052,78453
3128,khyer,4,0.00510,37654,47.99562,78453
3129,Kiranmoka,4,0.00510,37658,48.00071,78453
3130,knack-roque,4,0.00510,37662,48.00581,78453
3131,kobus-v-schoor,4,0.00510,37666,48.01091,78453
3132,kon-s,4,0.00510,37670,48.01601,78453
3133,konstantin-921,4,0.00510,37674,48.02111,78453
3134,KPC091992,4,0.00510,37678,48.02621,78453
3135,kpeteln,4,0.00510,37682,48.03131,78453
3136,kpoos,4,0.00510,37686,48.03640,78453
3137,krajshiva,4,0.00510,37690,48.04150,78453
3138,krgn,4,0.00510,37694,48.04660,78453
3139,ksawerykarwacki,4,0.00510,37698,48.05170,78453
3140,kseniyashaydurova,4,0.00510,37702,48.05680,78453
3141,kumabuchi,4,0.00510,37706,48.06190,78453
3142,kushal-ti,4,0.00510,37710,48.06700,78453
3143,kuuji,4,0.00510,37714,48.07209,78453
3144,kwri-avongluck,4,0.00510,37718,48.07719,78453
3145,kyleli666,4,0.00510,37722,48.08229,78453
3146,kylev,4,0.00510,37726,48.08739,78453
3147,Laconty,4,0.00510,37730,48.09249,78453
3148,laiyunong,4,0.00510,37734,48.09759,78453
3149,lakshikaparihar,4,0.00510,37738,48.10269,78453
3150,Lantern-r,4,0.00510,37742,48.10778,78453
3151,lasantharanjana,4,0.00510,37746,48.11288,78453
3152,laugmanuel,4,0.00510,37750,48.11798,78453
3153,lazarkrstic,4,0.00510,37754,48.12308,78453
3154,learnitall,4,0.00510,37758,48.12818,78453
3155,LechG,4,0.00510,37762,48.13328,78453
3156,Leem0sh,4,0.00510,37766,48.13838,78453
3157,lemeurherve,4,0.00510,37770,48.14347,78453
3158,leonanu,4,0.00510,37774,48.14857,78453
3159,lhaendler,4,0.00510,37778,48.15367,78453
3160,lhidalgo89,4,0.00510,37782,48.15877,78453
3161,lianzxu,4,0.00510,37786,48.16387,78453
3162,liberize,4,0.00510,37790,48.16897,78453
3163,lifeofmoo,4,0.00510,37794,48.17407,78453
3164,lihanping2016,4,0.00510,37798,48.17916,78453
3165,lijie0123,4,0.00510,37802,48.18426,78453
3166,linastehle,4,0.00510,37806,48.18936,78453
3167,linghengqian,4,0.00510,37810,48.19446,78453
3168,LinTechSo,4,0.00510,37814,48.19956,78453
3169,lioryantov,4,0.00510,37818,48.20466,78453
3170,lirui79,4,0.00510,37822,48.20976,78453
3171,lisa-pi,4,0.00510,37826,48.21485,78453
3172,litcc,4,0.00510,37830,48.21995,78453
3173,little-fang,4,0.00510,37834,48.22505,78453
3174,liu0208xuan,4,0.00510,37838,48.23015,78453
3175,liudonghua123,4,0.00510,37842,48.23525,78453
3176,liuhanguang123,4,0.00510,37846,48.24035,78453
3177,liujp,4,0.00510,37850,48.24545,78453
3178,liutingqin,4,0.00510,37854,48.25054,78453
3179,liuzhen2008,4,0.00510,37858,48.25564,78453
3180,liwenhao0810,4,0.00510,37862,48.26074,78453
3181,liyang516,4,0.00510,37866,48.26584,78453
3182,lkruger,4,0.00510,37870,48.27094,78453
3183,llovizno,4,0.00510,37874,48.27604,78453
3184,Logankwb,4,0.00510,37878,48.28114,78453
3185,lokinehn,4,0.00510,37882,48.28624,78453
3186,lostcoaster,4,0.00510,37886,48.29133,78453
3187,ls0f,4,0.00510,37890,48.29643,78453
3188,luckybirdme,4,0.00510,37894,48.30153,78453
3189,luckyJ-nj,4,0.00510,37898,48.30663,78453
3190,luckyuuuu,4,0.00510,37902,48.31173,78453
3191,Lu-Gru,4,0.00510,37906,48.31683,78453
3192,luhring,4,0.00510,37910,48.32193,78453
3193,luisgj,4,0.00510,37914,48.32702,78453
3194,LukasAuerbeck,4,0.00510,37918,48.33212,78453
3195,lukaszraczylo,4,0.00510,37922,48.33722,78453
3196,LukeRobbo,4,0.00510,37926,48.34232,78453
3197,luoffei,4,0.00510,37930,48.34742,78453
3198,lusains,4,0.00510,37934,48.35252,78453
3199,lvboxin1,4,0.00510,37938,48.35762,78453
3200,lxv458,4,0.00510,37942,48.36271,78453
3201,lyhao,4,0.00510,37946,48.36781,78453
3202,Lykos84,4,0.00510,37950,48.37291,78453
3203,lysilver,4,0.00510,37954,48.37801,78453
3204,m1nish1208,4,0.00510,37958,48.38311,78453
3205,Macrow,4,0.00510,37962,48.38821,78453
3206,madeline-k,4,0.00510,37966,48.39331,78453
3207,madhub,4,0.00510,37970,48.39840,78453
3208,magapp,4,0.00510,37974,48.40350,78453
3209,MagicalBomb,4,0.00510,37978,48.40860,78453
3210,mahantsucf,4,0.00510,37982,48.41370,78453
3211,mahaprasadnayak,4,0.00510,37986,48.41880,78453
3212,mahendrabishnoi2,4,0.00510,37990,48.42390,78453
3213,mail2sandeepd,4,0.00510,37994,48.42900,78453
3214,Maissacrement,4,0.00510,37998,48.43409,78453
3215,maixiaohai,4,0.00510,38002,48.43919,78453
3216,majidghs,4,0.00510,38006,48.44429,78453
3217,majoyal,4,0.00510,38010,48.44939,78453
3218,makeavish,4,0.00510,38014,48.45449,78453
3219,mamjong,4,0.00510,38018,48.45959,78453
3220,manoelhc,4,0.00510,38022,48.46469,78453
3221,manoharmgit,4,0.00510,38026,48.46978,78453
3222,marcomusso,4,0.00510,38030,48.47488,78453
3223,MarcoZhang111,4,0.00510,38034,48.47998,78453
3224,mariuslpop,4,0.00510,38038,48.48508,78453
3225,MartianGreed,4,0.00510,38042,48.49018,78453
3226,martin-bucinskas,4,0.00510,38046,48.49528,78453
3227,martynas-m,4,0.00510,38050,48.50038,78453
3228,matejsp,4,0.00510,38054,48.50547,78453
3229,mathiasvdb1998,4,0.00510,38058,48.51057,78453
3230,matmicro,4,0.00510,38062,48.51567,78453
3231,matthewbyrne,4,0.00510,38066,48.52077,78453
3232,MattPumphreyWorkRise,4,0.00510,38070,48.52587,78453
3233,MaxFedotov,4,0.00510,38074,48.53097,78453
3234,Maxfer4Maxfer,4,0.00510,38078,48.53607,78453
3235,max-l-f,4,0.00510,38082,48.54116,78453
3236,maxwolffe,4,0.00510,38086,48.54626,78453
3237,m-craghead,4,0.00510,38090,48.55136,78453
3238,mdarmandev,4,0.00510,38094,48.55646,78453
3239,mdii,4,0.00510,38098,48.56156,78453
3240,medz,4,0.00510,38102,48.56666,78453
3241,melcsanad,4,0.00510,38106,48.57176,78453
3242,MelissaKaulfuss,4,0.00510,38110,48.57685,78453
3243,mengschin,4,0.00510,38114,48.58195,78453
3244,meysamhadeli,4,0.00510,38118,48.58705,78453
3245,mhadimani,4,0.00510,38122,48.59215,78453
3246,miaucl,4,0.00510,38126,48.59725,78453
3247,MichaelSitter,4,0.00510,38130,48.60235,78453
3248,MichalzDev,4,0.00510,38134,48.60745,78453
3249,Mik4sa,4,0.00510,38138,48.61255,78453
3250,mikwieczorek,4,0.00510,38142,48.61764,78453
3251,millsll,4,0.00510,38146,48.62274,78453
3252,mindbergh,4,0.00510,38150,48.62784,78453
3253,M-Indyukov,4,0.00510,38154,48.63294,78453
3254,minenhle-lipapayments,4,0.00510,38158,48.63804,78453
3255,Mins,4,0.00510,38162,48.64314,78453
3256,mint570,4,0.00510,38166,48.64824,78453
3257,Minutis,4,0.00510,38170,48.65333,78453
3258,mirdsmulya,4,0.00510,38174,48.65843,78453
3259,mithlajkn,4,0.00510,38178,48.66353,78453
3260,mixja,4,0.00510,38182,48.66863,78453
3261,mkaput,4,0.00510,38186,48.67373,78453
3262,mkauf,4,0.00510,38190,48.67883,78453
3263,mlalic,4,0.00510,38194,48.68393,78453
3264,mmalyska,4,0.00510,38198,48.68902,78453
3265,mobin102,4,0.00510,38202,48.69412,78453
3266,momomobinx,4,0.00510,38206,48.69922,78453
3267,moonsphere,4,0.00510,38210,48.70432,78453
3268,moreyhat,4,0.00510,38214,48.70942,78453
3269,morlando016,4,0.00510,38218,48.71452,78453
3270,mramakrishnaprasad,4,0.00510,38222,48.71962,78453
3271,MrGreenRUS,4,0.00510,38226,48.72471,78453
3272,mrgreyves,4,0.00510,38230,48.72981,78453
3273,mrobinson-wavehq,4,0.00510,38234,48.73491,78453
3274,MRSorokinMaxim,4,0.00510,38238,48.74001,78453
3275,mrsufgi,4,0.00510,38242,48.74511,78453
3276,mruell,4,0.00510,38246,48.75021,78453
3277,msAlcantara,4,0.00510,38250,48.75531,78453
3278,msebi,4,0.00510,38254,48.76040,78453
3279,mster429,4,0.00510,38258,48.76550,78453
3280,MUCZ,4,0.00510,38262,48.77060,78453
3281,mumayuan,4,0.00510,38266,48.77570,78453
3282,mutomasa,4,0.00510,38270,48.78080,78453
3283,mwz,4,0.00510,38274,48.78590,78453
3284,Myothas,4,0.00510,38278,48.79100,78453
3285,myself7890,4,0.00510,38282,48.79609,78453
3286,Naeim-Zarei,4,0.00510,38286,48.80119,78453
3287,Nahasean94,4,0.00510,38290,48.80629,78453
3288,nange-Blog,4,0.00510,38294,48.81139,78453
3289,nanmor,4,0.00510,38298,48.81649,78453
3290,nasushkov,4,0.00510,38302,48.82159,78453
3291,natcl,4,0.00510,38306,48.82669,78453
3292,Naughty-Monkey,4,0.00510,38310,48.83178,78453
3293,ncattuong,4,0.00510,38314,48.83688,78453
3294,Neil-Boyle,4,0.00510,38318,48.84198,78453
3295,neoeinstein,4,0.00510,38322,48.84708,78453
3296,NeoZephyr,4,0.00510,38326,48.85218,78453
3297,nerddtvg,4,0.00510,38330,48.85728,78453
3298,nhatmicls,4,0.00510,38334,48.86238,78453
3299,NickJackolson,4,0.00510,38338,48.86747,78453
3300,nicklesimba,4,0.00510,38342,48.87257,78453
3301,nickrisaro,4,0.00510,38346,48.87767,78453
3302,nicolaszein,4,0.00510,38350,48.88277,78453
3303,nikhilMS123,4,0.00510,38354,48.88787,78453
3304,nikhilshrv,4,0.00510,38358,48.89297,78453
3305,nikstur,4,0.00510,38362,48.89807,78453
3306,nilscan,4,0.00510,38366,48.90316,78453
3307,NimbleArchitect,4,0.00510,38370,48.90826,78453
3308,ninoslavmedan,4,0.00510,38374,48.91336,78453
3309,nirandaperera,4,0.00510,38378,48.91846,78453
3310,Nishant27Saini,4,0.00510,38382,48.92356,78453
3311,NishantJoshi00,4,0.00510,38386,48.92866,78453
3312,nitrogene,4,0.00510,38390,48.93376,78453
3313,niv8,4,0.00510,38394,48.93886,78453
3314,nixargh,4,0.00510,38398,48.94395,78453
3315,NMinhNguyen,4,0.00510,38402,48.94905,78453
3316,nobletrout,4,0.00510,38406,48.95415,78453
3317,NovemberZulu,4,0.00510,38410,48.95925,78453
3318,npchandran,4,0.00510,38414,48.96435,78453
3319,NPellet,4,0.00510,38418,48.96945,78453
3320,npinaeva,4,0.00510,38422,48.97455,78453
3321,nunofilipecosta,4,0.00510,38426,48.97964,78453
3322,nupis-DanielS,4,0.00510,38430,48.98474,78453
3323,nwehr,4,0.00510,38434,48.98984,78453
3324,o15a3d4l11s2,4,0.00510,38438,48.99494,78453
3325,obautista,4,0.00510,38442,49.00004,78453
3326,odorT,4,0.00510,38446,49.00514,78453
3327,ofekedri,4,0.00510,38450,49.01024,78453
3328,oiar,4,0.00510,38454,49.01533,78453
3329,OlafHappyson,4,0.00510,38458,49.02043,78453
3330,olderwei,4,0.00510,38462,49.02553,78453
3331,OleksiiPasihnyk,4,0.00510,38466,49.03063,78453
3332,olivermt,4,0.00510,38470,49.03573,78453
3333,oliverpool,4,0.00510,38474,49.04083,78453
3334,OmarHawk,4,0.00510,38478,49.04593,78453
3335,omichels,4,0.00510,38482,49.05102,78453
3336,OOPMan,4,0.00510,38486,49.05612,78453
3337,OsamaEnergia,4,0.00510,38490,49.06122,78453
3338,o-shevchenko,4,0.00510,38494,49.06632,78453
3339,ottokruse,4,0.00510,38498,49.07142,78453
3340,oujonny,4,0.00510,38502,49.07652,78453
3341,outgnaY,4,0.00510,38506,49.08162,78453
3342,p4ck3t0,4,0.00510,38510,49.08671,78453
3343,pabateman,4,0.00510,38514,49.09181,78453
3344,pabmoflo,4,0.00510,38518,49.09691,78453
3345,pabrahamasurion,4,0.00510,38522,49.10201,78453
3346,PadminiRai,4,0.00510,38526,49.10711,78453
3347,PanKaker,4,0.00510,38530,49.11221,78453
3348,panktrip,4,0.00510,38534,49.11731,78453
3349,panthamm,4,0.00510,38538,49.12240,78453
3350,paoloambrosio-skyuk,4,0.00510,38542,49.12750,78453
3351,ParameshP45,4,0.00510,38546,49.13260,78453
3352,parkwart,4,0.00510,38550,49.13770,78453
3353,parthasarathi-pm,4,0.00510,38554,49.14280,78453
3354,paulorpdlitss,4,0.00510,38558,49.14790,78453
3355,pavan541cs,4,0.00510,38562,49.15300,78453
3356,PavelSusloparov,4,0.00510,38566,49.15809,78453
3357,peeveen,4,0.00510,38570,49.16319,78453
3358,PepijnK,4,0.00510,38574,49.16829,78453
3359,peterbom,4,0.00510,38578,49.17339,78453
3360,petrmac,4,0.00510,38582,49.17849,78453
3361,pevans-lutron,4,0.00510,38586,49.18359,78453
3362,pgajdos,4,0.00510,38590,49.18869,78453
3363,phiremath,4,0.00510,38594,49.19378,78453
3364,PHLens,4,0.00510,38598,49.19888,78453
3365,Phoaster-wry,4,0.00510,38602,49.20398,78453
3366,PierreBart,4,0.00510,38606,49.20908,78453
3367,pkgonan,4,0.00510,38610,49.21418,78453
3368,pmeffre,4,0.00510,38614,49.21928,78453
3369,podurga,4,0.00510,38618,49.22438,78453
3370,pokusak,4,0.00510,38622,49.22947,78453
3371,Polber,4,0.00510,38626,49.23457,78453
3372,ppdogg,4,0.00510,38630,49.23967,78453
3373,pptb-aws,4,0.00510,38634,49.24477,78453
3374,prabin-acharya,4,0.00510,38638,49.24987,78453
3375,prahlad141992,4,0.00510,38642,49.25497,78453
3376,pralow,4,0.00510,38646,49.26007,78453
3377,prathapdasari,4,0.00510,38650,49.26517,78453
3378,praveensams16,4,0.00510,38654,49.27026,78453
3379,Prisma-Ralf-T,4,0.00510,38658,49.27536,78453
3380,priyanka-ravi,4,0.00510,38662,49.28046,78453
3381,pro100guy,4,0.00510,38666,49.28556,78453
3382,progmatic-99,4,0.00510,38670,49.29066,78453
3383,projectindex,4,0.00510,38674,49.29576,78453
3384,psheorangithub,4,0.00510,38678,49.30086,78453
3385,qdii,4,0.00510,38682,49.30595,78453
3386,Qiaoruiwu,4,0.00510,38686,49.31105,78453
3387,qixiaoyang0,4,0.00510,38690,49.31615,78453
3388,Queeq,4,0.00510,38694,49.32125,78453
3389,r3pli,4,0.00510,38698,49.32635,78453
3390,radiantone,4,0.00510,38702,49.33145,78453
3391,rafaela-soares,4,0.00510,38706,49.33655,78453
3392,rahulgupta92,4,0.00510,38710,49.34164,78453
3393,rahuls2,4,0.00510,38714,49.34674,78453
3394,Rajendraladkat1919,4,0.00510,38718,49.35184,78453
3395,rakeshreddyrg09,4,0.00510,38722,49.35694,78453
3396,ramanagali,4,0.00510,38726,49.36204,78453
3397,ramonberrutti-f3,4,0.00510,38730,49.36714,78453
3398,RandyLambert,4,0.00510,38734,49.37224,78453
3399,rannox,4,0.00510,38738,49.37733,78453
3400,raulrojasadl,4,0.00510,38742,49.38243,78453
3401,raymonddejong,4,0.00510,38746,49.38753,78453
3402,rbaethe,4,0.00510,38750,49.39263,78453
3403,rcooper85,4,0.00510,38754,49.39773,78453
3404,reachanshul,4,0.00510,38758,49.40283,78453
3405,recobe182,4,0.00510,38762,49.40793,78453
3406,RedrumSherlock,4,0.00510,38766,49.41302,78453
3407,reespozzi,4,0.00510,38770,49.41812,78453
3408,replacewithname,4,0.00510,38774,49.42322,78453
3409,re-Tick,4,0.00510,38778,49.42832,78453
3410,retsamedoc,4,0.00510,38782,49.43342,78453
3411,rgutierrez2004,4,0.00510,38786,49.43852,78453
3412,rh2048,4,0.00510,38790,49.44362,78453
3413,rheckart,4,0.00510,38794,49.44871,78453
3414,RichDCs,4,0.00510,38798,49.45381,78453
3415,Ricky816845,4,0.00510,38802,49.45891,78453
3416,rjrosa,4,0.00510,38806,49.46401,78453
3417,r-nagaraj,4,0.00510,38810,49.46911,78453
3418,robin1900,4,0.00510,38814,49.47421,78453
3419,rohanagarwal36,4,0.00510,38818,49.47931,78453
3420,rohith-cmd,4,0.00510,38822,49.48440,78453
3421,rohitjha941,4,0.00510,38826,49.48950,78453
3422,ronensc,4,0.00510,38830,49.49460,78453
3423,Roronoa-Z3r0,4,0.00510,38834,49.49970,78453
3424,rozdestvenskiy,4,0.00510,38838,49.50480,78453
3425,rsotogar,4,0.00510,38842,49.50990,78453
3426,rustamsmax,4,0.00510,38846,49.51500,78453
3427,Rymania,4,0.00510,38850,49.52009,78453
3428,SabariArunkumarP,4,0.00510,38854,49.52519,78453
3429,sacrex,4,0.00510,38858,49.53029,78453
3430,safeercm,4,0.00510,38862,49.53539,78453
3431,saihide,4,0.00510,38866,49.54049,78453
3432,sairameshv,4,0.00510,38870,49.54559,78453
3433,sai-sunder-s,4,0.00510,38874,49.55069,78453
3434,Sajal-12,4,0.00510,38878,49.55578,78453
3435,sajirali,4,0.00510,38882,49.56088,78453
3436,sajjadgol,4,0.00510,38886,49.56598,78453
3437,SalimiHabib,4,0.00510,38890,49.57108,78453
3438,samc,4,0.00510,38894,49.57618,78453
3439,samriley,4,0.00510,38898,49.58128,78453
3440,samuelhnrq,4,0.00510,38902,49.58638,78453
3441,sandcuck,4,0.00510,38906,49.59148,78453
3442,SangforStorage,4,0.00510,38910,49.59657,78453
3443,sankhyan,4,0.00510,38914,49.60167,78453
3444,Sasuke0713,4,0.00510,38918,49.60677,78453
3445,sathya1meda,4,0.00510,38922,49.61187,78453
3446,satyav-equinix,4,0.00510,38926,49.61697,78453
3447,Sayali1638,4,0.00510,38930,49.62207,78453
3448,sazary,4,0.00510,38934,49.62717,78453
3449,sb-tmd-dev,4,0.00510,38938,49.63226,78453
3450,sbulman,4,0.00510,38942,49.63736,78453
3451,seanpang-vmware,4,0.00510,38946,49.64246,78453
3452,SebastianSchuetze,4,0.00510,38950,49.64756,78453
3453,sebastienle14,4,0.00510,38954,49.65266,78453
3454,sekthor,4,0.00510,38958,49.65776,78453
3455,semenodp,4,0.00510,38962,49.66286,78453
3456,seocam,4,0.00510,38966,49.66795,78453
3457,sepplK,4,0.00510,38970,49.67305,78453
3458,serape,4,0.00510,38974,49.67815,78453
3459,serhatYilmazz,4,0.00510,38978,49.68325,78453
3460,setiseta,4,0.00510,38982,49.68835,78453
3461,seung-moon,4,0.00510,38986,49.69345,78453
3462,sgreszcz,4,0.00510,38990,49.69855,78453
3463,Shabahang,4,0.00510,38994,49.70364,78453
3464,shailendra-ahir-cbre,4,0.00510,38998,49.70874,78453
3465,shankarramesh16,4,0.00510,39002,49.71384,78453
3466,sharigitpersonal,4,0.00510,39006,49.71894,78453
3467,Shark,4,0.00510,39010,49.72404,78453
3468,sharmarahul5,4,0.00510,39014,49.72914,78453
3469,shashikiran-pdi,4,0.00510,39018,49.73424,78453
3470,shashipramod,4,0.00510,39022,49.73933,78453
3471,shazadbrohi,4,0.00510,39026,49.74443,78453
3472,shersh,4,0.00510,39030,49.74953,78453
3473,shijieqin,4,0.00510,39034,49.75463,78453
3474,Shikhar0411,4,0.00510,39038,49.75973,78453
3475,shimmieblum,4,0.00510,39042,49.76483,78453
3476,ShiroDN,4,0.00510,39046,49.76993,78453
3477,shotnaka,4,0.00510,39050,49.77502,78453
3478,shubham-in10se,4,0.00510,39054,49.78012,78453
3479,shubhammittal90,4,0.00510,39058,49.78522,78453
3480,ShurikAg,4,0.00510,39062,49.79032,78453
3481,shvmdwivedi,4,0.00510,39066,49.79542,78453
3482,si-hyeon-ee,4,0.00510,39070,49.80052,78453
3483,simongellis-attentive,4,0.00510,39074,49.80562,78453
3484,SimonYang-CS,4,0.00510,39078,49.81071,78453
3485,simsicon,4,0.00510,39082,49.81581,78453
3486,sjqnn,4,0.00510,39086,49.82091,78453
3487,skhamkar-tibco,4,0.00510,39090,49.82601,78453
3488,slavhate,4,0.00510,39094,49.83111,78453
3489,slougheed,4,0.00510,39098,49.83621,78453
3490,SlyngDK,4,0.00510,39102,49.84131,78453
3491,smallAttr,4,0.00510,39106,49.84640,78453
3492,Smityz,4,0.00510,39110,49.85150,78453
3493,snoopy82481,4,0.00510,39114,49.85660,78453
3494,Snorri1986,4,0.00510,39118,49.86170,78453
3495,SOF3,4,0.00510,39122,49.86680,78453
3496,sonicSW,4,0.00510,39126,49.87190,78453
3497,sonthonaxrk,4,0.00510,39130,49.87700,78453
3498,Speculor,4,0.00510,39134,49.88210,78453
3499,sperahd,4,0.00510,39138,49.88719,78453
3500,sphrasavath,4,0.00510,39142,49.89229,78453
3501,spider-network,4,0.00510,39146,49.89739,78453
3502,Spoonbender,4,0.00510,39150,49.90249,78453
3503,sr-caprx,4,0.00510,39154,49.90759,78453
3504,sridharan-stitch,4,0.00510,39158,49.91269,78453
3505,srinidhis94,4,0.00510,39162,49.91779,78453
3506,sschneider-ihre-pvs,4,0.00510,39166,49.92288,78453
3507,stephanECD,4,0.00510,39170,49.92798,78453
3508,stephpalis,4,0.00510,39174,49.93308,78453
3509,Stolz,4,0.00510,39178,49.93818,78453
3510,strayer,4,0.00510,39182,49.94328,78453
3511,subbusquareshift,4,0.00510,39186,49.94838,78453
3512,subhashchy,4,0.00510,39190,49.95348,78453
3513,Sudhamsh,4,0.00510,39194,49.95857,78453
3514,sudomateo,4,0.00510,39198,49.96367,78453
3515,sukrit007wawa,4,0.00510,39202,49.96877,78453
3516,suneclausen,4,0.00510,39206,49.97387,78453
3517,sunmiao0301,4,0.00510,39210,49.97897,78453
3518,Sunyelw,4,0.00510,39214,49.98407,78453
3519,Superbasil3,4,0.00510,39218,49.98917,78453
3520,sureshgoli25,4,0.00510,39222,49.99426,78453
3521,Svaly,4,0.00510,39226,49.99936,78453
3522,swagatbora90,4,0.00510,39230,50.00446,78453
3523,swestner-loyalty,4,0.00510,39234,50.00956,78453
3524,t5kaji,4,0.00510,39238,50.01466,78453
3525,Taiwrash,4,0.00510,39242,50.01976,78453
3526,tal66,4,0.00510,39246,50.02486,78453
3527,tall-dan,4,0.00510,39250,50.02995,78453
3528,tamirhad,4,0.00510,39254,50.03505,78453
3529,tanmay-bhat,4,0.00510,39258,50.04015,78453
3530,tasos71,4,0.00510,39262,50.04525,78453
3531,tastelikefeet,4,0.00510,39266,50.05035,78453
3532,TayyabSuhail123,4,0.00510,39270,50.05545,78453
3533,tclass,4,0.00510,39274,50.06055,78453
3534,teqwve,4,0.00510,39278,50.06564,78453
3535,terceiro,4,0.00510,39282,50.07074,78453
3536,thangamani-arun,4,0.00510,39286,50.07584,78453
3537,thecoolworld,4,0.00510,39290,50.08094,78453
3538,thekuwayama,4,0.00510,39294,50.08604,78453
3539,ThibaultLengagne,4,0.00510,39298,50.09114,78453
3540,thisisbillall,4,0.00510,39302,50.09624,78453
3541,thomas-blaisot-su,4,0.00510,39306,50.10133,78453
3542,thyagarajab,4,0.00510,39310,50.10643,78453
3543,TieWay59,4,0.00510,39314,50.11153,78453
3544,tikluganguly,4,0.00510,39318,50.11663,78453
3545,timdah,4,0.00510,39322,50.12173,78453
3546,timoknapp,4,0.00510,39326,50.12683,78453
3547,TIM-Siyuan,4,0.00510,39330,50.13193,78453
3548,tiwood,4,0.00510,39334,50.13702,78453
3549,tjefferson08,4,0.00510,39338,50.14212,78453
3550,tkatila,4,0.00510,39342,50.14722,78453
3551,tobiasamft,4,0.00510,39346,50.15232,78453
3552,Tobytee17,4,0.00510,39350,50.15742,78453
3553,tomasspi,4,0.00510,39354,50.16252,78453
3554,tomkennes,4,0.00510,39358,50.16762,78453
3555,tonghuaroot,4,0.00510,39362,50.17271,78453
3556,tracycyx,4,0.00510,39366,50.17781,78453
3557,trekawek,4,0.00510,39370,50.18291,78453
3558,trent-abc,4,0.00510,39374,50.18801,78453
3559,tsmithv11,4,0.00510,39378,50.19311,78453
3560,ttsokov,4,0.00510,39382,50.19821,78453
3561,tuesdaycodes,4,0.00510,39386,50.20331,78453
3562,tvsaru,4,0.00510,39390,50.20841,78453
3563,tw185112,4,0.00510,39394,50.21350,78453
3564,tzaspel-finatix,4,0.00510,39398,50.21860,78453
3565,ultrastdn,4,0.00510,39402,50.22370,78453
3566,Umoren,4,0.00510,39406,50.22880,78453
3567,UrsusLvovich,4,0.00510,39410,50.23390,78453
3568,valande,4,0.00510,39414,50.23900,78453
3569,valentindeaconu,4,0.00510,39418,50.24410,78453
3570,vazkarvishal,4,0.00510,39422,50.24919,78453
3571,vdnclodio,4,0.00510,39426,50.25429,78453
3572,Vegim,4,0.00510,39430,50.25939,78453
3573,vemireddy-vaibhav,4,0.00510,39434,50.26449,78453
3574,venkataphaniv,4,0.00510,39438,50.26959,78453
3575,venkatesh2090,4,0.00510,39442,50.27469,78453
3576,Veryfirstmoment,4,0.00510,39446,50.27979,78453
3577,via-justa,4,0.00510,39450,50.28488,78453
3578,vickydev90,4,0.00510,39454,50.28998,78453
3579,VicNgu,4,0.00510,39458,50.29508,78453
3580,Vighi88,4,0.00510,39462,50.30018,78453
3581,VinayGoudCheguri,4,0.00510,39466,50.30528,78453
3582,vincentatmessagebird,4,0.00510,39470,50.31038,78453
3583,virtualdogbert,4,0.00510,39474,50.31548,78453
3584,vitruvvius,4,0.00510,39478,50.32057,78453
3585,vk-98,4,0.00510,39482,50.32567,78453
3586,vl-shopback,4,0.00510,39486,50.33077,78453
3587,vra5107,4,0.00510,39490,50.33587,78453
3588,vring0,4,0.00510,39494,50.34097,78453
3589,vrushch,4,0.00510,39498,50.34607,78453
3590,VuongAnhh,4,0.00510,39502,50.35117,78453
3591,vvenka57,4,0.00510,39506,50.35626,78453
3592,vyhid,4,0.00510,39510,50.36136,78453
3593,waewoo,4,0.00510,39514,50.36646,78453
3594,Walter-DEL,4,0.00510,39518,50.37156,78453
3595,wanggd0313,4,0.00510,39522,50.37666,78453
3596,WANGPILANG,4,0.00510,39526,50.38176,78453
3597,wasims1,4,0.00510,39530,50.38686,78453
3598,waynelwz,4,0.00510,39534,50.39195,78453
3599,WebShivam,4,0.00510,39538,50.39705,78453
3600,wellsud,4,0.00510,39542,50.40215,78453
3601,weltonrodrigo,4,0.00510,39546,50.40725,78453
3602,wengyao04,4,0.00510,39550,50.41235,78453
3603,wenym1,4,0.00510,39554,50.41745,78453
3604,whalecoiner,4,0.00510,39558,50.42255,78453
3605,What871As,4,0.00510,39562,50.42764,78453
3606,whoreyou,4,0.00510,39566,50.43274,78453
3607,wibarre,4,0.00510,39570,50.43784,78453
3608,wideocean,4,0.00510,39574,50.44294,78453
3609,willwexler,4,0.00510,39578,50.44804,78453
3610,winnieoursbrun,4,0.00510,39582,50.45314,78453
3611,wokalski,4,0.00510,39586,50.45824,78453
3612,Wolfe1,4,0.00510,39590,50.46333,78453
3613,WPCode,4,0.00510,39594,50.46843,78453
3614,wseaton,4,0.00510,39598,50.47353,78453
3615,Wuzyn,4,0.00510,39602,50.47863,78453
3616,xAmast,4,0.00510,39606,50.48373,78453
3617,xchan,4,0.00510,39610,50.48883,78453
3618,xenofree,4,0.00510,39614,50.49393,78453
3619,xiaoyang-chen,4,0.00510,39618,50.49902,78453
3620,xie-shujian,4,0.00510,39622,50.50412,78453
3621,xsmrcek,4,0.00510,39626,50.50922,78453
3622,xsyl1124,4,0.00510,39630,50.51432,78453
3623,xuanyingcool,4,0.00510,39634,50.51942,78453
3624,xueqzhan,4,0.00510,39638,50.52452,78453
3625,xwang0818,4,0.00510,39642,50.52962,78453
3626,YANGJINJUE,4,0.00510,39646,50.53472,78453
3627,YannickLecroart21,4,0.00510,39650,50.53981,78453
3628,yash37158,4,0.00510,39654,50.54491,78453
3629,yashsingh74,4,0.00510,39658,50.55001,78453
3630,YchauWang,4,0.00510,39662,50.55511,78453
3631,ychumpov,4,0.00510,39666,50.56021,78453
3632,yeanchiat,4,0.00510,39670,50.56531,78453
3633,yentheo,4,0.00510,39674,50.57041,78453
3634,yesmarket,4,0.00510,39678,50.57550,78453
3635,YijiaZhou,4,0.00510,39682,50.58060,78453
3636,yildirima,4,0.00510,39686,50.58570,78453
3637,yitiangf,4,0.00510,39690,50.59080,78453
3638,yndai,4,0.00510,39694,50.59590,78453
3639,yschneider-bosch,4,0.00510,39698,50.60100,78453
3640,yuanlin-yoyo-worker,4,0.00510,39702,50.60610,78453
3641,YukhoY,4,0.00510,39706,50.61119,78453
3642,yurykomarov,4,0.00510,39710,50.61629,78453
3643,yuvansh33,4,0.00510,39714,50.62139,78453
3644,YuxiangJohn,4,0.00510,39718,50.62649,78453
3645,yzsolt,4,0.00510,39722,50.63159,78453
3646,zadus,4,0.00510,39726,50.63669,78453
3647,zarifeyeman,4,0.00510,39730,50.64179,78453
3648,zcerhub,4,0.00510,39734,50.64688,78453
3649,Zhaikuku,4,0.00510,39738,50.65198,78453
3650,zhanbinHo,4,0.00510,39742,50.65708,78453
3651,zhaohanweng,4,0.00510,39746,50.66218,78453
3652,zhengxianlin,4,0.00510,39750,50.66728,78453
3653,zhilongwang,4,0.00510,39754,50.67238,78453
3654,zhongdamedia,4,0.00510,39758,50.67748,78453
3655,zhouruisong,4,0.00510,39762,50.68257,78453
3656,ZiaUrRehman-GBI,4,0.00510,39766,50.68767,78453
3657,zikster3262,4,0.00510,39770,50.69277,78453
3658,zimbres,4,0.00510,39774,50.69787,78453
3659,zolech,4,0.00510,39778,50.70297,78453
3660,zxyao145,4,0.00510,39782,50.70807,78453
3661,zzhzero,4,0.00510,39786,50.71317,78453
3662,007vasy,3,0.00382,39789,50.71699,78453
3663,00ssh,3,0.00382,39792,50.72081,78453
3664,1157987916,3,0.00382,39795,50.72464,78453
3665,11Elle1111,3,0.00382,39798,50.72846,78453
3666,12csw1,3,0.00382,39801,50.73229,78453
3667,1511563371,3,0.00382,39804,50.73611,78453
3668,15216422268,3,0.00382,39807,50.73993,78453
3669,16871560,3,0.00382,39810,50.74376,78453
3670,18201215697,3,0.00382,39813,50.74758,78453
3671,1stewart,3,0.00382,39816,50.75141,78453
3672,3siksfather,3,0.00382,39819,50.75523,78453
3673,7suyash7,3,0.00382,39822,50.75905,78453
3674,870921,3,0.00382,39825,50.76288,78453
3675,a523,3,0.00382,39828,50.76670,78453
3676,aaaabang,3,0.00382,39831,50.77053,78453
3677,aachenmax,3,0.00382,39834,50.77435,78453
3678,aameen-tulip,3,0.00382,39837,50.77817,78453
3679,AamirRizwan,3,0.00382,39840,50.78200,78453
3680,Aashish-cyber,3,0.00382,39843,50.78582,78453
3681,aasserzo,3,0.00382,39846,50.78964,78453
3682,AbbasHallal,3,0.00382,39849,50.79347,78453
3683,abbeywoodyear,3,0.00382,39852,50.79729,78453
3684,Abdul1929,3,0.00382,39855,50.80112,78453
3685,abebars,3,0.00382,39858,50.80494,78453
3686,abguptms,3,0.00382,39861,50.80876,78453
3687,abhay-fareye,3,0.00382,39864,50.81259,78453
3688,abhidesh128,3,0.00382,39867,50.81641,78453
3689,AbhijithGanesh,3,0.00382,39870,50.82024,78453
3690,abhilashk433,3,0.00382,39873,50.82406,78453
3691,abhilashshetty04,3,0.00382,39876,50.82788,78453
3692,absmith82,3,0.00382,39879,50.83171,78453
3693,ac5tin,3,0.00382,39882,50.83553,78453
3694,AdamFarhat,3,0.00382,39885,50.83936,78453
3695,adamradocz,3,0.00382,39888,50.84318,78453
3696,adamstegman,3,0.00382,39891,50.84700,78453
3697,adetunjiakintundeakinde,3,0.00382,39894,50.85083,78453
3698,adeturner,3,0.00382,39897,50.85465,78453
3699,adilfulara,3,0.00382,39900,50.85848,78453
3700,admincasper,3,0.00382,39903,50.86230,78453
3701,AdminWithROOT,3,0.00382,39906,50.86612,78453
3702,adq,3,0.00382,39909,50.86995,78453
3703,adriandeac,3,0.00382,39912,50.87377,78453
3704,adrianfdez469,3,0.00382,39915,50.87760,78453
3705,aeroniero33,3,0.00382,39918,50.88142,78453
3706,aesca1er,3,0.00382,39921,50.88524,78453
3707,Afei14138,3,0.00382,39924,50.88907,78453
3708,ag-303,3,0.00382,39927,50.89289,78453
3709,agelosnm,3,0.00382,39930,50.89672,78453
3710,aguywithcode,3,0.00382,39933,50.90054,78453
3711,AHAOAHA,3,0.00382,39936,50.90436,78453
3712,ahisette,3,0.00382,39939,50.90819,78453
3713,Ahlaee,3,0.00382,39942,50.91201,78453
3714,ahmedas1980,3,0.00382,39945,50.91583,78453
3715,aholmis,3,0.00382,39948,50.91966,78453
3716,ahrex,3,0.00382,39951,50.92348,78453
3717,airza,3,0.00382,39954,50.92731,78453
3718,Aix6,3,0.00382,39957,50.93113,78453
3719,ajian2002,3,0.00382,39960,50.93495,78453
3720,ajinkya1986,3,0.00382,39963,50.93878,78453
3721,ajski1701,3,0.00382,39966,50.94260,78453
3722,akioyamamoto1977,3,0.00382,39969,50.94643,78453
3723,AkselAllas,3,0.00382,39972,50.95025,78453
3724,AkselMeola,3,0.00382,39975,50.95407,78453
3725,akshay-oxbot,3,0.00382,39978,50.95790,78453
3726,aleksandrasd,3,0.00382,39981,50.96172,78453
3727,Aleksey-Kudryavtsev,3,0.00382,39984,50.96555,78453
3728,aleksrosz,3,0.00382,39987,50.96937,78453
3729,aleksvujic,3,0.00382,39990,50.97319,78453
3730,Alesseon,3,0.00382,39993,50.97702,78453
3731,alexamy,3,0.00382,39996,50.98084,78453
3732,alexandermarston,3,0.00382,39999,50.98467,78453
3733,alexdarling,3,0.00382,40002,50.98849,78453
3734,alexkim-avant,3,0.00382,40005,50.99231,78453
3735,alexrocco,3,0.00382,40008,50.99614,78453
3736,alex-shafer-1001,3,0.00382,40011,50.99996,78453
3737,alexsimon1,3,0.00382,40014,51.00379,78453
3738,alex-wearisma,3,0.00382,40017,51.00761,78453
3739,alexweide,3,0.00382,40020,51.01143,78453
3740,alfiya1993,3,0.00382,40023,51.01526,78453
3741,ali-a-a,3,0.00382,40026,51.01908,78453
3742,ali-alhajj98,3,0.00382,40029,51.02291,78453
3743,AliElKhatteb,3,0.00382,40032,51.02673,78453
3744,alisaswong,3,0.00382,40035,51.03055,78453
3745,AlissonRS,3,0.00382,40038,51.03438,78453
3746,alisspers,3,0.00382,40041,51.03820,78453
3747,allsilaevex,3,0.00382,40044,51.04203,78453
3748,alombarte,3,0.00382,40047,51.04585,78453
3749,alonweisswiz,3,0.00382,40050,51.04967,78453
3750,alphabet5,3,0.00382,40053,51.05350,78453
3751,altokarev,3,0.00382,40056,51.05732,78453
3752,alvrebac,3,0.00382,40059,51.06114,78453
3753,amartens1,3,0.00382,40062,51.06497,78453
3754,a-mazed,3,0.00382,40065,51.06879,78453
3755,ameeno,3,0.00382,40068,51.07262,78453
3756,aminya,3,0.00382,40071,51.07644,78453
3757,amit-tewari,3,0.00382,40074,51.08026,78453
3758,AnaMariaMoga,3,0.00382,40077,51.08409,78453
3759,ananalaghbar,3,0.00382,40080,51.08791,78453
3760,andiolsi,3,0.00382,40083,51.09174,78453
3761,andr2k,3,0.00382,40086,51.09556,78453
3762,Andre-Atkinson,3,0.00382,40089,51.09938,78453
3763,andrewdmcleod,3,0.00382,40092,51.10321,78453
3764,andrewd-sysdig,3,0.00382,40095,51.10703,78453
3765,Andrew-Lees11,3,0.00382,40098,51.11086,78453
3766,AndrewP-GH,3,0.00382,40101,51.11468,78453
3767,andrewrmiller,3,0.00382,40104,51.11850,78453
3768,AndyDangerous,3,0.00382,40107,51.12233,78453
3769,andyzhangdialpad,3,0.00382,40110,51.12615,78453
3770,angusholder,3,0.00382,40113,51.12998,78453
3771,aniketsingh03,3,0.00382,40116,51.13380,78453
3772,aniki499,3,0.00382,40119,51.13762,78453
3773,animaonline,3,0.00382,40122,51.14145,78453
3774,anirudh-bukka,3,0.00382,40125,51.14527,78453
3775,Anis1988,3,0.00382,40128,51.14910,78453
3776,ankur6ue,3,0.00382,40131,51.15292,78453
3777,anna-tran,3,0.00382,40134,51.15674,78453
3778,anoland,3,0.00382,40137,51.16057,78453
3779,anthony-arnold,3,0.00382,40140,51.16439,78453
3780,anthonytwh,3,0.00382,40143,51.16822,78453
3781,AntoineCourtil,3,0.00382,40146,51.17204,78453
3782,antonblr,3,0.00382,40149,51.17586,78453
3783,antonio-policastro,3,0.00382,40152,51.17969,78453
3784,anubhav06,3,0.00382,40155,51.18351,78453
3785,AnuragEkkati,3,0.00382,40158,51.18734,78453
3786,anwersayeed,3,0.00382,40161,51.19116,78453
3787,aphinier,3,0.00382,40164,51.19498,78453
3788,appershan,3,0.00382,40167,51.19881,78453
3789,aquiladayc,3,0.00382,40170,51.20263,78453
3790,AragornBUPT,3,0.00382,40173,51.20645,78453
3791,aranjanthakur,3,0.00382,40176,51.21028,78453
3792,ar-bella-jeong,3,0.00382,40179,51.21410,78453
3793,arcanjoaq,3,0.00382,40182,51.21793,78453
3794,areslan1122,3,0.00382,40185,51.22175,78453
3795,aribasch,3,0.00382,40188,51.22557,78453
3796,arinzeakubue,3,0.00382,40191,51.22940,78453
3797,ArmorDarks,3,0.00382,40194,51.23322,78453
3798,arvisha16,3,0.00382,40197,51.23705,78453
3799,asahnovskiy-deloitte,3,0.00382,40200,51.24087,78453
3800,AShabana,3,0.00382,40203,51.24469,78453
3801,ashaker-cig,3,0.00382,40206,51.24852,78453
3802,ashish3dwe,3,0.00382,40209,51.25234,78453
3803,ashNext,3,0.00382,40212,51.25617,78453
3804,assaf-grth,3,0.00382,40215,51.25999,78453
3805,asselin,3,0.00382,40218,51.26381,78453
3806,attila-lin,3,0.00382,40221,51.26764,78453
3807,atulatnirmata,3,0.00382,40224,51.27146,78453
3808,Aurorxa,3,0.00382,40227,51.27529,78453
3809,avin-kavish,3,0.00382,40230,51.27911,78453
3810,avinovarov,3,0.00382,40233,51.28293,78453
3811,aviralharsh,3,0.00382,40236,51.28676,78453
3812,avizov,3,0.00382,40239,51.29058,78453
3813,AVSBharadwaj,3,0.00382,40242,51.29441,78453
3814,awilcots,3,0.00382,40245,51.29823,78453
3815,ax-jgriffiths,3,0.00382,40248,51.30205,78453
3816,ayaseen,3,0.00382,40251,51.30588,78453
3817,aydosman,3,0.00382,40254,51.30970,78453
3818,ayesha-kr,3,0.00382,40257,51.31353,78453
3819,ayyags,3,0.00382,40260,51.31735,78453
3820,Azenet,3,0.00382,40263,51.32117,78453
3821,BabySpinach,3,0.00382,40266,51.32500,78453
3822,bachmanity1,3,0.00382,40269,51.32882,78453
3823,bagdus,3,0.00382,40272,51.33265,78453
3824,balloman,3,0.00382,40275,51.33647,78453
3825,BAMSHK,3,0.00382,40278,51.34029,78453
3826,baromm14,3,0.00382,40281,51.34412,78453
3827,bartslinger,3,0.00382,40284,51.34794,78453
3828,Basketballforce,3,0.00382,40287,51.35176,78453
3829,batleforc,3,0.00382,40290,51.35559,78453
3830,baturozgur,3,0.00382,40293,51.35941,78453
3831,baum,3,0.00382,40296,51.36324,78453
3832,bautagebuch,3,0.00382,40299,51.36706,78453
3833,bbenshab,3,0.00382,40302,51.37088,78453
3834,BBoldenow,3,0.00382,40305,51.37471,78453
3835,bboshiZ,3,0.00382,40308,51.37853,78453
3836,bc185174,3,0.00382,40311,51.38236,78453
3837,bdelage,3,0.00382,40314,51.38618,78453
3838,bdronneau,3,0.00382,40317,51.39000,78453
3839,bduverger,3,0.00382,40320,51.39383,78453
3840,BDworak,3,0.00382,40323,51.39765,78453
3841,BenjaminSchubert,3,0.00382,40326,51.40148,78453
3842,bennycornelissen,3,0.00382,40329,51.40530,78453
3843,BenV,3,0.00382,40332,51.40912,78453
3844,benvernier-sc,3,0.00382,40335,51.41295,78453
3845,ber4444,3,0.00382,40338,51.41677,78453
3846,bertbaron,3,0.00382,40341,51.42060,78453
3847,bert-huang,3,0.00382,40344,51.42442,78453
3848,betoui,3,0.00382,40347,51.42824,78453
3849,bew,3,0.00382,40350,51.43207,78453
3850,BhargavaM91,3,0.00382,40353,51.43589,78453
3851,BhasherBEL,3,0.00382,40356,51.43972,78453
3852,Bhogayata-Keval,3,0.00382,40359,51.44354,78453
3853,bhupenderS012,3,0.00382,40362,51.44736,78453
3854,BhusanBibhuti,3,0.00382,40365,51.45119,78453
3855,BigFishLi,3,0.00382,40368,51.45501,78453
3856,bigmikes,3,0.00382,40371,51.45884,78453
3857,binaryDiv,3,0.00382,40374,51.46266,78453
3858,bipinkm,3,0.00382,40377,51.46648,78453
3859,bitfactory-sem-denbroeder,3,0.00382,40380,51.47031,78453
3860,bitTobiasMeier,3,0.00382,40383,51.47413,78453
3861,bjk-reddit,3,0.00382,40386,51.47795,78453
3862,bjornharrtell,3,0.00382,40389,51.48178,78453
3863,bkabrda,3,0.00382,40392,51.48560,78453
3864,BKnights,3,0.00382,40395,51.48943,78453
3865,blaargh,3,0.00382,40398,51.49325,78453
3866,blackliner,3,0.00382,40401,51.49707,78453
3867,Blue-Hope,3,0.00382,40404,51.50090,78453
3868,blueskyjunkie,3,0.00382,40407,51.50472,78453
3869,bluezombiecn,3,0.00382,40410,51.50855,78453
3870,bmwinstead,3,0.00382,40413,51.51237,78453
3871,bndbsh,3,0.00382,40416,51.51619,78453
3872,bochengC,3,0.00382,40419,51.52002,78453
3873,Bonitas,3,0.00382,40422,51.52384,78453
3874,Bonuspunkt,3,0.00382,40425,51.52767,78453
3875,bopohaa,3,0.00382,40428,51.53149,78453
3876,border-1px,3,0.00382,40431,51.53531,78453
3877,br95187,3,0.00382,40434,51.53914,78453
3878,bradthebuilder,3,0.00382,40437,51.54296,78453
3879,BrammyS,3,0.00382,40440,51.54679,78453
3880,BrandonCate,3,0.00382,40443,51.55061,78453
3881,brandynbennett,3,0.00382,40446,51.55443,78453
3882,braye,3,0.00382,40449,51.55826,78453
3883,brendandonnellysc,3,0.00382,40452,51.56208,78453
3884,briandenicola,3,0.00382,40455,51.56591,78453
3885,brinchm,3,0.00382,40458,51.56973,78453
3886,brness,3,0.00382,40461,51.57355,78453
3887,brokoli18,3,0.00382,40464,51.57738,78453
3888,brunodasilvalenga,3,0.00382,40467,51.58120,78453
3889,brunomiranda-hotmart,3,0.00382,40470,51.58503,78453
3890,bs185273,3,0.00382,40473,51.58885,78453
3891,bthharper,3,0.00382,40476,51.59267,78453
3892,bthorben,3,0.00382,40479,51.59650,78453
3893,bugg123,3,0.00382,40482,51.60032,78453
3894,buraksekili,3,0.00382,40485,51.60415,78453
3895,butterfly1924,3,0.00382,40488,51.60797,78453
3896,bvandewe,3,0.00382,40491,51.61179,78453
3897,bwalding,3,0.00382,40494,51.61562,78453
3898,bwncp,3,0.00382,40497,51.61944,78453
3899,C3PO-github,3,0.00382,40500,51.62326,78453
3900,c609942867,3,0.00382,40503,51.62709,78453
3901,cadabrum,3,0.00382,40506,51.63091,78453
3902,callendorph,3,0.00382,40509,51.63474,78453
3903,callum-stakater,3,0.00382,40512,51.63856,78453
3904,canersnli,3,0.00382,40515,51.64238,78453
3905,cansjt,3,0.00382,40518,51.64621,78453
3906,carantunes,3,0.00382,40521,51.65003,78453
3907,carloscruzadomatrix,3,0.00382,40524,51.65386,78453
3908,CaRRotOne,3,0.00382,40527,51.65768,78453
3909,caspervk,3,0.00382,40530,51.66150,78453
3910,CatalinCnif,3,0.00382,40533,51.66533,78453
3911,catfish1225,3,0.00382,40536,51.66915,78453
3912,ccalderon9411,3,0.00382,40539,51.67298,78453
3913,Ccheers,3,0.00382,40542,51.67680,78453
3914,ccodreanu,3,0.00382,40545,51.68062,78453
3915,CCOLLOT,3,0.00382,40548,51.68445,78453
3916,cedricf,3,0.00382,40551,51.68827,78453
3917,cesarmesones,3,0.00382,40554,51.69210,78453
3918,ceunfish,3,0.00382,40557,51.69592,78453
3919,cfifua,3,0.00382,40560,51.69974,78453
3920,cfloressuazo,3,0.00382,40563,51.70357,78453
3921,Chalmiller,3,0.00382,40566,51.70739,78453
3922,changgengli,3,0.00382,40569,51.71122,78453
3923,chaojiniubi,3,0.00382,40572,51.71504,78453
3924,charego,3,0.00382,40575,51.71886,78453
3925,Charge71,3,0.00382,40578,51.72269,78453
3926,chbinghu,3,0.00382,40581,51.72651,78453
3927,chdalski,3,0.00382,40584,51.73034,78453
3928,cheeseprocedure,3,0.00382,40587,51.73416,78453
3929,chengjoey,3,0.00382,40590,51.73798,78453
3930,chenxijunlove,3,0.00382,40593,51.74181,78453
3931,chenyanjunyjy,3,0.00382,40596,51.74563,78453
3932,chenyanshan,3,0.00382,40599,51.74946,78453
3933,chenziya,3,0.00382,40602,51.75328,78453
3934,ChihiroKitada,3,0.00382,40605,51.75710,78453
3935,Chillitzel,3,0.00382,40608,51.76093,78453
3936,chintan-episource,3,0.00382,40611,51.76475,78453
3937,chintha-v,3,0.00382,40614,51.76857,78453
3938,chitritachakravarti,3,0.00382,40617,51.77240,78453
3939,choppspavan,3,0.00382,40620,51.77622,78453
3940,chrisburr,3,0.00382,40623,51.78005,78453
3941,chrischen,3,0.00382,40626,51.78387,78453
3942,chris-esterlein,3,0.00382,40629,51.78769,78453
3943,chris-pinola-rf,3,0.00382,40632,51.79152,78453
3944,chris-sadighgroup,3,0.00382,40635,51.79534,78453
3945,christiancadieux,3,0.00382,40638,51.79917,78453
3946,christophe-tt,3,0.00382,40641,51.80299,78453
3947,chritiene,3,0.00382,40644,51.80681,78453
3948,chronosa,3,0.00382,40647,51.81064,78453
3949,chrysgide,3,0.00382,40650,51.81446,78453
3950,ChuckIrvine,3,0.00382,40653,51.81829,78453
3951,chunteck,3,0.00382,40656,51.82211,78453
3952,cirdes,3,0.00382,40659,51.82593,78453
3953,cjmaliao,3,0.00382,40662,51.82976,78453
3954,cjraa,3,0.00382,40665,51.83358,78453
3955,ckaminski,3,0.00382,40668,51.83741,78453
3956,ckcompton,3,0.00382,40671,51.84123,78453
3957,Cluas,3,0.00382,40674,51.84505,78453
3958,cocaccola,3,0.00382,40677,51.84888,78453
3959,codesiddhant,3,0.00382,40680,51.85270,78453
3960,CodingYuanLiu,3,0.00382,40683,51.85653,78453
3961,ColeSiegelTR,3,0.00382,40686,51.86035,78453
3962,computerquip-work,3,0.00382,40689,51.86417,78453
3963,CondorKun,3,0.00382,40692,51.86800,78453
3964,CONeal,3,0.00382,40695,51.87182,78453
3965,configmap,3,0.00382,40698,51.87565,78453
3966,conradcreel,3,0.00382,40701,51.87947,78453
3967,ConstantinChirila,3,0.00382,40704,51.88329,78453
3968,CosbyBs86,3,0.00382,40707,51.88712,78453
3969,Cosrider,3,0.00382,40710,51.89094,78453
3970,cpatanjali,3,0.00382,40713,51.89477,78453
3971,cpsrujana,3,0.00382,40716,51.89859,78453
3972,CrashLaker,3,0.00382,40719,51.90241,78453
3973,crd1985,3,0.00382,40722,51.90624,78453
3974,Cruuncher,3,0.00382,40725,51.91006,78453
3975,cs2209,3,0.00382,40728,51.91388,78453
3976,c-salib,3,0.00382,40731,51.91771,78453
3977,ctheune,3,0.00382,40734,51.92153,78453
3978,Cubid,3,0.00382,40737,51.92536,78453
3979,cwstrommer,3,0.00382,40740,51.92918,78453
3980,cxMax,3,0.00382,40743,51.93300,78453
3981,cxxaa1,3,0.00382,40746,51.93683,78453
3982,Cybermaxke,3,0.00382,40749,51.94065,78453
3983,cym1327,3,0.00382,40752,51.94448,78453
3984,cyrillpetroff,3,0.00382,40755,51.94830,78453
3985,DaAlbrecht,3,0.00382,40758,51.95212,78453
3986,dabo-ZON,3,0.00382,40761,51.95595,78453
3987,DaemonWalker,3,0.00382,40764,51.95977,78453
3988,daftu,3,0.00382,40767,51.96360,78453
3989,daiginjo,3,0.00382,40770,51.96742,78453
3990,daiyinong,3,0.00382,40773,51.97124,78453
3991,dalees,3,0.00382,40776,51.97507,78453
3992,damyan,3,0.00382,40779,51.97889,78453
3993,dangars,3,0.00382,40782,51.98272,78453
3994,dangolbeeker,3,0.00382,40785,51.98654,78453
3995,danielcweber,3,0.00382,40788,51.99036,78453
3996,DanielFroehlich,3,0.00382,40791,51.99419,78453
3997,daniellfalcao,3,0.00382,40794,51.99801,78453
3998,danilaplee,3,0.00382,40797,52.00184,78453
3999,DannyBrito,3,0.00382,40800,52.00566,78453
4000,dantecatalfamo,3,0.00382,40803,52.00948,78453
4001,dariush-a,3,0.00382,40806,52.01331,78453
4002,DarkChaos,3,0.00382,40809,52.01713,78453
4003,darkfiredarkhalo,3,0.00382,40812,52.02096,78453
4004,darshanpatel29,3,0.00382,40815,52.02478,78453
4005,Daryjusz,3,0.00382,40818,52.02860,78453
4006,dashanji,3,0.00382,40821,52.03243,78453
4007,daviderli614,3,0.00382,40824,52.03625,78453
4008,davidesalerno,3,0.00382,40827,52.04007,78453
4009,davidhiebert,3,0.00382,40830,52.04390,78453
4010,David-Tamrazov,3,0.00382,40833,52.04772,78453
4011,davisgomes,3,0.00382,40836,52.05155,78453
4012,dbrowne,3,0.00382,40839,52.05537,78453
4013,dbrownecu,3,0.00382,40842,52.05919,78453
4014,Deadpool-Thanos,3,0.00382,40845,52.06302,78453
4015,dean7474,3,0.00382,40848,52.06684,78453
4016,DeepspaceFreelancer,3,0.00382,40851,52.07067,78453
4017,Dees7,3,0.00382,40854,52.07449,78453
4018,degeens,3,0.00382,40857,52.07831,78453
4019,deleomike,3,0.00382,40860,52.08214,78453
4020,demko,3,0.00382,40863,52.08596,78453
4021,DerRockWolf,3,0.00382,40866,52.08979,78453
4022,derust,3,0.00382,40869,52.09361,78453
4023,desy83,3,0.00382,40872,52.09743,78453
4024,developer-diganta,3,0.00382,40875,52.10126,78453
4025,dev-geddy,3,0.00382,40878,52.10508,78453
4026,devholic77,3,0.00382,40881,52.10891,78453
4027,devopsnestmaster,3,0.00382,40884,52.11273,78453
4028,dfoxg,3,0.00382,40887,52.11655,78453
4029,dgibbard-cisco,3,0.00382,40890,52.12038,78453
4030,dginhoux,3,0.00382,40893,52.12420,78453
4031,dgloe-hpe,3,0.00382,40896,52.12803,78453
4032,dharaneeshvrd,3,0.00382,40899,52.13185,78453
4033,DharsanB,3,0.00382,40902,52.13567,78453
4034,dheerajgss,3,0.00382,40905,52.13950,78453
4035,DHmc133,3,0.00382,40908,52.14332,78453
4036,dhs-rec,3,0.00382,40911,52.14715,78453
4037,dialto1,3,0.00382,40914,52.15097,78453
4038,diegobes,3,0.00382,40917,52.15479,78453
4039,dillenmeister,3,0.00382,40920,52.15862,78453
4040,dimitar-dimitrow,3,0.00382,40923,52.16244,78453
4041,dimitrisfinas,3,0.00382,40926,52.16627,78453
4042,dimon-v,3,0.00382,40929,52.17009,78453
4043,dinilimento,3,0.00382,40932,52.17391,78453
4044,disenchant,3,0.00382,40935,52.17774,78453
4045,Divsigma,3,0.00382,40938,52.18156,78453
4046,djahandarie,3,0.00382,40941,52.18538,78453
4047,dj-wasabi,3,0.00382,40944,52.18921,78453
4048,dmaes,3,0.00382,40947,52.19303,78453
4049,dmaizel,3,0.00382,40950,52.19686,78453
4050,dmdeepkp,3,0.00382,40953,52.20068,78453
4051,dnaprawa,3,0.00382,40956,52.20450,78453
4052,dnxorjs1,3,0.00382,40959,52.20833,78453
4053,dockerxu123,3,0.00382,40962,52.21215,78453
4054,DogLoveasdzz,3,0.00382,40965,52.21598,78453
4055,dokuboyejo,3,0.00382,40968,52.21980,78453
4056,dong9205,3,0.00382,40971,52.22362,78453
4057,dongnguyenltqb,3,0.00382,40974,52.22745,78453
4058,dongzl,3,0.00382,40977,52.23127,78453
4059,Donnerbart,3,0.00382,40980,52.23510,78453
4060,dopeter,3,0.00382,40983,52.23892,78453
4061,dough29,3,0.00382,40986,52.24274,78453
4062,doverk96,3,0.00382,40989,52.24657,78453
4063,dpreal,3,0.00382,40992,52.25039,78453
4064,Dragon1573,3,0.00382,40995,52.25422,78453
4065,Dream2zz,3,0.00382,40998,52.25804,78453
4066,dripchar,3,0.00382,41001,52.26186,78453
4067,drothamel1,3,0.00382,41004,52.26569,78453
4068,drrrMikado,3,0.00382,41007,52.26951,78453
4069,drthornt,3,0.00382,41010,52.27334,78453
4070,drummerglen,3,0.00382,41013,52.27716,78453
4071,duarten,3,0.00382,41016,52.28098,78453
4072,dudarau,3,0.00382,41019,52.28481,78453
4073,DutchEllie,3,0.00382,41022,52.28863,78453
4074,dwalters,3,0.00382,41025,52.29246,78453
4075,dwashko,3,0.00382,41028,52.29628,78453
4076,dxuuu,3,0.00382,41031,52.30010,78453
4077,dylan-bitovi,3,0.00382,41034,52.30393,78453
4078,dzqdudley,3,0.00382,41037,52.30775,78453
4079,eaglesemanation,3,0.00382,41040,52.31158,78453
4080,Ebaneck,3,0.00382,41043,52.31540,78453
4081,ebenezar-mccoy,3,0.00382,41046,52.31922,78453
4082,ecojan,3,0.00382,41049,52.32305,78453
4083,edeandrea,3,0.00382,41052,52.32687,78453
4084,edenbd36,3,0.00382,41055,52.33069,78453
4085,edipermadi,3,0.00382,41058,52.33452,78453
4086,edo888,3,0.00382,41061,52.33834,78453
4087,Edouard127,3,0.00382,41064,52.34217,78453
4088,EdwinPhilip,3,0.00382,41067,52.34599,78453
4089,efossvold,3,0.00382,41070,52.34981,78453
4090,ejianlv,3,0.00382,41073,52.35364,78453
4091,EJTJ3,3,0.00382,41076,52.35746,78453
4092,ekuiper-sbp,3,0.00382,41079,52.36129,78453
4093,ElapsedSoul,3,0.00382,41082,52.36511,78453
4094,elbasan,3,0.00382,41085,52.36893,78453
4095,ElementalWarrior,3,0.00382,41088,52.37276,78453
4096,elijahandrews,3,0.00382,41091,52.37658,78453
4097,elineex,3,0.00382,41094,52.38041,78453
4098,elitwilson,3,0.00382,41097,52.38423,78453
4099,elrondwong,3,0.00382,41100,52.38805,78453
4100,emazzotta,3,0.00382,41103,52.39188,78453
4101,Emily-Jiang,3,0.00382,41106,52.39570,78453
4102,emmanuelbernard,3,0.00382,41109,52.39953,78453
4103,EmmaTinten,3,0.00382,41112,52.40335,78453
4104,emulated24,3,0.00382,41115,52.40717,78453
4105,engrkenjitanaka,3,0.00382,41118,52.41100,78453
4106,EnicZhang,3,0.00382,41121,52.41482,78453
4107,enthr,3,0.00382,41124,52.41865,78453
4108,entscheidungsproblem,3,0.00382,41127,52.42247,78453
4109,eocern,3,0.00382,41130,52.42629,78453
4110,Eric-Zaluzec-Vertiv,3,0.00382,41133,52.43012,78453
4111,ErwinJapie,3,0.00382,41136,52.43394,78453
4112,erzhan46,3,0.00382,41139,52.43777,78453
4113,esampin,3,0.00382,41142,52.44159,78453
4114,esmirnov,3,0.00382,41145,52.44541,78453
4115,et1975,3,0.00382,41148,52.44924,78453
4116,ethnhll,3,0.00382,41151,52.45306,78453
4117,etiennearnal,3,0.00382,41154,52.45689,78453
4118,Eugene-Trufanov,3,0.00382,41157,52.46071,78453
4119,EvanSung,3,0.00382,41160,52.46453,78453
4120,evlon,3,0.00382,41163,52.46836,78453
4121,eworm-de,3,0.00382,41166,52.47218,78453
4122,exename,3,0.00382,41169,52.47600,78453
4123,expploitt,3,0.00382,41172,52.47983,78453
4124,EyalAbadi,3,0.00382,41175,52.48365,78453
4125,Ezetowers,3,0.00382,41178,52.48748,78453
4126,f4z3r,3,0.00382,41181,52.49130,78453
4127,FabianHardt,3,0.00382,41184,52.49512,78453
4128,fabio-mrocha,3,0.00382,41187,52.49895,78453
4129,fabricfc,3,0.00382,41190,52.50277,78453
4130,Fab-z4qx,3,0.00382,41193,52.50660,78453
4131,faculbsz-sg,3,0.00382,41196,52.51042,78453
4132,fake-name,3,0.00382,41199,52.51424,78453
4133,fallenreaper,3,0.00382,41202,52.51807,78453
4134,fallmo,3,0.00382,41205,52.52189,78453
4135,FanForerver,3,0.00382,41208,52.52572,78453
4136,fbuinosquy1985,3,0.00382,41211,52.52954,78453
4137,fe80,3,0.00382,41214,52.53336,78453
4138,febinrejoe,3,0.00382,41217,52.53719,78453
4139,felixlutq,3,0.00382,41220,52.54101,78453
4140,fer9898,3,0.00382,41223,52.54484,78453
4141,ffuentes,3,0.00382,41226,52.54866,78453
4142,FieteO,3,0.00382,41229,52.55248,78453
4143,fine-wind,3,0.00382,41232,52.55631,78453
4144,fingthinking,3,0.00382,41235,52.56013,78453
4145,Fiono11,3,0.00382,41238,52.56396,78453
4146,fireman777,3,0.00382,41241,52.56778,78453
4147,fissssssh,3,0.00382,41244,52.57160,78453
4148,fistomina,3,0.00382,41247,52.57543,78453
4149,flc666star,3,0.00382,41250,52.57925,78453
4150,fliespl,3,0.00382,41253,52.58308,78453
4151,floating-yuan,3,0.00382,41256,52.58690,78453
4152,fluktuid,3,0.00382,41259,52.59072,78453
4153,Fluxay-666,3,0.00382,41262,52.59455,78453
4154,flyingyang,3,0.00382,41265,52.59837,78453
4155,fmorency,3,0.00382,41268,52.60219,78453
4156,foxlegend,3,0.00382,41271,52.60602,78453
4157,franklad,3,0.00382,41274,52.60984,78453
4158,freed-git,3,0.00382,41277,52.61367,78453
4159,fruttasecca,3,0.00382,41280,52.61749,78453
4160,fschwarm24,3,0.00382,41283,52.62131,78453
4161,FTFX,3,0.00382,41286,52.62514,78453
4162,fthorns,3,0.00382,41289,52.62896,78453
4163,fuchstim,3,0.00382,41292,52.63279,78453
4164,furkansb,3,0.00382,41295,52.63661,78453
4165,fuzails,3,0.00382,41298,52.64043,78453
4166,fuzhe1989,3,0.00382,41301,52.64426,78453
4167,fx02,3,0.00382,41304,52.64808,78453
4168,Ga13Ou,3,0.00382,41307,52.65191,78453
4169,gabrielfern,3,0.00382,41310,52.65573,78453
4170,gabrielnecula,3,0.00382,41313,52.65955,78453
4171,galangel,3,0.00382,41316,52.66338,78453
4172,GammaPi,3,0.00382,41319,52.66720,78453
4173,GarikVologodskiy,3,0.00382,41322,52.67103,78453
4174,gas6262,3,0.00382,41325,52.67485,78453
4175,gauravkcldcvr,3,0.00382,41328,52.67867,78453
4176,gbtyy,3,0.00382,41331,52.68250,78453
4177,GCHQDeveloper73046,3,0.00382,41334,52.68632,78453
4178,gcolten,3,0.00382,41337,52.69015,78453
4179,gedankennebel,3,0.00382,41340,52.69397,78453
4180,GeertvanHorrik,3,0.00382,41343,52.69779,78453
4181,gektor0856,3,0.00382,41346,52.70162,78453
4182,gendergap,3,0.00382,41349,52.70544,78453
4183,GermanCoding,3,0.00382,41352,52.70927,78453
4184,gerrywd,3,0.00382,41355,52.71309,78453
4185,GevorDanielyan,3,0.00382,41358,52.71691,78453
4186,gfsuse,3,0.00382,41361,52.72074,78453
4187,gglnp,3,0.00382,41364,52.72456,78453
4188,ghaithTK,3,0.00382,41367,52.72839,78453
4189,gigilee,3,0.00382,41370,52.73221,78453
4190,gitcodeporter,3,0.00382,41373,52.73603,78453
4191,GitHubThinking,3,0.00382,41376,52.73986,78453
4192,gitrepocc,3,0.00382,41379,52.74368,78453
4193,gitsmiles,3,0.00382,41382,52.74750,78453
4194,glassnick,3,0.00382,41385,52.75133,78453
4195,glendsoza,3,0.00382,41388,52.75515,78453
4196,glortho,3,0.00382,41391,52.75898,78453
4197,glpfloss,3,0.00382,41394,52.76280,78453
4198,gmalkov,3,0.00382,41397,52.76662,78453
4199,gmartynov,3,0.00382,41400,52.77045,78453
4200,gnokoheat,3,0.00382,41403,52.77427,78453
4201,GopiKannanJP,3,0.00382,41406,52.77810,78453
4202,gordallott,3,0.00382,41409,52.78192,78453
4203,gotchipete,3,0.00382,41412,52.78574,78453
4204,gotti,3,0.00382,41415,52.78957,78453
4205,govindarajvenkatesan,3,0.00382,41418,52.79339,78453
4206,Gregcake,3,0.00382,41421,52.79722,78453
4207,grid-dev,3,0.00382,41424,52.80104,78453
4208,gsweene2,3,0.00382,41427,52.80486,78453
4209,gtsystem,3,0.00382,41430,52.80869,78453
4210,guigomcha,3,0.00382,41433,52.81251,78453
4211,GuiltyCreator,3,0.00382,41436,52.81634,78453
4212,GULSHAN6,3,0.00382,41439,52.82016,78453
4213,guoyuanchao1202,3,0.00382,41442,52.82398,78453
4214,gverstraete,3,0.00382,41445,52.82781,78453
4215,hady68,3,0.00382,41448,52.83163,78453
4216,haiwu,3,0.00382,41451,52.83546,78453
4217,haliyev,3,0.00382,41454,52.83928,78453
4218,HammerNL89,3,0.00382,41457,52.84310,78453
4219,hamza-maqsood,3,0.00382,41460,52.84693,78453
4220,hansungg,3,0.00382,41463,52.85075,78453
4221,happytofly,3,0.00382,41466,52.85458,78453
4222,harikiranvusirikala,3,0.00382,41469,52.85840,78453
4223,harmony7,3,0.00382,41472,52.86222,78453
4224,harshad16,3,0.00382,41475,52.86605,78453
4225,hasakilol,3,0.00382,41478,52.86987,78453
4226,haskell91,3,0.00382,41481,52.87370,78453
4227,HeChuanXUPT,3,0.00382,41484,52.87752,78453
4228,helen-frank,3,0.00382,41487,52.88134,78453
4229,helper-uttam,3,0.00382,41490,52.88517,78453
4230,hemantkathuria,3,0.00382,41493,52.88899,78453
4231,henjue,3,0.00382,41496,52.89281,78453
4232,henriblancke,3,0.00382,41499,52.89664,78453
4233,henriknj,3,0.00382,41502,52.90046,78453
4234,heurekus,3,0.00382,41505,52.90429,78453
4235,HeyImAllan,3,0.00382,41508,52.90811,78453
4236,hgsigner,3,0.00382,41511,52.91193,78453
4237,hifi,3,0.00382,41514,52.91576,78453
4238,himanshu-trilio,3,0.00382,41517,52.91958,78453
4239,hinklec,3,0.00382,41520,52.92341,78453
4240,hiroshui,3,0.00382,41523,52.92723,78453
4241,hitarth01,3,0.00382,41526,52.93105,78453
4242,HL-EverGreen,3,0.00382,41529,52.93488,78453
4243,hniehus,3,0.00382,41532,52.93870,78453
4244,holtenko,3,0.00382,41535,52.94253,78453
4245,houseme,3,0.00382,41538,52.94635,78453
4246,Hoxxx,3,0.00382,41541,52.95017,78453
4247,hsiaand,3,0.00382,41544,52.95400,78453
4248,hsnotebook,3,0.00382,41547,52.95782,78453
4249,HuaxinTang,3,0.00382,41550,52.96165,78453
4250,hubertnnn,3,0.00382,41553,52.96547,78453
4251,hughes20,3,0.00382,41556,52.96929,78453
4252,huiyichanmian,3,0.00382,41559,52.97312,78453
4253,huosenlin,3,0.00382,41562,52.97694,78453
4254,huytran1ibm,3,0.00382,41565,52.98077,78453
4255,hwzp99,3,0.00382,41568,52.98459,78453
4256,hxysayhi,3,0.00382,41571,52.98841,78453
4257,hyche,3,0.00382,41574,52.99224,78453
4258,hydrosquall,3,0.00382,41577,52.99606,78453
4259,hyingreborn,3,0.00382,41580,52.99989,78453
4260,hyperloglogy,3,0.00382,41583,53.00371,78453
4261,HYQ1314,3,0.00382,41586,53.00753,78453
4262,iamhardikat11,3,0.00382,41589,53.01136,78453
4263,iammrgenie,3,0.00382,41592,53.01518,78453
4264,iamnicoj,3,0.00382,41595,53.01901,78453
4265,Ian-Greene,3,0.00382,41598,53.02283,78453
4266,ICEBERG98,3,0.00382,41601,53.02665,78453
4267,Icesource,3,0.00382,41604,53.03048,78453
4268,ides15,3,0.00382,41607,53.03430,78453
4269,iepl,3,0.00382,41610,53.03812,78453
4270,ievgen-platonov,3,0.00382,41613,53.04195,78453
4271,iglin,3,0.00382,41616,53.04577,78453
4272,ignj,3,0.00382,41619,53.04960,78453
4273,IgorV-fp,3,0.00382,41622,53.05342,78453
4274,ihsancemil,3,0.00382,41625,53.05724,78453
4275,ikewabo,3,0.00382,41628,53.06107,78453
4276,ilmax,3,0.00382,41631,53.06489,78453
4277,indianmifan,3,0.00382,41634,53.06872,78453
4278,inerplat,3,0.00382,41637,53.07254,78453
4279,inetman28,3,0.00382,41640,53.07636,78453
4280,Infusible,3,0.00382,41643,53.08019,78453
4281,Inspyro,3,0.00382,41646,53.08401,78453
4282,introom,3,0.00382,41649,53.08784,78453
4283,ipromax,3,0.00382,41652,53.09166,78453
4284,Ishcheen,3,0.00382,41655,53.09548,78453
4285,ishishow,3,0.00382,41658,53.09931,78453
4286,ismart-yuxi,3,0.00382,41661,53.10313,78453
4287,italukder,3,0.00382,41664,53.10696,78453
4288,ITG001,3,0.00382,41667,53.11078,78453
4289,Ithrael,3,0.00382,41670,53.11460,78453
4290,itsecureadmin,3,0.00382,41673,53.11843,78453
4291,ItzEdgar,3,0.00382,41676,53.12225,78453
4292,IvoGoman,3,0.00382,41679,53.12608,78453
4293,I-want-to-knowledge,3,0.00382,41682,53.12990,78453
4294,ixjosemi,3,0.00382,41685,53.13372,78453
4295,jaciot,3,0.00382,41688,53.13755,78453
4296,jackie82422,3,0.00382,41691,53.14137,78453
4297,JackRhodes,3,0.00382,41694,53.14520,78453
4298,jacktwilliams,3,0.00382,41697,53.14902,78453
4299,jadolg,3,0.00382,41700,53.15284,78453
4300,jagibson,3,0.00382,41703,53.15667,78453
4301,jagjeetsm,3,0.00382,41706,53.16049,78453
4302,jaiakash,3,0.00382,41709,53.16431,78453
4303,JaideepGuntupalli,3,0.00382,41712,53.16814,78453
4304,jaidevmane,3,0.00382,41715,53.17196,78453
4305,jake-ciolek,3,0.00382,41718,53.17579,78453
4306,jamesjhhan,3,0.00382,41721,53.17961,78453
4307,James-Quigley,3,0.00382,41724,53.18343,78453
4308,jangowu,3,0.00382,41727,53.18726,78453
4309,jansobczak,3,0.00382,41730,53.19108,78453
4310,jaredjenkins,3,0.00382,41733,53.19491,78453
4311,jaroslav-fedor-swi,3,0.00382,41736,53.19873,78453
4312,jask87,3,0.00382,41739,53.20255,78453
4313,JatinNarang1,3,0.00382,41742,53.20638,78453
4314,jaydrue,3,0.00382,41745,53.21020,78453
4315,jbdamiano,3,0.00382,41748,53.21403,78453
4316,jberm,3,0.00382,41751,53.21785,78453
4317,jblam,3,0.00382,41754,53.22167,78453
4318,jbraswell,3,0.00382,41757,53.22550,78453
4319,jc-dgit,3,0.00382,41760,53.22932,78453
4320,jchenship,3,0.00382,41763,53.23315,78453
4321,jcourtat,3,0.00382,41766,53.23697,78453
4322,jdfcio,3,0.00382,41769,53.24079,78453
4323,jdhudson3,3,0.00382,41772,53.24462,78453
4324,jeffery7,3,0.00382,41775,53.24844,78453
4325,jej2003,3,0.00382,41778,53.25227,78453
4326,jektvik-si,3,0.00382,41781,53.25609,78453
4327,jenarros,3,0.00382,41784,53.25991,78453
4328,jenjamall,3,0.00382,41787,53.26374,78453
4329,JeongyoonMoon,3,0.00382,41790,53.26756,78453
4330,jeremija,3,0.00382,41793,53.27139,78453
4331,jeremyfreudberg,3,0.00382,41796,53.27521,78453
4332,jerome-leanspace,3,0.00382,41799,53.27903,78453
4333,je-saan,3,0.00382,41802,53.28286,78453
4334,Jeter-work,3,0.00382,41805,53.28668,78453
4335,jfilipe-trd,3,0.00382,41808,53.29051,78453
4336,jflipts,3,0.00382,41811,53.29433,78453
4337,jhagrid77,3,0.00382,41814,53.29815,78453
4338,jhart99,3,0.00382,41817,53.30198,78453
4339,jhasselgren,3,0.00382,41820,53.30580,78453
4340,jhhurwitz,3,0.00382,41823,53.30962,78453
4341,jiangxuhui,3,0.00382,41826,53.31345,78453
4342,jiangzhengqun,3,0.00382,41829,53.31727,78453
4343,jiaozhenkai,3,0.00382,41832,53.32110,78453
4344,jiaxinyang1,3,0.00382,41835,53.32492,78453
4345,Jim-Bar,3,0.00382,41838,53.32874,78453
4346,Jimbo4794,3,0.00382,41841,53.33257,78453
4347,jimi-pz,3,0.00382,41844,53.33639,78453
4348,jinho0928,3,0.00382,41847,53.34022,78453
4349,JintaoXIAO,3,0.00382,41850,53.34404,78453
4350,jividijuvent,3,0.00382,41853,53.34786,78453
4351,jj80,3,0.00382,41856,53.35169,78453
4352,jjjjoooo,3,0.00382,41859,53.35551,78453
4353,jkosecki,3,0.00382,41862,53.35934,78453
4354,jlee70,3,0.00382,41865,53.36316,78453
4355,Jm30062001,3,0.00382,41868,53.36698,78453
4356,jmell-slg,3,0.00382,41871,53.37081,78453
4357,jmgascoriego,3,0.00382,41874,53.37463,78453
4358,jmjf,3,0.00382,41877,53.37846,78453
4359,jmrua,3,0.00382,41880,53.38228,78453
4360,joaopauloksn,3,0.00382,41883,53.38610,78453
4361,JoaoRicardoCardoso,3,0.00382,41886,53.38993,78453
4362,jobinjosem,3,0.00382,41889,53.39375,78453
4363,joe-legg,3,0.00382,41892,53.39758,78453
4364,joey00072,3,0.00382,41895,53.40140,78453
4365,johandry,3,0.00382,41898,53.40522,78453
4366,JohannesMaier,3,0.00382,41901,53.40905,78453
4367,johan-osvaldsson-ingka,3,0.00382,41904,53.41287,78453
4368,johncrim,3,0.00382,41907,53.41670,78453
4369,JohnGossett,3,0.00382,41910,53.42052,78453
4370,johnliu26,3,0.00382,41913,53.42434,78453
4371,johnlongo,3,0.00382,41916,53.42817,78453
4372,Johnny00520,3,0.00382,41919,53.43199,78453
4373,johnwchadwick,3,0.00382,41922,53.43582,78453
4374,JokerQueue,3,0.00382,41925,53.43964,78453
4375,JonasHiltl,3,0.00382,41928,53.44346,78453
4376,Jongaebe,3,0.00382,41931,53.44729,78453
4377,jonny08152,3,0.00382,41934,53.45111,78453
4378,jonrose-dev,3,0.00382,41937,53.45493,78453
4379,jon-spyder,3,0.00382,41940,53.45876,78453
4380,jorgeolive,3,0.00382,41943,53.46258,78453
4381,jorisscheppers,3,0.00382,41946,53.46641,78453
4382,josecastillolema,3,0.00382,41949,53.47023,78453
4383,joshianiket22,3,0.00382,41952,53.47405,78453
4384,joshua-giumelli-deltatre,3,0.00382,41955,53.47788,78453
4385,jpablo-eqx,3,0.00382,41958,53.48170,78453
4386,jpaille,3,0.00382,41961,53.48553,78453
4387,jsaelmackers,3,0.00382,41964,53.48935,78453
4388,jtcheng,3,0.00382,41967,53.49317,78453
4389,juame,3,0.00382,41970,53.49700,78453
4390,juncao97,3,0.00382,41973,53.50082,78453
4391,junejie,3,0.00382,41976,53.50465,78453
4392,JungBin-Eom,3,0.00382,41979,53.50847,78453
4393,JungnamKim-dev,3,0.00382,41982,53.51229,78453
4394,junjunjunk,3,0.00382,41985,53.51612,78453
4395,justbuilding,3,0.00382,41988,53.51994,78453
4396,JustinAvaLabs,3,0.00382,41991,53.52377,78453
4397,justinreddick,3,0.00382,41994,53.52759,78453
4398,jvgutierrez,3,0.00382,41997,53.53141,78453
4399,JwzBen,3,0.00382,42000,53.53524,78453
4400,jzfb2,3,0.00382,42003,53.53906,78453
4401,kadursandy,3,0.00382,42006,53.54289,78453
4402,kagedani,3,0.00382,42009,53.54671,78453
4403,kaihoffman,3,0.00382,42012,53.55053,78453
4404,kaldyka,3,0.00382,42015,53.55436,78453
4405,kallaics,3,0.00382,42018,53.55818,78453
4406,kamranhastam,3,0.00382,42021,53.56201,78453
4407,kantum,3,0.00382,42024,53.56583,78453
4408,kapendra-sentieo,3,0.00382,42027,53.56965,78453
4409,karanpratapsingh,3,0.00382,42030,53.57348,78453
4410,karimrut,3,0.00382,42033,53.57730,78453
4411,Katatafjsh,3,0.00382,42036,53.58113,78453
4412,kate-osborn,3,0.00382,42039,53.58495,78453
4413,KatieLo,3,0.00382,42042,53.58877,78453
4414,kbaisla31,3,0.00382,42045,53.59260,78453
4415,kbhaines,3,0.00382,42048,53.59642,78453
4416,kdryetyln,3,0.00382,42051,53.60024,78453
4417,kdszoom,3,0.00382,42054,53.60407,78453
4418,keanryan,3,0.00382,42057,53.60789,78453
4419,kechkibet,3,0.00382,42060,53.61172,78453
4420,keeplowkey,3,0.00382,42063,53.61554,78453
4421,kegesch,3,0.00382,42066,53.61936,78453
4422,keithhubner,3,0.00382,42069,53.62319,78453
4423,kelvinparmar,3,0.00382,42072,53.62701,78453
4424,kendonPy,3,0.00382,42075,53.63084,78453
4425,kenhtanaka,3,0.00382,42078,53.63466,78453
4426,KENNYSOFT,3,0.00382,42081,53.63848,78453
4427,kertzi,3,0.00382,42084,53.64231,78453
4428,kevinburkesegment,3,0.00382,42087,53.64613,78453
4429,kevinchen-verkada,3,0.00382,42090,53.64996,78453
4430,kevinvalleau,3,0.00382,42093,53.65378,78453
4431,kevinw66,3,0.00382,42096,53.65760,78453
4432,khaninejad,3,0.00382,42099,53.66143,78453
4433,khetho,3,0.00382,42102,53.66525,78453
4434,khmak3,3,0.00382,42105,53.66908,78453
4435,khromenko,3,0.00382,42108,53.67290,78453
4436,kic68,3,0.00382,42111,53.67672,78453
4437,killemth,3,0.00382,42114,53.68055,78453
4438,kincjf,3,0.00382,42117,53.68437,78453
4439,king-universe,3,0.00382,42120,53.68820,78453
4440,kinseii,3,0.00382,42123,53.69202,78453
4441,kirinrastogi,3,0.00382,42126,53.69584,78453
4442,kivancguckiran,3,0.00382,42129,53.69967,78453
4443,kkhaidukov,3,0.00382,42132,53.70349,78453
4444,klolo,3,0.00382,42135,53.70732,78453
4445,kmadac,3,0.00382,42138,53.71114,78453
4446,k-mustard,3,0.00382,42141,53.71496,78453
4447,kolstae,3,0.00382,42144,53.71879,78453
4448,kopytov,3,0.00382,42147,53.72261,78453
4449,koying,3,0.00382,42150,53.72643,78453
4450,kpyan8s,3,0.00382,42153,53.73026,78453
4451,Kralizek,3,0.00382,42156,53.73408,78453
4452,KrishnaKant1509,3,0.00382,42159,53.73791,78453
4453,ksiuda93,3,0.00382,42162,53.74173,78453
4454,kubernetian,3,0.00382,42165,53.74555,78453
4455,kudos-dude,3,0.00382,42168,53.74938,78453
4456,kumaranraj2895,3,0.00382,42171,53.75320,78453
4457,kunalchhabra37,3,0.00382,42174,53.75703,78453
4458,kuriouscoder,3,0.00382,42177,53.76085,78453
4459,kuro0920,3,0.00382,42180,53.76467,78453
4460,kuroponzu,3,0.00382,42183,53.76850,78453
4461,kurtaking,3,0.00382,42186,53.77232,78453
4462,kurtburak,3,0.00382,42189,53.77615,78453
4463,kwalsh-rz,3,0.00382,42192,53.77997,78453
4464,kwiatkowskimarcinb,3,0.00382,42195,53.78379,78453
4465,kyasbal-1994,3,0.00382,42198,53.78762,78453
4466,L4rS6,3,0.00382,42201,53.79144,78453
4467,labianchin,3,0.00382,42204,53.79527,78453
4468,Ladbed,3,0.00382,42207,53.79909,78453
4469,ladung,3,0.00382,42210,53.80291,78453
4470,ladykraken,3,0.00382,42213,53.80674,78453
4471,lalloni,3,0.00382,42216,53.81056,78453
4472,laoxiaokang,3,0.00382,42219,53.81439,78453
4473,LapNik,3,0.00382,42222,53.81821,78453
4474,lara,3,0.00382,42225,53.82203,78453
4475,larmic,3,0.00382,42228,53.82586,78453
4476,lattsi,3,0.00382,42231,53.82968,78453
4477,laurecs,3,0.00382,42234,53.83351,78453
4478,lawrencefej,3,0.00382,42237,53.83733,78453
4479,lazydino,3,0.00382,42240,53.84115,78453
4480,lcsbaroni,3,0.00382,42243,53.84498,78453
4481,ldmonkey,3,0.00382,42246,53.84880,78453
4482,leeyiw,3,0.00382,42249,53.85263,78453
4483,lemchen,3,0.00382,42252,53.85645,78453
4484,leogovan,3,0.00382,42255,53.86027,78453
4485,LeonorLunatech,3,0.00382,42258,53.86410,78453
4486,leorochael,3,0.00382,42261,53.86792,78453
4487,leppez,3,0.00382,42264,53.87174,78453
4488,leviwilson,3,0.00382,42267,53.87557,78453
4489,liamcassidy-eb,3,0.00382,42270,53.87939,78453
4490,liamg,3,0.00382,42273,53.88322,78453
4491,liam-mackie,3,0.00382,42276,53.88704,78453
4492,LianxinGao,3,0.00382,42279,53.89086,78453
4493,liaochan,3,0.00382,42282,53.89469,78453
4494,libka-b,3,0.00382,42285,53.89851,78453
4495,libmonsoon-dev,3,0.00382,42288,53.90234,78453
4496,LightningStairs,3,0.00382,42291,53.90616,78453
4497,lin-lin123,3,0.00382,42294,53.90998,78453
4498,linnea-s,3,0.00382,42297,53.91381,78453
4499,Li-Shiang-Chi,3,0.00382,42300,53.91763,78453
4500,litclimbing,3,0.00382,42303,53.92146,78453
4501,littleboy-j,3,0.00382,42306,53.92528,78453
4502,LittleEvilBoi,3,0.00382,42309,53.92910,78453
4503,littlepangdi,3,0.00382,42312,53.93293,78453
4504,liujing1087,3,0.00382,42315,53.93675,78453
4505,liuxuliangcumt,3,0.00382,42318,53.94058,78453
4506,liuy1vmware,3,0.00382,42321,53.94440,78453
4507,ljun20160606,3,0.00382,42324,53.94822,78453
4508,llly,3,0.00382,42327,53.95205,78453
4509,lmx1989219,3,0.00382,42330,53.95587,78453
4510,loganringer,3,0.00382,42333,53.95970,78453
4511,lollipop190,3,0.00382,42336,53.96352,78453
4512,LongZaiAiYueLiang,3,0.00382,42339,53.96734,78453
4513,lordofire,3,0.00382,42342,53.97117,78453
4514,LordReaver,3,0.00382,42345,53.97499,78453
4515,loru88,3,0.00382,42348,53.97882,78453
4516,lost4git,3,0.00382,42351,53.98264,78453
4517,lovelybowen,3,0.00382,42354,53.98646,78453
4518,LPinto98,3,0.00382,42357,53.99029,78453
4519,lpunati,3,0.00382,42360,53.99411,78453
4520,LronDC,3,0.00382,42363,53.99794,78453
4521,lucarmcarlos,3,0.00382,42366,54.00176,78453
4522,lucasbaccan,3,0.00382,42369,54.00558,78453
4523,lucasdu2,3,0.00382,42372,54.00941,78453
4524,lucasmbarboza,3,0.00382,42375,54.01323,78453
4525,lucianocarranza,3,0.00382,42378,54.01705,78453
4526,luisdknob,3,0.00382,42381,54.02088,78453
4527,lujunlai,3,0.00382,42384,54.02470,78453
4528,lukareciprocity,3,0.00382,42387,54.02853,78453
4529,lukasGemela,3,0.00382,42390,54.03235,78453
4530,lukashass,3,0.00382,42393,54.03617,78453
4531,luke-hemisphere,3,0.00382,42396,54.04000,78453
4532,lum-DannyK,3,0.00382,42399,54.04382,78453
4533,Lunuy,3,0.00382,42402,54.04765,78453
4534,luoxiaoyun-hw,3,0.00382,42405,54.05147,78453
4535,luozhiwenn,3,0.00382,42408,54.05529,78453
4536,lvzhongwen12138,3,0.00382,42411,54.05912,78453
4537,lw3636,3,0.00382,42414,54.06294,78453
4538,lwangrabbit,3,0.00382,42417,54.06677,78453
4539,lxtywypc,3,0.00382,42420,54.07059,78453
4540,lxxin,3,0.00382,42423,54.07441,78453
4541,lysyy,3,0.00382,42426,54.07824,78453
4542,Lzhang-hub,3,0.00382,42429,54.08206,78453
4543,m0nk3y-s3c,3,0.00382,42432,54.08589,78453
4544,m44soroush,3,0.00382,42435,54.08971,78453
4545,mac133k,3,0.00382,42438,54.09353,78453
4546,mac-atre,3,0.00382,42441,54.09736,78453
4547,MacGyverXie,3,0.00382,42444,54.10118,78453
4548,maciejmazur10c,3,0.00382,42447,54.10501,78453
4549,madhanreddy433,3,0.00382,42450,54.10883,78453
4550,makssobolevs,3,0.00382,42453,54.11265,78453
4551,mandicLuka,3,0.00382,42456,54.11648,78453
4552,Manicben,3,0.00382,42459,54.12030,78453
4553,manishdash12,3,0.00382,42462,54.12413,78453
4554,manixybion,3,0.00382,42465,54.12795,78453
4555,mantech-accordion,3,0.00382,42468,54.13177,78453
4556,manuelbonk,3,0.00382,42471,54.13560,78453
4557,ManuSquall,3,0.00382,42474,54.13942,78453
4558,marcgrc,3,0.00382,42477,54.14325,78453
4559,marcingy,3,0.00382,42480,54.14707,78453
4560,marcosatti,3,0.00382,42483,54.15089,78453
4561,marcosmas28,3,0.00382,42486,54.15472,78453
4562,marensws,3,0.00382,42489,54.15854,78453
4563,mariadb-nickvenenga,3,0.00382,42492,54.16236,78453
4564,mark-dropbear,3,0.00382,42495,54.16619,78453
4565,marketier,3,0.00382,42498,54.17001,78453
4566,markhulia,3,0.00382,42501,54.17384,78453
4567,markmcdowell,3,0.00382,42504,54.17766,78453
4568,markuslackner,3,0.00382,42507,54.18148,78453
4569,markus-wa,3,0.00382,42510,54.18531,78453
4570,marquezika,3,0.00382,42513,54.18913,78453
4571,MarshHawk,3,0.00382,42516,54.19296,78453
4572,marten-seemann,3,0.00382,42519,54.19678,78453
4573,martindstone,3,0.00382,42522,54.20060,78453
4574,martin-magakian,3,0.00382,42525,54.20443,78453
4575,Mason-Harding,3,0.00382,42528,54.20825,78453
4576,mason-stewart,3,0.00382,42531,54.21208,78453
4577,mateuslima90,3,0.00382,42534,54.21590,78453
4578,mateuszfidos,3,0.00382,42537,54.21972,78453
4579,mathaharika,3,0.00382,42540,54.22355,78453
4580,matheuspatury,3,0.00382,42543,54.22737,78453
4581,mattarnoatibm,3,0.00382,42546,54.23120,78453
4582,matt-goldsmith-okcupid,3,0.00382,42549,54.23502,78453
4583,matthewjamesadam,3,0.00382,42552,54.23884,78453
4584,Matth-Ng,3,0.00382,42555,54.24267,78453
4585,mattilaiatostek,3,0.00382,42558,54.24649,78453
4586,mattsheerin,3,0.00382,42561,54.25032,78453
4587,mavaddat,3,0.00382,42564,54.25414,78453
4588,Maven35,3,0.00382,42567,54.25796,78453
4589,MayankSri,3,0.00382,42570,54.26179,78453
4590,mazak-ui,3,0.00382,42573,54.26561,78453
4591,m-bers,3,0.00382,42576,54.26944,78453
4592,MbolotSuse,3,0.00382,42579,54.27326,78453
4593,mbongard,3,0.00382,42582,54.27708,78453
4594,m-brgs,3,0.00382,42585,54.28091,78453
4595,mbrowatzki,3,0.00382,42588,54.28473,78453
4596,McAndersDK,3,0.00382,42591,54.28855,78453
4597,mcekovic,3,0.00382,42594,54.29238,78453
4598,mcquadros,3,0.00382,42597,54.29620,78453
4599,mcr,3,0.00382,42600,54.30003,78453
4600,mdebord-dlr,3,0.00382,42603,54.30385,78453
4601,mecsys,3,0.00382,42606,54.30767,78453
4602,medhat-ramadan,3,0.00382,42609,54.31150,78453
4603,megelatim,3,0.00382,42612,54.31532,78453
4604,meghanakhuntia,3,0.00382,42615,54.31915,78453
4605,MeghaVarshney21,3,0.00382,42618,54.32297,78453
4606,meilier,3,0.00382,42621,54.32679,78453
4607,Mellywins,3,0.00382,42624,54.33062,78453
4608,memogarcia,3,0.00382,42627,54.33444,78453
4609,memorypanic404,3,0.00382,42630,54.33827,78453
4610,mendi40,3,0.00382,42633,54.34209,78453
4611,MengJianGui,3,0.00382,42636,54.34591,78453
4612,mengwangict,3,0.00382,42639,54.34974,78453
4613,MeowSaiGithub,3,0.00382,42642,54.35356,78453
4614,meridiana73,3,0.00382,42645,54.35739,78453
4615,meyerkev,3,0.00382,42648,54.36121,78453
4616,mgazz,3,0.00382,42651,54.36503,78453
4617,mhallin2,3,0.00382,42654,54.36886,78453
4618,mhamzarazzaq97,3,0.00382,42657,54.37268,78453
4619,mhemken-vts,3,0.00382,42660,54.37651,78453
4620,mich181189,3,0.00382,42663,54.38033,78453
4621,MichaelLogutov,3,0.00382,42666,54.38415,78453
4622,michaelryanpeter,3,0.00382,42669,54.38798,78453
4623,michaely-cb,3,0.00382,42672,54.39180,78453
4624,michielvoo,3,0.00382,42675,54.39563,78453
4625,MichZem,3,0.00382,42678,54.39945,78453
4626,miconx,3,0.00382,42681,54.40327,78453
4627,MihaiTabara,3,0.00382,42684,54.40710,78453
4628,Mihir-Bhasin,3,0.00382,42687,54.41092,78453
4629,MikaeelMF,3,0.00382,42690,54.41475,78453
4630,mikelaspina,3,0.00382,42693,54.41857,78453
4631,mikemonteith,3,0.00382,42696,54.42239,78453
4632,mikevader,3,0.00382,42699,54.42622,78453
4633,mikulass,3,0.00382,42702,54.43004,78453
4634,millerdrew,3,0.00382,42705,54.43386,78453
4635,millsp,3,0.00382,42708,54.43769,78453
4636,milosivanovic,3,0.00382,42711,54.44151,78453
4637,mishra48,3,0.00382,42714,54.44534,78453
4638,MissakaI,3,0.00382,42717,54.44916,78453
4639,misterluck,3,0.00382,42720,54.45298,78453
4640,mitzen,3,0.00382,42723,54.45681,78453
4641,mizunashi-mana,3,0.00382,42726,54.46063,78453
4642,mjiao,3,0.00382,42729,54.46446,78453
4643,mjmorales,3,0.00382,42732,54.46828,78453
4644,M-JobPixel,3,0.00382,42735,54.47210,78453
4645,mkarimi20,3,0.00382,42738,54.47593,78453
4646,mkemmerz,3,0.00382,42741,54.47975,78453
4647,mkfdoherty,3,0.00382,42744,54.48358,78453
4648,mkgrei,3,0.00382,42747,54.48740,78453
4649,mknet3,3,0.00382,42750,54.49122,78453
4650,mkroman,3,0.00382,42753,54.49505,78453
4651,mkrzywanski,3,0.00382,42756,54.49887,78453
4652,MLHafizur,3,0.00382,42759,54.50270,78453
4653,mmulligan03,3,0.00382,42762,54.50652,78453
4654,mohamedamine93,3,0.00382,42765,54.51034,78453
4655,mohamed-cds,3,0.00382,42768,54.51417,78453
4656,mor120,3,0.00382,42771,54.51799,78453
4657,morganmspencer,3,0.00382,42774,54.52182,78453
4658,mottetm,3,0.00382,42777,54.52564,78453
4659,Mpadhi2000,3,0.00382,42780,54.52946,78453
4660,mraslam,3,0.00382,42783,54.53329,78453
4661,MrfizieeD,3,0.00382,42786,54.53711,78453
4662,mroach,3,0.00382,42789,54.54094,78453
4663,mrubanov,3,0.00382,42792,54.54476,78453
4664,mscbg,3,0.00382,42795,54.54858,78453
4665,msidana,3,0.00382,42798,54.55241,78453
4666,msiriwardena,3,0.00382,42801,54.55623,78453
4667,msolberg8,3,0.00382,42804,54.56006,78453
4668,mudskipperwathotmail,3,0.00382,42807,54.56388,78453
4669,muhammedanaskhan,3,0.00382,42810,54.56770,78453
4670,muneeb-dar,3,0.00382,42813,54.57153,78453
4671,munger1985,3,0.00382,42816,54.57535,78453
4672,munierujp,3,0.00382,42819,54.57917,78453
4673,murilolobato,3,0.00382,42822,54.58300,78453
4674,murkylife,3,0.00382,42825,54.58682,78453
4675,MushiTheMoshi,3,0.00382,42828,54.59065,78453
4676,mustafazeya,3,0.00382,42831,54.59447,78453
4677,muziekklas,3,0.00382,42834,54.59829,78453
4678,mwoodpatrick,3,0.00382,42837,54.60212,78453
4679,MXuDong,3,0.00382,42840,54.60594,78453
4680,mzmuer,3,0.00382,42843,54.60977,78453
4681,Nafalgar,3,0.00382,42846,54.61359,78453
4682,nagender1005,3,0.00382,42849,54.61741,78453
4683,Nagendra-boyina,3,0.00382,42852,54.62124,78453
4684,Nalin28,3,0.00382,42855,54.62506,78453
4685,namgonkim,3,0.00382,42858,54.62889,78453
4686,naoki9911,3,0.00382,42861,54.63271,78453
4687,naphatkrit,3,0.00382,42864,54.63653,78453
4688,Nash-0110,3,0.00382,42867,54.64036,78453
4689,NathanDotTo,3,0.00382,42870,54.64418,78453
4690,Natureshadow,3,0.00382,42873,54.64801,78453
4691,Naveen-Alien,3,0.00382,42876,54.65183,78453
4692,navpreet-securitas,3,0.00382,42879,54.65565,78453
4693,NawiLan,3,0.00382,42882,54.65948,78453
4694,ndimiduk,3,0.00382,42885,54.66330,78453
4695,ndunks,3,0.00382,42888,54.66713,78453
4696,Ne4to,3,0.00382,42891,54.67095,78453
4697,nedy13,3,0.00382,42894,54.67477,78453
4698,neeraj-htp,3,0.00382,42897,54.67860,78453
4699,neilgoodman,3,0.00382,42900,54.68242,78453
4700,Neo2308,3,0.00382,42903,54.68625,78453
4701,nethershaw,3,0.00382,42906,54.69007,78453
4702,networkhell,3,0.00382,42909,54.69389,78453
4703,newedward,3,0.00382,42912,54.69772,78453
4704,nfi-opsguru,3,0.00382,42915,54.70154,78453
4705,nfsouzaj,3,0.00382,42918,54.70536,78453
4706,ngosang,3,0.00382,42921,54.70919,78453
4707,nichenqin-treelab,3,0.00382,42924,54.71301,78453
4708,nickcorin,3,0.00382,42927,54.71684,78453
4709,nickekstest,3,0.00382,42930,54.72066,78453
4710,nickexported,3,0.00382,42933,54.72448,78453
4711,niclasrothman,3,0.00382,42936,54.72831,78453
4712,NiclasvanEyk,3,0.00382,42939,54.73213,78453
4713,nicolasmingo,3,0.00382,42942,54.73596,78453
4714,nielsvanoosterom-varias,3,0.00382,42945,54.73978,78453
4715,Nighttraveler,3,0.00382,42948,54.74360,78453
4716,nigoroll,3,0.00382,42951,54.74743,78453
4717,Nika-89,3,0.00382,42954,54.75125,78453
4718,nikanderson,3,0.00382,42957,54.75508,78453
4719,nika-nii,3,0.00382,42960,54.75890,78453
4720,nikcollins,3,0.00382,42963,54.76272,78453
4721,nikever,3,0.00382,42966,54.76655,78453
4722,nikkhn,3,0.00382,42969,54.77037,78453
4723,niltor,3,0.00382,42972,54.77420,78453
4724,NirmalP29,3,0.00382,42975,54.77802,78453
4725,Nishant-Nayan,3,0.00382,42978,54.78184,78453
4726,Nizar-opt,3,0.00382,42981,54.78567,78453
4727,NJadeRabbit,3,0.00382,42984,54.78949,78453
4728,NJUCS-CC,3,0.00382,42987,54.79332,78453
4729,njuszj,3,0.00382,42990,54.79714,78453
4730,noaabarki,3,0.00382,42993,54.80096,78453
4731,nobellium1997,3,0.00382,42996,54.80479,78453
4732,nosammai,3,0.00382,42999,54.80861,78453
4733,NosIreland,3,0.00382,43002,54.81244,78453
4734,nossrannug,3,0.00382,43005,54.81626,78453
4735,NSBlink,3,0.00382,43008,54.82008,78453
4736,nu007a,3,0.00382,43011,54.82391,78453
4737,Nuatu,3,0.00382,43014,54.82773,78453
4738,Nugine,3,0.00382,43017,54.83156,78453
4739,nuritzi,3,0.00382,43020,54.83538,78453
4740,nvsd,3,0.00382,43023,54.83920,78453
4741,oc-christopher-billett,3,0.00382,43026,54.84303,78453
4742,oct28-yjkim,3,0.00382,43029,54.84685,78453
4743,ojroques,3,0.00382,43032,54.85067,78453
4744,oldshaghat,3,0.00382,43035,54.85450,78453
4745,olegvorobiov,3,0.00382,43038,54.85832,78453
4746,oleg-vorobiov-suse,3,0.00382,43041,54.86215,78453
4747,oleg-yudovich,3,0.00382,43044,54.86597,78453
4748,OliverO2,3,0.00382,43047,54.86979,78453
4749,omersalaj,3,0.00382,43050,54.87362,78453
4750,omkat,3,0.00382,43053,54.87744,78453
4751,onelxj,3,0.00382,43056,54.88127,78453
4752,onlyacat,3,0.00382,43059,54.88509,78453
4753,ooosssososos,3,0.00382,43062,54.88891,78453
4754,oscar-dela,3,0.00382,43065,54.89274,78453
4755,oshkiole,3,0.00382,43068,54.89656,78453
4756,otaviomacedo,3,0.00382,43071,54.90039,78453
4757,ovidiutirla,3,0.00382,43074,54.90421,78453
4758,owen-mc,3,0.00382,43077,54.90803,78453
4759,OyamingO,3,0.00382,43080,54.91186,78453
4760,P15233971,3,0.00382,43083,54.91568,78453
4761,pallavipervaje,3,0.00382,43086,54.91951,78453
4762,pankaj-83incs,3,0.00382,43089,54.92333,78453
4763,panumjp,3,0.00382,43092,54.92715,78453
4764,panzerox123,3,0.00382,43095,54.93098,78453
4765,papandadj,3,0.00382,43098,54.93480,78453
4766,parthea,3,0.00382,43101,54.93863,78453
4767,parth-purohit,3,0.00382,43104,54.94245,78453
4768,patelr3,3,0.00382,43107,54.94627,78453
4769,patrickcamargo,3,0.00382,43110,54.95010,78453
4770,patrickc-sb,3,0.00382,43113,54.95392,78453
4771,PatrickZuell,3,0.00382,43116,54.95775,78453
4772,PatrykGala,3,0.00382,43119,54.96157,78453
4773,PavelPavlov46,3,0.00382,43122,54.96539,78453
4774,pavmohan1,3,0.00382,43125,54.96922,78453
4775,paxforce,3,0.00382,43128,54.97304,78453
4776,pedroMMM,3,0.00382,43131,54.97687,78453
4777,pedroresende,3,0.00382,43134,54.98069,78453
4778,pedrothome1,3,0.00382,43137,54.98451,78453
4779,peeyushguleria,3,0.00382,43140,54.98834,78453
4780,Pengulll,3,0.00382,43143,54.99216,78453
4781,pengyuan,3,0.00382,43146,54.99598,78453
4782,PertsevRoman,3,0.00382,43149,54.99981,78453
4783,peterbi,3,0.00382,43152,55.00363,78453
4784,PetrBarborka,3,0.00382,43155,55.00746,78453
4785,PetrSilar,3,0.00382,43158,55.01128,78453
4786,p-glomski,3,0.00382,43161,55.01510,78453
4787,pgmgb,3,0.00382,43164,55.01893,78453
4788,pgraciabernal,3,0.00382,43167,55.02275,78453
4789,philipag,3,0.00382,43170,55.02658,78453
4790,philz94,3,0.00382,43173,55.03040,78453
4791,phoban01,3,0.00382,43176,55.03422,78453
4792,phoebe-canva,3,0.00382,43179,55.03805,78453
4793,Phoebus888,3,0.00382,43182,55.04187,78453
4794,phuongatemc,3,0.00382,43185,55.04570,78453
4795,phxgbl,3,0.00382,43188,55.04952,78453
4796,phyxdown,3,0.00382,43191,55.05334,78453
4797,piotrpio,3,0.00382,43194,55.05717,78453
4798,pipiobjo,3,0.00382,43197,55.06099,78453
4799,piroh1990,3,0.00382,43200,55.06482,78453
4800,Pixcell,3,0.00382,43203,55.06864,78453
4801,planetA,3,0.00382,43206,55.07246,78453
4802,plasticproxy,3,0.00382,43209,55.07629,78453
4803,plex-test,3,0.00382,43212,55.08011,78453
4804,pmula-onbe,3,0.00382,43215,55.08394,78453
4805,pmv,3,0.00382,43218,55.08776,78453
4806,pnarayanan01,3,0.00382,43221,55.09158,78453
4807,pnquest,3,0.00382,43224,55.09541,78453
4808,pocki,3,0.00382,43227,55.09923,78453
4809,pollynesterovich,3,0.00382,43230,55.10306,78453
4810,postwarbreakout,3,0.00382,43233,55.10688,78453
4811,Poswark,3,0.00382,43236,55.11070,78453
4812,power-more,3,0.00382,43239,55.11453,78453
4813,pquadri,3,0.00382,43242,55.11835,78453
4814,pradeep-av,3,0.00382,43245,55.12218,78453
4815,pragaonj,3,0.00382,43248,55.12600,78453
4816,prajwalv-netapp,3,0.00382,43251,55.12982,78453
4817,prashant407,3,0.00382,43254,55.13365,78453
4818,prateekvishnu,3,0.00382,43257,55.13747,78453
4819,pratikguela,3,0.00382,43260,55.14129,78453
4820,pratyushmck,3,0.00382,43263,55.14512,78453
4821,praveen-livspace,3,0.00382,43266,55.14894,78453
4822,prb112,3,0.00382,43269,55.15277,78453
4823,pree-T,3,0.00382,43272,55.15659,78453
4824,princefishthrower,3,0.00382,43275,55.16041,78453
4825,printWSL,3,0.00382,43278,55.16424,78453
4826,ProfessorManhattan,3,0.00382,43281,55.16806,78453
4827,psharik1,3,0.00382,43284,55.17189,78453
4828,PSHREYASHOLLA,3,0.00382,43287,55.17571,78453
4829,ptdtan,3,0.00382,43290,55.17953,78453
4830,ptthon,3,0.00382,43293,55.18336,78453
4831,pulnara,3,0.00382,43296,55.18718,78453
4832,pycgo,3,0.00382,43299,55.19101,78453
4833,pyprism,3,0.00382,43302,55.19483,78453
4834,qbx2,3,0.00382,43305,55.19865,78453
4835,qiliRedHat,3,0.00382,43308,55.20248,78453
4836,qinqi01,3,0.00382,43311,55.20630,78453
4837,qq510521,3,0.00382,43314,55.21013,78453
4838,QSS-ZL,3,0.00382,43317,55.21395,78453
4839,qtruong-brex,3,0.00382,43320,55.21777,78453
4840,quaintclever,3,0.00382,43323,55.22160,78453
4841,quaintdev,3,0.00382,43326,55.22542,78453
4842,r0binak,3,0.00382,43329,55.22925,78453
4843,r2DoesInc,3,0.00382,43332,55.23307,78453
4844,raarts,3,0.00382,43335,55.23689,78453
4845,rafan,3,0.00382,43338,55.24072,78453
4846,raftx24,3,0.00382,43341,55.24454,78453
4847,raghav23,3,0.00382,43344,55.24837,78453
4848,raghuvenkat1,3,0.00382,43347,55.25219,78453
4849,rahulbreezo,3,0.00382,43350,55.25601,78453
4850,ramanand-rv,3,0.00382,43353,55.25984,78453
4851,rameshchelliah1989,3,0.00382,43356,55.26366,78453
4852,Ramki33,3,0.00382,43359,55.26748,78453
4853,ramkumarvasu,3,0.00382,43362,55.27131,78453
4854,ramzcode,3,0.00382,43365,55.27513,78453
4855,randomname111111111,3,0.00382,43368,55.27896,78453
4856,rany2,3,0.00382,43371,55.28278,78453
4857,raphaelcolomine-onespan,3,0.00382,43374,55.28660,78453
4858,Ratuchetp,3,0.00382,43377,55.29043,78453
4859,ravi-kp,3,0.00382,43380,55.29425,78453
4860,ravish-kumar-maersk,3,0.00382,43383,55.29808,78453
4861,RBCL,3,0.00382,43386,55.30190,78453
4862,rdmagm062699,3,0.00382,43389,55.30572,78453
4863,reddec,3,0.00382,43392,55.30955,78453
4864,redhatrises,3,0.00382,43395,55.31337,78453
4865,reenakabra,3,0.00382,43398,55.31720,78453
4866,renshuyang7,3,0.00382,43401,55.32102,78453
4867,rezaetezal,3,0.00382,43404,55.32484,78453
4868,rfftrifork,3,0.00382,43407,55.32867,78453
4869,rfk,3,0.00382,43410,55.33249,78453
4870,rganatra-kasada,3,0.00382,43413,55.33632,78453
4871,rgroothuijsen,3,0.00382,43416,55.34014,78453
4872,rgruchalski-klarrio,3,0.00382,43419,55.34396,78453
4873,rhblind,3,0.00382,43422,55.34779,78453
4874,richardgreg,3,0.00382,43425,55.35161,78453
4875,Richardmbs12,3,0.00382,43428,55.35544,78453
4876,richardpj,3,0.00382,43431,55.35926,78453
4877,rigogsilva,3,0.00382,43434,55.36308,78453
4878,rikewang,3,0.00382,43437,55.36691,78453
4879,rishabhmsra,3,0.00382,43440,55.37073,78453
4880,rishank69,3,0.00382,43443,55.37456,78453
4881,ritbl,3,0.00382,43446,55.37838,78453
4882,rkapka,3,0.00382,43449,55.38220,78453
4883,rkazak,3,0.00382,43452,55.38603,78453
4884,rlmartin,3,0.00382,43455,55.38985,78453
4885,rnasani,3,0.00382,43458,55.39368,78453
4886,robertdeheer,3,0.00382,43461,55.39750,78453
4887,rocky0001,3,0.00382,43464,55.40132,78453
4888,RocMarshal,3,0.00382,43467,55.40515,78453
4889,roddyherries,3,0.00382,43470,55.40897,78453
4890,RodrigoRVieira,3,0.00382,43473,55.41279,78453
4891,RohinBhargava,3,0.00382,43476,55.41662,78453
4892,rohprimardho,3,0.00382,43479,55.42044,78453
4893,Roiocam,3,0.00382,43482,55.42427,78453
4894,Rojikku,3,0.00382,43485,55.42809,78453
4895,roma8389,3,0.00382,43488,55.43191,78453
4896,Romain-Geissler-1A,3,0.00382,43491,55.43574,78453
4897,romulus-ai,3,0.00382,43494,55.43956,78453
4898,ronitblenz,3,0.00382,43497,55.44339,78453
4899,roofurmston,3,0.00382,43500,55.44721,78453
4900,roopeshvs,3,0.00382,43503,55.45103,78453
4901,RoozbehOssia,3,0.00382,43506,55.45486,78453
4902,roro007,3,0.00382,43509,55.45868,78453
4903,rotiv13,3,0.00382,43512,55.46251,78453
4904,rpete3,3,0.00382,43515,55.46633,78453
4905,rquinio1A,3,0.00382,43518,55.47015,78453
4906,rriolobos,3,0.00382,43521,55.47398,78453
4907,rstular,3,0.00382,43524,55.47780,78453
4908,Rtoax,3,0.00382,43527,55.48163,78453
4909,ruanwenjun,3,0.00382,43530,55.48545,78453
4910,rubenpetrosyan1,3,0.00382,43533,55.48927,78453
4911,rubykv,3,0.00382,43536,55.49310,78453
4912,ruchikakhemka,3,0.00382,43539,55.49692,78453
4913,RudolfMan,3,0.00382,43542,55.50075,78453
4914,ruifernando7,3,0.00382,43545,55.50457,78453
4915,Ruitjes,3,0.00382,43548,55.50839,78453
4916,RushilMehra,3,0.00382,43551,55.51222,78453
4917,rushilsrivastava,3,0.00382,43554,55.51604,78453
4918,Rutik333,3,0.00382,43557,55.51987,78453
4919,rvittal-btig,3,0.00382,43560,55.52369,78453
4920,ryancaicse,3,0.00382,43563,55.52751,78453
4921,ryandaugherty,3,0.00382,43566,55.53134,78453
4922,ryankmcintyre,3,0.00382,43569,55.53516,78453
4923,ryanmr,3,0.00382,43572,55.53899,78453
4924,ryota2425,3,0.00382,43575,55.54281,78453
4925,s4ke,3,0.00382,43578,55.54663,78453
4926,S972776051,3,0.00382,43581,55.55046,78453
4927,saarbe,3,0.00382,43584,55.55428,78453
4928,Sam-Sundar-Apty,3,0.00382,43587,55.55810,78453
4929,samueleydaniel,3,0.00382,43590,55.56193,78453
4930,samuxita,3,0.00382,43593,55.56575,78453
4931,sandyisone,3,0.00382,43596,55.56958,78453
4932,sandykellagher,3,0.00382,43599,55.57340,78453
4933,sanjipta1995,3,0.00382,43602,55.57722,78453
4934,santschi,3,0.00382,43605,55.58105,78453
4935,SarangRapid,3,0.00382,43608,55.58487,78453
4936,sarguru,3,0.00382,43611,55.58870,78453
4937,saucekode,3,0.00382,43614,55.59252,78453
4938,saygenie,3,0.00382,43617,55.59634,78453
4939,sbonnalc,3,0.00382,43620,55.60017,78453
4940,sbricklayer,3,0.00382,43623,55.60399,78453
4941,scarbo87,3,0.00382,43626,55.60782,78453
4942,SCIF,3,0.00382,43629,55.61164,78453
4943,sc-olenanosenko,3,0.00382,43632,55.61546,78453
4944,scornelius1,3,0.00382,43635,55.61929,78453
4945,scorpey,3,0.00382,43638,55.62311,78453
4946,scriptbiggie,3,0.00382,43641,55.62694,78453
4947,sdif,3,0.00382,43644,55.63076,78453
4948,seanw75,3,0.00382,43647,55.63458,78453
4949,sebasmagri,3,0.00382,43650,55.63841,78453
4950,secsys-go,3,0.00382,43653,55.64223,78453
4951,seddarj,3,0.00382,43656,55.64606,78453
4952,Seelengrab,3,0.00382,43659,55.64988,78453
4953,semihokur,3,0.00382,43662,55.65370,78453
4954,sergei3000,3,0.00382,43665,55.65753,78453
4955,SergioVelmay,3,0.00382,43668,55.66135,78453
4956,sethfri,3,0.00382,43671,55.66518,78453
4957,seungjinyu,3,0.00382,43674,55.66900,78453
4958,sfc-gh-jchacon,3,0.00382,43677,55.67282,78453
4959,sf-declanomalley,3,0.00382,43680,55.67665,78453
4960,sgirones,3,0.00382,43683,55.68047,78453
4961,sgof1d,3,0.00382,43686,55.68430,78453
4962,Shahid-Roofi-Khan,3,0.00382,43689,55.68812,78453
4963,Shahnawaz-1,3,0.00382,43692,55.69194,78453
4964,shaohq,3,0.00382,43695,55.69577,78453
4965,shaquiba739,3,0.00382,43698,55.69959,78453
4966,sharanbabumg,3,0.00382,43701,55.70341,78453
4967,sharkztex,3,0.00382,43704,55.70724,78453
4968,ShaunakJoshi1407,3,0.00382,43707,55.71106,78453
4969,shawn-canva,3,0.00382,43710,55.71489,78453
4970,shawnharris63,3,0.00382,43713,55.71871,78453
4971,shawnparr,3,0.00382,43716,55.72253,78453
4972,shefali12-ab,3,0.00382,43719,55.72636,78453
4973,shell931,3,0.00382,43722,55.73018,78453
4974,shengLin-alex,3,0.00382,43725,55.73401,78453
4975,shenxianpeng,3,0.00382,43728,55.73783,78453
4976,sherman,3,0.00382,43731,55.74165,78453
4977,sherwoodwang,3,0.00382,43734,55.74548,78453
4978,shidaxi,3,0.00382,43737,55.74930,78453
4979,Shivanireddie,3,0.00382,43740,55.75313,78453
4980,shivavishaal66215,3,0.00382,43743,55.75695,78453
4981,shobhitkasliwal-onbe,3,0.00382,43746,55.76077,78453
4982,shrds,3,0.00382,43749,55.76460,78453
4983,Shrizo,3,0.00382,43752,55.76842,78453
4984,shs96c,3,0.00382,43755,55.77225,78453
4985,shubham-mandhare,3,0.00382,43758,55.77607,78453
4986,shuguet,3,0.00382,43761,55.77989,78453
4987,shurikp,3,0.00382,43764,55.78372,78453
4988,siddharthsalot,3,0.00382,43767,55.78754,78453
4989,sidgujrathi,3,0.00382,43770,55.79137,78453
4990,sigix,3,0.00382,43773,55.79519,78453
4991,sigmoidal,3,0.00382,43776,55.79901,78453
4992,SikoJobs,3,0.00382,43779,55.80284,78453
4993,sillyfrog,3,0.00382,43782,55.80666,78453
4994,simonpie,3,0.00382,43785,55.81049,78453
4995,simostella,3,0.00382,43788,55.81431,78453
4996,sinevitch,3,0.00382,43791,55.81813,78453
4997,sinicis,3,0.00382,43794,55.82196,78453
4998,sircinek,3,0.00382,43797,55.82578,78453
4999,sivaandyala765,3,0.00382,43800,55.82960,78453
5000,siyigao1212,3,0.00382,43803,55.83343,78453
5001,sj98ta,3,0.00382,43806,55.83725,78453
5002,skamalj,3,0.00382,43809,55.84108,78453
5003,skas9999,3,0.00382,43812,55.84490,78453
5004,skattaa,3,0.00382,43815,55.84872,78453
5005,skfarhat,3,0.00382,43818,55.85255,78453
5006,SkywalkerWgy,3,0.00382,43821,55.85637,78453
5007,slankdev,3,0.00382,43824,55.86020,78453
5008,slavitch,3,0.00382,43827,55.86402,78453
5009,slofurno,3,0.00382,43830,55.86784,78453
5010,SmartCC,3,0.00382,43833,55.87167,78453
5011,smitsr72,3,0.00382,43836,55.87549,78453
5012,smrafy20,3,0.00382,43839,55.87932,78453
5013,sn-asownie,3,0.00382,43842,55.88314,78453
5014,Socotoly,3,0.00382,43845,55.88696,78453
5015,sohailanjum97,3,0.00382,43848,55.89079,78453
5016,somera,3,0.00382,43851,55.89461,78453
5017,songzhibin97,3,0.00382,43854,55.89844,78453
5018,sorryforyou,3,0.00382,43857,55.90226,78453
5019,spaceone,3,0.00382,43860,55.90608,78453
5020,spanhotra,3,0.00382,43863,55.90991,78453
5021,Sparika,3,0.00382,43866,55.91373,78453
5022,spdjudd,3,0.00382,43869,55.91756,78453
5023,spleeeen,3,0.00382,43872,55.92138,78453
5024,Spongman,3,0.00382,43875,55.92520,78453
5025,Sporesirius,3,0.00382,43878,55.92903,78453
5026,sprat,3,0.00382,43881,55.93285,78453
5027,springeye,3,0.00382,43884,55.93668,78453
5028,spyder007,3,0.00382,43887,55.94050,78453
5029,SquidDev,3,0.00382,43890,55.94432,78453
5030,sredhu37,3,0.00382,43893,55.94815,78453
5031,srinathkp,3,0.00382,43896,55.95197,78453
5032,srinman,3,0.00382,43899,55.95580,78453
5033,SriranjithaR,3,0.00382,43902,55.95962,78453
5034,ssbaksa,3,0.00382,43905,55.96344,78453
5035,ssm3ll,3,0.00382,43908,55.96727,78453
5036,st3v,3,0.00382,43911,55.97109,78453
5037,stamp711,3,0.00382,43914,55.97491,78453
5038,Stef-33560,3,0.00382,43917,55.97874,78453
5039,stefanDeveloper,3,0.00382,43920,55.98256,78453
5040,stefaneidelloth,3,0.00382,43923,55.98639,78453
5041,stefanlogue,3,0.00382,43926,55.99021,78453
5042,StefanNienhuis,3,0.00382,43929,55.99403,78453
5043,StefanVanDyck,3,0.00382,43932,55.99786,78453
5044,stephrdev,3,0.00382,43935,56.00168,78453
5045,strattner,3,0.00382,43938,56.00551,78453
5046,strudelPi,3,0.00382,43941,56.00933,78453
5047,sudhirkumar05,3,0.00382,43944,56.01315,78453
5048,su-houzhen,3,0.00382,43947,56.01698,78453
5049,suhyun-baek,3,0.00382,43950,56.02080,78453
5050,sulavvr,3,0.00382,43953,56.02463,78453
5051,sundong1982,3,0.00382,43956,56.02845,78453
5052,sushant032,3,0.00382,43959,56.03227,78453
5053,svalaskevicius,3,0.00382,43962,56.03610,78453
5054,svolland-csgroup,3,0.00382,43965,56.03992,78453
5055,Swaps76,3,0.00382,43968,56.04375,78453
5056,swarnaswaminathan,3,0.00382,43971,56.04757,78453
5057,swathienugula,3,0.00382,43974,56.05139,78453
5058,swathi-zelarsoft,3,0.00382,43977,56.05522,78453
5059,sxyandapp,3,0.00382,43980,56.05904,78453
5060,Syed-Esqimo,3,0.00382,43983,56.06287,78453
5061,syeelarthi,3,0.00382,43986,56.06669,78453
5062,SyngoPredevelopment,3,0.00382,43989,56.07051,78453
5063,sysnetstriver,3,0.00382,43992,56.07434,78453
5064,systemfreund,3,0.00382,43995,56.07816,78453
5065,system-pclub,3,0.00382,43998,56.08199,78453
5066,t1m0,3,0.00382,44001,56.08581,78453
5067,t1murl,3,0.00382,44004,56.08963,78453
5068,t2y,3,0.00382,44007,56.09346,78453
5069,T4cC0re,3,0.00382,44010,56.09728,78453
5070,tangingw,3,0.00382,44013,56.10111,78453
5071,tanguyantoine,3,0.00382,44016,56.10493,78453
5072,tanob,3,0.00382,44019,56.10875,78453
5073,tarrantro,3,0.00382,44022,56.11258,78453
5074,tasharnvb,3,0.00382,44025,56.11640,78453
5075,tbaumann-sf,3,0.00382,44028,56.12022,78453
5076,TBurda,3,0.00382,44031,56.12405,78453
5077,Tchokomeni,3,0.00382,44034,56.12787,78453
5078,tck517,3,0.00382,44037,56.13170,78453
5079,tdbabcock,3,0.00382,44040,56.13552,78453
5080,tdevinda,3,0.00382,44043,56.13934,78453
5081,techburner202,3,0.00382,44046,56.14317,78453
5082,teddyballgame,3,0.00382,44049,56.14699,78453
5083,tedjpoole,3,0.00382,44052,56.15082,78453
5084,tejeswar-komma,3,0.00382,44055,56.15464,78453
5085,Tejuvmware,3,0.00382,44058,56.15846,78453
5086,telotlik,3,0.00382,44061,56.16229,78453
5087,Temepest74,3,0.00382,44064,56.16611,78453
5088,tesspib,3,0.00382,44067,56.16994,78453
5089,tgquan67,3,0.00382,44070,56.17376,78453
5090,thanhdinh-manabie,3,0.00382,44073,56.17758,78453
5091,the-iron-pig,3,0.00382,44076,56.18141,78453
5092,ThemeIT,3,0.00382,44079,56.18523,78453
5093,theronl,3,0.00382,44082,56.18906,78453
5094,thissuper,3,0.00382,44085,56.19288,78453
5095,tholemu,3,0.00382,44088,56.19670,78453
5096,ThomasBarach,3,0.00382,44091,56.20053,78453
5097,thomasd-ign,3,0.00382,44094,56.20435,78453
5098,thspinto,3,0.00382,44097,56.20818,78453
5099,thunder7s,3,0.00382,44100,56.21200,78453
5100,tiagoangelozup,3,0.00382,44103,56.21582,78453
5101,TiboOpGithub,3,0.00382,44106,56.21965,78453
5102,timbrown5,3,0.00382,44109,56.22347,78453
5103,timmc9104,3,0.00382,44112,56.22730,78453
5104,timorusky,3,0.00382,44115,56.23112,78453
5105,timrosenblatt,3,0.00382,44118,56.23494,78453
5106,TimRots,3,0.00382,44121,56.23877,78453
5107,TimSchSkaylink,3,0.00382,44124,56.24259,78453
5108,tinywisdom,3,0.00382,44127,56.24642,78453
5109,tionichm,3,0.00382,44130,56.25024,78453
5110,tkblack,3,0.00382,44133,56.25406,78453
5111,tko-mz,3,0.00382,44136,56.25789,78453
5112,tmasciar,3,0.00382,44139,56.26171,78453
5113,tmnhut97,3,0.00382,44142,56.26553,78453
5114,tmukharj,3,0.00382,44145,56.26936,78453
5115,tnaroska,3,0.00382,44148,56.27318,78453
5116,toboRlivE,3,0.00382,44151,56.27701,78453
5117,todpunk,3,0.00382,44154,56.28083,78453
5118,TomasLongo,3,0.00382,44157,56.28465,78453
5119,tongtongdi,3,0.00382,44160,56.28848,78453
5120,tornike,3,0.00382,44163,56.29230,78453
5121,tpaimparay,3,0.00382,44166,56.29613,78453
5122,TPB555,3,0.00382,44169,56.29995,78453
5123,tpott,3,0.00382,44172,56.30377,78453
5124,tpsouza,3,0.00382,44175,56.30760,78453
5125,tqtcloud,3,0.00382,44178,56.31142,78453
5126,traviscancode604,3,0.00382,44181,56.31525,78453
5127,trevorriles,3,0.00382,44184,56.31907,78453
5128,T-REX-XP,3,0.00382,44187,56.32289,78453
5129,trey03,3,0.00382,44190,56.32672,78453
5130,TriQuach,3,0.00382,44193,56.33054,78453
5131,tsaiboon,3,0.00382,44196,56.33437,78453
5132,tslo-stripe,3,0.00382,44199,56.33819,78453
5133,TungstenE2,3,0.00382,44202,56.34201,78453
5134,tylerreece22,3,0.00382,44205,56.34584,78453
5135,tzachiabo,3,0.00382,44208,56.34966,78453
5136,uclaeaslam,3,0.00382,44211,56.35349,78453
5137,ucrk,3,0.00382,44214,56.35731,78453
5138,UDarya,3,0.00382,44217,56.36113,78453
5139,udhayd,3,0.00382,44220,56.36496,78453
5140,uesleilima,3,0.00382,44223,56.36878,78453
5141,umairidris,3,0.00382,44226,56.37261,78453
5142,uneabh,3,0.00382,44229,56.37643,78453
5143,untereiner,3,0.00382,44232,56.38025,78453
5144,Unveraenderbar,3,0.00382,44235,56.38408,78453
5145,uripre,3,0.00382,44238,56.38790,78453
5146,urskog84,3,0.00382,44241,56.39172,78453
5147,va7ish,3,0.00382,44244,56.39555,78453
5148,vabinav,3,0.00382,44247,56.39937,78453
5149,VaibhavPaliwal0007,3,0.00382,44250,56.40320,78453
5150,va-len-tine,3,0.00382,44253,56.40702,78453
5151,VanshulB,3,0.00382,44256,56.41084,78453
5152,vanthony022,3,0.00382,44259,56.41467,78453
5153,variesdiffmayfuse2,3,0.00382,44262,56.41849,78453
5154,vasanthaneppali,3,0.00382,44265,56.42232,78453
5155,vbyjsue,3,0.00382,44268,56.42614,78453
5156,vdymna,3,0.00382,44271,56.42996,78453
5157,velemas,3,0.00382,44274,56.43379,78453
5158,venkyvikram,3,0.00382,44277,56.43761,78453
5159,Venzz,3,0.00382,44280,56.44144,78453
5160,verbotenj,3,0.00382,44283,56.44526,78453
5161,Veres72,3,0.00382,44286,56.44908,78453
5162,VerwaerdeWim,3,0.00382,44289,56.45291,78453
5163,vescoc,3,0.00382,44292,56.45673,78453
5164,vgavro,3,0.00382,44295,56.46056,78453
5165,vholer,3,0.00382,44298,56.46438,78453
5166,vhp1360,3,0.00382,44301,56.46820,78453
5167,vhscom,3,0.00382,44304,56.47203,78453
5168,vidarkongsli,3,0.00382,44307,56.47585,78453
5169,vieenodp,3,0.00382,44310,56.47968,78453
5170,vikramvicky61,3,0.00382,44313,56.48350,78453
5171,viniciusdep,3,0.00382,44316,56.48732,78453
5172,VIPHercules,3,0.00382,44319,56.49115,78453
5173,vishalmamidi1,3,0.00382,44322,56.49497,78453
5174,vish-han,3,0.00382,44325,56.49880,78453
5175,vivekdsr,3,0.00382,44328,56.50262,78453
5176,vkuharkov,3,0.00382,44331,56.50644,78453
5177,vladi14,3,0.00382,44334,56.51027,78453
5178,vladnicula,3,0.00382,44337,56.51409,78453
5179,VladSaioc,3,0.00382,44340,56.51792,78453
5180,vlev,3,0.00382,44343,56.52174,78453
5181,vonckm-kadaster,3,0.00382,44346,56.52556,78453
5182,vraghavach,3,0.00382,44349,56.52939,78453
5183,VSilantyev,3,0.00382,44352,56.53321,78453
5184,vss96,3,0.00382,44355,56.53703,78453
5185,vujadeyoon,3,0.00382,44358,56.54086,78453
5186,vvoinea-gpsw,3,0.00382,44361,56.54468,78453
5187,wadjei,3,0.00382,44364,56.54851,78453
5188,wallrick,3,0.00382,44367,56.55233,78453
5189,walter-pietroni,3,0.00382,44370,56.55615,78453
5190,wanghr64,3,0.00382,44373,56.55998,78453
5191,wangyx2464,3,0.00382,44376,56.56380,78453
5192,wapson,3,0.00382,44379,56.56763,78453
5193,warrenrees,3,0.00382,44382,56.57145,78453
5194,warrensbox,3,0.00382,44385,56.57527,78453
5195,wasim-cloud,3,0.00382,44388,56.57910,78453
5196,wasparch,3,0.00382,44391,56.58292,78453
5197,webcoderz,3,0.00382,44394,56.58675,78453
5198,weid-h,3,0.00382,44397,56.59057,78453
5199,weisisea,3,0.00382,44400,56.59439,78453
5200,weizhe0422,3,0.00382,44403,56.59822,78453
5201,wenfengwang,3,0.00382,44406,56.60204,78453
5202,Wennemyr,3,0.00382,44409,56.60587,78453
5203,wey-gu,3,0.00382,44412,56.60969,78453
5204,whitelizard,3,0.00382,44415,56.61351,78453
5205,willat8,3,0.00382,44418,56.61734,78453
5206,willfore,3,0.00382,44421,56.62116,78453
5207,William-LP,3,0.00382,44424,56.62499,78453
5208,willvelida,3,0.00382,44427,56.62881,78453
5209,wilsonmoss,3,0.00382,44430,56.63263,78453
5210,windghoul,3,0.00382,44433,56.63646,78453
5211,Wittionary,3,0.00382,44436,56.64028,78453
5212,wjh791072385,3,0.00382,44439,56.64411,78453
5213,wjkhappy14,3,0.00382,44442,56.64793,78453
5214,wknickless,3,0.00382,44445,56.65175,78453
5215,wlooppy,3,0.00382,44448,56.65558,78453
5216,Wojciech-Chilinski,3,0.00382,44451,56.65940,78453
5217,wpartin,3,0.00382,44454,56.66323,78453
5218,wrengifo,3,0.00382,44457,56.66705,78453
5219,ws-infrabot,3,0.00382,44460,56.67087,78453
5220,wsugarman,3,0.00382,44463,56.67470,78453
5221,wuchunhuan,3,0.00382,44466,56.67852,78453
5222,ww3pl,3,0.00382,44469,56.68234,78453
5223,WwangX,3,0.00382,44472,56.68617,78453
5224,wwhai,3,0.00382,44475,56.68999,78453
5225,WY-S,3,0.00382,44478,56.69382,78453
5226,xajhljq,3,0.00382,44481,56.69764,78453
5227,xbuzz,3,0.00382,44484,56.70146,78453
5228,xdlbdy,3,0.00382,44487,56.70529,78453
5229,xiangchunfu,3,0.00382,44490,56.70911,78453
5230,xiaoduo,3,0.00382,44493,56.71294,78453
5231,xim,3,0.00382,44496,56.71676,78453
5232,xjvs,3,0.00382,44499,56.72058,78453
5233,XS170202106505,3,0.00382,44502,56.72441,78453
5234,xutao123777,3,0.00382,44505,56.72823,78453
5235,xuyuji9000,3,0.00382,44508,56.73206,78453
5236,xwb1993,3,0.00382,44511,56.73588,78453
5237,xxiaocheng,3,0.00382,44514,56.73970,78453
5238,xyc2019,3,0.00382,44517,56.74353,78453
5239,xzizka,3,0.00382,44520,56.74735,78453
5240,xzxiaoshan,3,0.00382,44523,56.75118,78453
5241,yackushevas,3,0.00382,44526,56.75500,78453
5242,yangfan0902,3,0.00382,44529,56.75882,78453
5243,yanghaojin,3,0.00382,44532,56.76265,78453
5244,yannickperrenet,3,0.00382,44535,56.76647,78453
5245,yanrongshi,3,0.00382,44538,56.77030,78453
5246,YanxinTang,3,0.00382,44541,56.77412,78453
5247,yaohui-wyh,3,0.00382,44544,56.77794,78453
5248,ychdesign,3,0.00382,44547,56.78177,78453
5249,yevgeny-shnaidman,3,0.00382,44550,56.78559,78453
5250,yiaw,3,0.00382,44553,56.78942,78453
5251,yiga2,3,0.00382,44556,56.79324,78453
5252,YihongGao,3,0.00382,44559,56.79706,78453
5253,yinmin2020,3,0.00382,44562,56.80089,78453
5254,yjanjar,3,0.00382,44565,56.80471,78453
5255,ylxxwx,3,0.00382,44568,56.80854,78453
5256,yockgen,3,0.00382,44571,56.81236,78453
5257,YoEight,3,0.00382,44574,56.81618,78453
5258,yolgun,3,0.00382,44577,56.82001,78453
5259,YonathanIntel,3,0.00382,44580,56.82383,78453
5260,Yongci,3,0.00382,44583,56.82765,78453
5261,YongyuG,3,0.00382,44586,56.83148,78453
5262,yookacn,3,0.00382,44589,56.83530,78453
5263,YperXristis,3,0.00382,44592,56.83913,78453
5264,ysun-square,3,0.00382,44595,56.84295,78453
5265,ytc301,3,0.00382,44598,56.84677,78453
5266,yuancjun,3,0.00382,44601,56.85060,78453
5267,yuefido,3,0.00382,44604,56.85442,78453
5268,YUJIATAOOOO,3,0.00382,44607,56.85825,78453
5269,yuli-lendbuzz,3,0.00382,44610,56.86207,78453
5270,yunxi-zhang,3,0.00382,44613,56.86589,78453
5271,YuranFlow,3,0.00382,44616,56.86972,78453
5272,yusank,3,0.00382,44619,56.87354,78453
5273,zahertalab,3,0.00382,44622,56.87737,78453
5274,zanehala,3,0.00382,44625,56.88119,78453
5275,zentavr,3,0.00382,44628,56.88501,78453
5276,zetHannes,3,0.00382,44631,56.88884,78453
5277,zeu5,3,0.00382,44634,56.89266,78453
5278,zhaibian,3,0.00382,44637,56.89649,78453
5279,zhaowei413,3,0.00382,44640,56.90031,78453
5280,zhenghongli,3,0.00382,44643,56.90413,78453
5281,zhengyanhui01,3,0.00382,44646,56.90796,78453
5282,zhongyiio,3,0.00382,44649,56.91178,78453
5283,Zhuer-fx,3,0.00382,44652,56.91561,78453
5284,ZIK-1337,3,0.00382,44655,56.91943,78453
5285,ZiyamSanthosh,3,0.00382,44658,56.92325,78453
5286,ziyouw,3,0.00382,44661,56.92708,78453
5287,zjgemi,3,0.00382,44664,56.93090,78453
5288,zoeponta,3,0.00382,44667,56.93473,78453
5289,ZoeShaw101,3,0.00382,44670,56.93855,78453
5290,zops,3,0.00382,44673,56.94237,78453
5291,zou-weidong,3,0.00382,44676,56.94620,78453
5292,zt9788,3,0.00382,44679,56.95002,78453
5293,ZXYxc,3,0.00382,44682,56.95384,78453
5294,ZZBrent,3,0.00382,44685,56.95767,78453
5295,00110110010000010011001101000110,2,0.00255,44687,56.96022,78453
5296,00imvj00,2,0.00255,44689,56.96277,78453
5297,0x0177b11f,2,0.00255,44691,56.96532,78453
5298,0x2C6,2,0.00255,44693,56.96787,78453
5299,0x91,2,0.00255,44695,56.97042,78453
5300,1180300515,2,0.00255,44697,56.97296,78453
5301,1322453976,2,0.00255,44699,56.97551,78453
5302,1dropaflame,2,0.00255,44701,56.97806,78453
5303,2000yeshu,2,0.00255,44703,56.98061,78453
5304,2593122774,2,0.00255,44705,56.98316,78453
5305,28ori,2,0.00255,44707,56.98571,78453
5306,2Bor2C,2,0.00255,44709,56.98826,78453
5307,3286360470,2,0.00255,44711,56.99081,78453
5308,335g,2,0.00255,44713,56.99336,78453
5309,3ster,2,0.00255,44715,56.99591,78453
5310,4fd81048-Brian,2,0.00255,44717,56.99846,78453
5311,5u9,2,0.00255,44719,57.00101,78453
5312,654894017,2,0.00255,44721,57.00356,78453
5313,76creates,2,0.00255,44723,57.00611,78453
5314,8,2,0.00255,44725,57.00865,78453
5315,809544928,2,0.00255,44727,57.01120,78453
5316,889-dj,2,0.00255,44729,57.01375,78453
5317,90lantran,2,0.00255,44731,57.01630,78453
5318,943692923,2,0.00255,44733,57.01885,78453
5319,98WuG,2,0.00255,44735,57.02140,78453
5320,aa51513,2,0.00255,44737,57.02395,78453
5321,aam,2,0.00255,44739,57.02650,78453
5322,aapodoll,2,0.00255,44741,57.02905,78453
5323,AAR256,2,0.00255,44743,57.03160,78453
5324,Aaron199,2,0.00255,44745,57.03415,78453
5325,aaronber0614,2,0.00255,44747,57.03670,78453
5326,aarontsharp,2,0.00255,44749,57.03925,78453
5327,aarossig,2,0.00255,44751,57.04180,78453
5328,aauVadim,2,0.00255,44753,57.04435,78453
5329,abarberenaCPDS,2,0.00255,44755,57.04689,78453
5330,abashmak2,2,0.00255,44757,57.04944,78453
5331,abdekwant,2,0.00255,44759,57.05199,78453
5332,AbdelouahabMbarki,2,0.00255,44761,57.05454,78453
5333,Abesyuffcjk,2,0.00255,44763,57.05709,78453
5334,abeyad,2,0.00255,44765,57.05964,78453
5335,Abhicodes-crypto,2,0.00255,44767,57.06219,78453
5336,Abhidipto,2,0.00255,44769,57.06474,78453
5337,abhijitparkhi1983,2,0.00255,44771,57.06729,78453
5338,abhishek-galoda,2,0.00255,44773,57.06984,78453
5339,abhisheks-infracloud,2,0.00255,44775,57.07239,78453
5340,Abhishekvrt,2,0.00255,44777,57.07494,78453
5341,abin-tiger,2,0.00255,44779,57.07749,78453
5342,ably77,2,0.00255,44781,57.08004,78453
5343,aboyum,2,0.00255,44783,57.08258,78453
5344,abrondijk,2,0.00255,44785,57.08513,78453
5345,abssirohi90,2,0.00255,44787,57.08768,78453
5346,abubyr,2,0.00255,44789,57.09023,78453
5347,accmt,2,0.00255,44791,57.09278,78453
5348,acguokailin,2,0.00255,44793,57.09533,78453
5349,achernya,2,0.00255,44795,57.09788,78453
5350,achintya-7,2,0.00255,44797,57.10043,78453
5351,achyuth-harness,2,0.00255,44799,57.10298,78453
5352,Acidic9,2,0.00255,44801,57.10553,78453
5353,ackjewtn,2,0.00255,44803,57.10808,78453
5354,acornett21,2,0.00255,44805,57.11063,78453
5355,adairxie,2,0.00255,44807,57.11318,78453
5356,adamkovalsky,2,0.00255,44809,57.11573,78453
5357,adamralph,2,0.00255,44811,57.11827,78453
5358,adamyaziji,2,0.00255,44813,57.12082,78453
5359,adaoud-ims,2,0.00255,44815,57.12337,78453
5360,adarshvn,2,0.00255,44817,57.12592,78453
5361,addersuk,2,0.00255,44819,57.12847,78453
5362,ademar59,2,0.00255,44821,57.13102,78453
5363,ademuk,2,0.00255,44823,57.13357,78453
5364,adershrp,2,0.00255,44825,57.13612,78453
5365,adiedjx,2,0.00255,44827,57.13867,78453
5366,a-dimitrov,2,0.00255,44829,57.14122,78453
5367,adithyaamara,2,0.00255,44831,57.14377,78453
5368,aditya2301,2,0.00255,44833,57.14632,78453
5369,adityaagnihotri1,2,0.00255,44835,57.14887,78453
5370,adityasharad,2,0.00255,44837,57.15142,78453
5371,adnanhb,2,0.00255,44839,57.15396,78453
5372,a-dot,2,0.00255,44841,57.15651,78453
5373,adriang-90,2,0.00255,44843,57.15906,78453
5374,adroste,2,0.00255,44845,57.16161,78453
5375,aeomhs,2,0.00255,44847,57.16416,78453
5376,AFDBILLIONS,2,0.00255,44849,57.16671,78453
5377,afedorenchik-li,2,0.00255,44851,57.16926,78453
5378,aflinchb,2,0.00255,44853,57.17181,78453
5379,afoster,2,0.00255,44855,57.17436,78453
5380,afresh,2,0.00255,44857,57.17691,78453
5381,AgrimPrasad,2,0.00255,44859,57.17946,78453
5382,ahaysx,2,0.00255,44861,57.18201,78453
5383,AHMAD697261,2,0.00255,44863,57.18456,78453
5384,ahmetcetin,2,0.00255,44865,57.18711,78453
5385,ahmethlv,2,0.00255,44867,57.18965,78453
5386,ahsayde,2,0.00255,44869,57.19220,78453
5387,Ahtahany,2,0.00255,44871,57.19475,78453
5388,ahumesky,2,0.00255,44873,57.19730,78453
5389,aiaoyang,2,0.00255,44875,57.19985,78453
5390,aidan-og,2,0.00255,44877,57.20240,78453
5391,aislandiegofc,2,0.00255,44879,57.20495,78453
5392,Ajgera30,2,0.00255,44881,57.20750,78453
5393,ajishab,2,0.00255,44883,57.21005,78453
5394,ajith29,2,0.00255,44885,57.21260,78453
5395,ajonesiii,2,0.00255,44887,57.21515,78453
5396,ajurge,2,0.00255,44889,57.21770,78453
5397,ak20102763,2,0.00255,44891,57.22025,78453
5398,akarokr,2,0.00255,44893,57.22280,78453
5399,Akemon,2,0.00255,44895,57.22535,78453
5400,akgowda,2,0.00255,44897,57.22789,78453
5401,akh1lt,2,0.00255,44899,57.23044,78453
5402,akhal3d96,2,0.00255,44901,57.23299,78453
5403,Ak-panchal,2,0.00255,44903,57.23554,78453
5404,akrauza,2,0.00255,44905,57.23809,78453
5405,akri3i,2,0.00255,44907,57.24064,78453
5406,akshaya-msd,2,0.00255,44909,57.24319,78453
5407,al3xandru,2,0.00255,44911,57.24574,78453
5408,al8n,2,0.00255,44913,57.24829,78453
5409,alamb,2,0.00255,44915,57.25084,78453
5410,alamont,2,0.00255,44917,57.25339,78453
5411,Alan-Jino,2,0.00255,44919,57.25594,78453
5412,alanpyliu,2,0.00255,44921,57.25849,78453
5413,alanteriBW,2,0.00255,44923,57.26104,78453
5414,alargeasteroid,2,0.00255,44925,57.26358,78453
5415,albertforweb,2,0.00255,44927,57.26613,78453
5416,Alberto97,2,0.00255,44929,57.26868,78453
5417,Ale0x78,2,0.00255,44931,57.27123,78453
5418,alecerf,2,0.00255,44933,57.27378,78453
5419,aleitao,2,0.00255,44935,57.27633,78453
5420,aleksandar-kinanov,2,0.00255,44937,57.27888,78453
5421,aleksanyan,2,0.00255,44939,57.28143,78453
5422,alekseysavitskiy,2,0.00255,44941,57.28398,78453
5423,alephpt,2,0.00255,44943,57.28653,78453
5424,alespour,2,0.00255,44945,57.28908,78453
5425,AlessandroPerucchi,2,0.00255,44947,57.29163,78453
5426,AlexanderLW,2,0.00255,44949,57.29418,78453
5427,alexandernanberg,2,0.00255,44951,57.29673,78453
5428,alexandresgf,2,0.00255,44953,57.29927,78453
5429,AlexApriamashvili,2,0.00255,44955,57.30182,78453
5430,alexbanditos,2,0.00255,44957,57.30437,78453
5431,AlexCuse,2,0.00255,44959,57.30692,78453
5432,alexdrl,2,0.00255,44961,57.30947,78453
5433,AlexFilimonov,2,0.00255,44963,57.31202,78453
5434,alexhiggins732,2,0.00255,44965,57.31457,78453
5435,alexpdp7,2,0.00255,44967,57.31712,78453
5436,alex-raoul,2,0.00255,44969,57.31967,78453
5437,AlexSolorio,2,0.00255,44971,57.32222,78453
5438,AlexxNica,2,0.00255,44973,57.32477,78453
5439,AliDotS,2,0.00255,44975,57.32732,78453
5440,alidurgun,2,0.00255,44977,57.32987,78453
5441,aligabres,2,0.00255,44979,57.33242,78453
5442,alisongabiatti,2,0.00255,44981,57.33496,78453
5443,ALittleStarer,2,0.00255,44983,57.33751,78453
5444,allemp,2,0.00255,44985,57.34006,78453
5445,alliot-qima,2,0.00255,44987,57.34261,78453
5446,allisono,2,0.00255,44989,57.34516,78453
5447,Alok77pandey,2,0.00255,44991,57.34771,78453
5448,alonelucky,2,0.00255,44993,57.35026,78453
5449,altazv,2,0.00255,44995,57.35281,78453
5450,alt-dima,2,0.00255,44997,57.35536,78453
5451,alteredtech,2,0.00255,44999,57.35791,78453
5452,altitudems,2,0.00255,45001,57.36046,78453
5453,alubbock,2,0.00255,45003,57.36301,78453
5454,aluminumbox,2,0.00255,45005,57.36556,78453
5455,alvaropalmeirao,2,0.00255,45007,57.36811,78453
5456,always-improving,2,0.00255,45009,57.37066,78453
5457,alyssat,2,0.00255,45011,57.37320,78453
5458,amalofeev-voc,2,0.00255,45013,57.37575,78453
5459,amanv8060,2,0.00255,45015,57.37830,78453
5460,amdabhad,2,0.00255,45017,57.38085,78453
5461,amengpp,2,0.00255,45019,57.38340,78453
5462,amh23,2,0.00255,45021,57.38595,78453
5463,amihaiemil,2,0.00255,45023,57.38850,78453
5464,aminalaee,2,0.00255,45025,57.39105,78453
5465,amit337496,2,0.00255,45027,57.39360,78453
5466,amitay-strattic,2,0.00255,45029,57.39615,78453
5467,amitbmas07,2,0.00255,45031,57.39870,78453
5468,AmiteshDTU,2,0.00255,45033,57.40125,78453
5469,amithi-cider,2,0.00255,45035,57.40380,78453
5470,amitnjha,2,0.00255,45037,57.40635,78453
5471,AMMAR-62,2,0.00255,45039,57.40889,78453
5472,amniskin,2,0.00255,45041,57.41144,78453
5473,amohamedhey,2,0.00255,45043,57.41399,78453
5474,amoy-xuhao,2,0.00255,45045,57.41654,78453
5475,amurashkin17,2,0.00255,45047,57.41909,78453
5476,anacunha,2,0.00255,45049,57.42164,78453
5477,anamarija,2,0.00255,45051,57.42419,78453
5478,anas-hassari-jemmic,2,0.00255,45053,57.42674,78453
5479,anastazya,2,0.00255,45055,57.42929,78453
5480,ANBUZHIDAO,2,0.00255,45057,57.43184,78453
5481,andalam-commscope,2,0.00255,45059,57.43439,78453
5482,andrasbabos,2,0.00255,45061,57.43694,78453
5483,andreas-ateles,2,0.00255,45063,57.43949,78453
5484,andreasdotorg,2,0.00255,45065,57.44204,78453
5485,AndreasSko,2,0.00255,45067,57.44458,78453
5486,andrefedev,2,0.00255,45069,57.44713,78453
5487,andreisaikouski,2,0.00255,45071,57.44968,78453
5488,andrelec1,2,0.00255,45073,57.45223,78453
5489,andresgarcia0313,2,0.00255,45075,57.45478,78453
5490,andresmijares,2,0.00255,45077,57.45733,78453
5491,Andresmo01,2,0.00255,45079,57.45988,78453
5492,andrew-bulford-form3,2,0.00255,45081,57.46243,78453
5493,AndreyByhalenko,2,0.00255,45083,57.46498,78453
5494,AndreyGeleta,2,0.00255,45085,57.46753,78453
5495,andria21,2,0.00255,45087,57.47008,78453
5496,androidwoman,2,0.00255,45089,57.47263,78453
5497,andycmaj,2,0.00255,45091,57.47518,78453
5498,AndyMcKenna,2,0.00255,45093,57.47773,78453
5499,Andy-Wu-2022,2,0.00255,45095,57.48027,78453
5500,angusjellis,2,0.00255,45097,57.48282,78453
5501,anikmoz,2,0.00255,45099,57.48537,78453
5502,anil9030,2,0.00255,45101,57.48792,78453
5503,Anirudh9794,2,0.00255,45103,57.49047,78453
5504,anirudhkurapati,2,0.00255,45105,57.49302,78453
5505,ankitakhot92,2,0.00255,45107,57.49557,78453
5506,ankita-shirodkar,2,0.00255,45109,57.49812,78453
5507,ankitkr,2,0.00255,45111,57.50067,78453
5508,ankitLiv,2,0.00255,45113,57.50322,78453
5509,ankursgupta,2,0.00255,45115,57.50577,78453
5510,annabokhan,2,0.00255,45117,57.50832,78453
5511,anna-hope,2,0.00255,45119,57.51087,78453
5512,anners,2,0.00255,45121,57.51342,78453
5513,anobleperson,2,0.00255,45123,57.51596,78453
5514,anoopjb,2,0.00255,45125,57.51851,78453
5515,anowak-ct,2,0.00255,45127,57.52106,78453
5516,ansh-lehri,2,0.00255,45129,57.52361,78453
5517,anthonysalvato3,2,0.00255,45131,57.52616,78453
5518,antmordel,2,0.00255,45133,57.52871,78453
5519,an-toine,2,0.00255,45135,57.53126,78453
5520,anubhav13103738,2,0.00255,45137,57.53381,78453
5521,Anugrahchaturvedi,2,0.00255,45139,57.53636,78453
5522,anzboi,2,0.00255,45141,57.53891,78453
5523,apalekar12,2,0.00255,45143,57.54146,78453
5524,apelisse-test,2,0.00255,45145,57.54401,78453
5525,apollofps,2,0.00255,45147,57.54656,78453
5526,apoorvajn,2,0.00255,45149,57.54911,78453
5527,appian-ashugarts,2,0.00255,45151,57.55166,78453
5528,appit-online,2,0.00255,45153,57.55420,78453
5529,AppSentinel,2,0.00255,45155,57.55675,78453
5530,apt-itude,2,0.00255,45157,57.55930,78453
5531,apurba-biswas-9,2,0.00255,45159,57.56185,78453
5532,arasHi87,2,0.00255,45161,57.56440,78453
5533,aravindavk,2,0.00255,45163,57.56695,78453
5534,aravindgijandren-ag,2,0.00255,45165,57.56950,78453
5535,architag21,2,0.00255,45167,57.57205,78453
5536,areiter,2,0.00255,45169,57.57460,78453
5537,arekborucki,2,0.00255,45171,57.57715,78453
5538,arggh,2,0.00255,45173,57.57970,78453
5539,Arian-D,2,0.00255,45175,57.58225,78453
5540,arielroque,2,0.00255,45177,57.58480,78453
5541,Arijit1000,2,0.00255,45179,57.58735,78453
5542,arnested,2,0.00255,45181,57.58989,78453
5543,aroulin,2,0.00255,45183,57.59244,78453
5544,arpadmuller,2,0.00255,45185,57.59499,78453
5545,arpanadhikari,2,0.00255,45187,57.59754,78453
5546,arpit20adlakha,2,0.00255,45189,57.60009,78453
5547,artemix9,2,0.00255,45191,57.60264,78453
5548,artemptushkin,2,0.00255,45193,57.60519,78453
5549,arumugaguru-mindtree,2,0.00255,45195,57.60774,78453
5550,arun-022,2,0.00255,45197,57.61029,78453
5551,Arvind2222,2,0.00255,45199,57.61284,78453
5552,as42sl,2,0.00255,45201,57.61539,78453
5553,asayah,2,0.00255,45203,57.61794,78453
5554,Asgavar,2,0.00255,45205,57.62049,78453
5555,ashaik65,2,0.00255,45207,57.62304,78453
5556,AshfaqWanclouds,2,0.00255,45209,57.62558,78453
5557,ashishraman96,2,0.00255,45211,57.62813,78453
5558,ashley-rongfang,2,0.00255,45213,57.63068,78453
5559,ashok-e-singh,2,0.00255,45215,57.63323,78453
5560,ashwan999,2,0.00255,45217,57.63578,78453
5561,Asiya-Yunusa,2,0.00255,45219,57.63833,78453
5562,asubramanianrl,2,0.00255,45221,57.64088,78453
5563,ataahua,2,0.00255,45223,57.64343,78453
5564,atarax,2,0.00255,45225,57.64598,78453
5565,atinsinghal97,2,0.00255,45227,57.64853,78453
5566,atombrella,2,0.00255,45229,57.65108,78453
5567,atschabu,2,0.00255,45231,57.65363,78453
5568,attilaszasz,2,0.00255,45233,57.65618,78453
5569,attiss,2,0.00255,45235,57.65873,78453
5570,atul2387,2,0.00255,45237,57.66127,78453
5571,audioscavenger,2,0.00255,45239,57.66382,78453
5572,aujoiner241,2,0.00255,45241,57.66637,78453
5573,AuraroONE,2,0.00255,45243,57.66892,78453
5574,AurelPaulovic,2,0.00255,45245,57.67147,78453
5575,autiarii,2,0.00255,45247,57.67402,78453
5576,averatio,2,0.00255,45249,57.67657,78453
5577,avidspartan1,2,0.00255,45251,57.67912,78453
5578,AvikantSrivastava,2,0.00255,45253,57.68167,78453
5579,avirekghatia,2,0.00255,45255,57.68422,78453
5580,avizen-j,2,0.00255,45257,57.68677,78453
5581,avtar-mindgrep,2,0.00255,45259,57.68932,78453
5582,awca22,2,0.00255,45261,57.69187,78453
5583,Awot83,2,0.00255,45263,57.69442,78453
5584,axeltanxl,2,0.00255,45265,57.69697,78453
5585,ayanmw,2,0.00255,45267,57.69951,78453
5586,ayetkin,2,0.00255,45269,57.70206,78453
5587,ayhaadam,2,0.00255,45271,57.70461,78453
5588,Ayogua,2,0.00255,45273,57.70716,78453
5589,A-Zaporozhchenko,2,0.00255,45275,57.70971,78453
5590,azasa,2,0.00255,45277,57.71226,78453
5591,azeemsgoogle,2,0.00255,45279,57.71481,78453
5592,Azipro,2,0.00255,45281,57.71736,78453
5593,azzouma,2,0.00255,45283,57.71991,78453
5594,b03jsj,2,0.00255,45285,57.72246,78453
5595,b0n541,2,0.00255,45287,57.72501,78453
5596,B1tVect0r,2,0.00255,45289,57.72756,78453
5597,B1ue-W01f,2,0.00255,45291,57.73011,78453
5598,BadLiveware,2,0.00255,45293,57.73266,78453
5599,baechul-k,2,0.00255,45295,57.73520,78453
5600,baileydoestech,2,0.00255,45297,57.73775,78453
5601,bakaibalazs,2,0.00255,45299,57.74030,78453
5602,bala151187,2,0.00255,45301,57.74285,78453
5603,BalazsArva,2,0.00255,45303,57.74540,78453
5604,bamurtaugh,2,0.00255,45305,57.74795,78453
5605,Banghao-BYR,2,0.00255,45307,57.75050,78453
5606,BarbossHack,2,0.00255,45309,57.75305,78453
5607,barlesh,2,0.00255,45311,57.75560,78453
5608,barnhill,2,0.00255,45313,57.75815,78453
5609,bartbkr,2,0.00255,45315,57.76070,78453
5610,BartvdBerkHU,2,0.00255,45317,57.76325,78453
5611,Basavaraju-G,2,0.00255,45319,57.76580,78453
5612,bastienbarthet,2,0.00255,45321,57.76835,78453
5613,Baykin5,2,0.00255,45323,57.77089,78453
5614,bbecomp99,2,0.00255,45325,57.77344,78453
5615,bbenlazreg,2,0.00255,45327,57.77599,78453
5616,bboyCH4,2,0.00255,45329,57.77854,78453
5617,bcastilho90,2,0.00255,45331,57.78109,78453
5618,bearTao,2,0.00255,45333,57.78364,78453
5619,beba85,2,0.00255,45335,57.78619,78453
5620,beegmon,2,0.00255,45337,57.78874,78453
5621,Beiming-Yu,2,0.00255,45339,57.79129,78453
5622,belerweb,2,0.00255,45341,57.79384,78453
5623,belivo,2,0.00255,45343,57.79639,78453
5624,benchen216,2,0.00255,45345,57.79894,78453
5625,benignbala,2,0.00255,45347,57.80149,78453
5626,benkkei,2,0.00255,45349,57.80404,78453
5627,benmappen,2,0.00255,45351,57.80658,78453
5628,benner,2,0.00255,45353,57.80913,78453
5629,bennysp,2,0.00255,45355,57.81168,78453
5630,benreynolds-drizly,2,0.00255,45357,57.81423,78453
5631,ben-wallis,2,0.00255,45359,57.81678,78453
5632,BenWalters,2,0.00255,45361,57.81933,78453
5633,benzch,2,0.00255,45363,57.82188,78453
5634,bergstenarn,2,0.00255,45365,57.82443,78453
5635,berserkbuddhist,2,0.00255,45367,57.82698,78453
5636,Berveglieri,2,0.00255,45369,57.82953,78453
5637,bestjane,2,0.00255,45371,57.83208,78453
5638,Bettygogo2021,2,0.00255,45373,57.83463,78453
5639,BeyondEvil,2,0.00255,45375,57.83718,78453
5640,BeZamorano,2,0.00255,45377,57.83973,78453
5641,Bezzo100-lab,2,0.00255,45379,57.84227,78453
5642,bhljay,2,0.00255,45381,57.84482,78453
5643,bibhav2937,2,0.00255,45383,57.84737,78453
5644,Bijayesh,2,0.00255,45385,57.84992,78453
5645,bilal-dandara,2,0.00255,45387,57.85247,78453
5646,Billdex,2,0.00255,45389,57.85502,78453
5647,billrein,2,0.00255,45391,57.85757,78453
5648,billyburly,2,0.00255,45393,57.86012,78453
5649,bincx,2,0.00255,45395,57.86267,78453
5650,bincxz,2,0.00255,45397,57.86522,78453
5651,Bioblaze,2,0.00255,45399,57.86777,78453
5652,bishal7679,2,0.00255,45401,57.87032,78453
5653,BjoernAtBosch,2,0.00255,45403,57.87287,78453
5654,bjorand,2,0.00255,45405,57.87542,78453
5655,bjrowlett2,2,0.00255,45407,57.87797,78453
5656,bjthomas1,2,0.00255,45409,57.88051,78453
5657,bjtu-zhuchenxu,2,0.00255,45411,57.88306,78453
5658,bkraegelin,2,0.00255,45413,57.88561,78453
5659,blackandred,2,0.00255,45415,57.88816,78453
5660,BlakeB415,2,0.00255,45417,57.89071,78453
5661,blakyaks,2,0.00255,45419,57.89326,78453
5662,blamarvt,2,0.00255,45421,57.89581,78453
5663,blinkbean,2,0.00255,45423,57.89836,78453
5664,blinkeye,2,0.00255,45425,57.90091,78453
5665,b-long,2,0.00255,45427,57.90346,78453
5666,Blueswen,2,0.00255,45429,57.90601,78453
5667,bmaguilar,2,0.00255,45431,57.90856,78453
5668,bmalinconico,2,0.00255,45433,57.91111,78453
5669,bmalka,2,0.00255,45435,57.91366,78453
5670,bmaschio,2,0.00255,45437,57.91620,78453
5671,bm-skutzke,2,0.00255,45439,57.91875,78453
5672,bnaha,2,0.00255,45441,57.92130,78453
5673,bobevenup,2,0.00255,45443,57.92385,78453
5674,bobjiang82,2,0.00255,45445,57.92640,78453
5675,bocc,2,0.00255,45447,57.92895,78453
5676,bochengdong,2,0.00255,45449,57.93150,78453
5677,bodiroga,2,0.00255,45451,57.93405,78453
5678,Bokoblin,2,0.00255,45453,57.93660,78453
5679,BonjourGit,2,0.00255,45455,57.93915,78453
5680,boshnak,2,0.00255,45457,57.94170,78453
5681,Box-Cube,2,0.00255,45459,57.94425,78453
5682,boyvinall,2,0.00255,45461,57.94680,78453
5683,Bo-Zi,2,0.00255,45463,57.94935,78453
5684,bpetrikovics,2,0.00255,45465,57.95189,78453
5685,bpiper,2,0.00255,45467,57.95444,78453
5686,brahama,2,0.00255,45469,57.95699,78453
5687,brainfuxk,2,0.00255,45471,57.95954,78453
5688,brandonstanleyappfolio,2,0.00255,45473,57.96209,78453
5689,Briac-nt,2,0.00255,45475,57.96464,78453
5690,BrianMcBrayer,2,0.00255,45477,57.96719,78453
5691,briano-addepar,2,0.00255,45479,57.96974,78453
5692,brian-provenzano,2,0.00255,45481,57.97229,78453
5693,brja,2,0.00255,45483,57.97484,78453
5694,brozekt-e,2,0.00255,45485,57.97739,78453
5695,brucelee138,2,0.00255,45487,57.97994,78453
5696,bryangardner,2,0.00255,45489,57.98249,78453
5697,bskidmore,2,0.00255,45491,57.98504,78453
5698,buddyadmin,2,0.00255,45493,57.98758,78453
5699,BugMosquito,2,0.00255,45495,57.99013,78453
5700,buryat,2,0.00255,45497,57.99268,78453
5701,buxiaomo,2,0.00255,45499,57.99523,78453
5702,buzzfrog,2,0.00255,45501,57.99778,78453
5703,ByteFlow777,2,0.00255,45503,58.00033,78453
5704,c1505,2,0.00255,45505,58.00288,78453
5705,c3-danmerino,2,0.00255,45507,58.00543,78453
5706,c479096292,2,0.00255,45509,58.00798,78453
5707,camerondurham,2,0.00255,45511,58.01053,78453
5708,captain-wolf,2,0.00255,45513,58.01308,78453
5709,carlclone,2,0.00255,45515,58.01563,78453
5710,carlocorradini,2,0.00255,45517,58.01818,78453
5711,carloscutover,2,0.00255,45519,58.02073,78453
5712,carl-reverb,2,0.00255,45521,58.02328,78453
5713,Carolynconroy76,2,0.00255,45523,58.02582,78453
5714,caseyduquettesc,2,0.00255,45525,58.02837,78453
5715,cathaysia,2,0.00255,45527,58.03092,78453
5716,catshout,2,0.00255,45529,58.03347,78453
5717,catyun,2,0.00255,45531,58.03602,78453
5718,causimmi,2,0.00255,45533,58.03857,78453
5719,cazeaux,2,0.00255,45535,58.04112,78453
5720,cb-narayanan-krishnamurthy,2,0.00255,45537,58.04367,78453
5721,ccakes,2,0.00255,45539,58.04622,78453
5722,ccasher,2,0.00255,45541,58.04877,78453
5723,ccchenjiahuan,2,0.00255,45543,58.05132,78453
5724,cc-morning,2,0.00255,45545,58.05387,78453
5725,cd06b9,2,0.00255,45547,58.05642,78453
5726,cd-at-iteratec,2,0.00255,45549,58.05897,78453
5727,Celant,2,0.00255,45551,58.06151,78453
5728,Cenisar-Villanueva,2,0.00255,45553,58.06406,78453
5729,ceremo,2,0.00255,45555,58.06661,78453
5730,CezaryTarnowski-TomTom,2,0.00255,45557,58.06916,78453
5731,cguermi,2,0.00255,45559,58.07171,78453
5732,chacmool,2,0.00255,45561,58.07426,78453
5733,chadlagore,2,0.00255,45563,58.07681,78453
5734,chaewonkk,2,0.00255,45565,58.07936,78453
5735,ChainYo,2,0.00255,45567,58.08191,78453
5736,chaitrahegde115,2,0.00255,45569,58.08446,78453
5737,chamilzr,2,0.00255,45571,58.08701,78453
5738,chanakaudaya,2,0.00255,45573,58.08956,78453
5739,chandanD4,2,0.00255,45575,58.09211,78453
5740,chandanpjain,2,0.00255,45577,58.09466,78453
5741,changbaihe,2,0.00255,45579,58.09720,78453
5742,changkang520,2,0.00255,45581,58.09975,78453
5743,channelbeta,2,0.00255,45583,58.10230,78453
5744,chaoshwu,2,0.00255,45585,58.10485,78453
5745,charannaik,2,0.00255,45587,58.10740,78453
5746,Charlotte3240,2,0.00255,45589,58.10995,78453
5747,chase-replicated,2,0.00255,45591,58.11250,78453
5748,Chathuru,2,0.00255,45593,58.11505,78453
5749,cheese,2,0.00255,45595,58.11760,78453
5750,chengtae,2,0.00255,45597,58.12015,78453
5751,chenjiazhix,2,0.00255,45599,58.12270,78453
5752,chenluo1234,2,0.00255,45601,58.12525,78453
5753,chenwenjing1988,2,0.00255,45603,58.12780,78453
5754,chenxiangyu01,2,0.00255,45605,58.13035,78453
5755,chishaku,2,0.00255,45607,58.13289,78453
5756,choerst-ibm,2,0.00255,45609,58.13544,78453
5757,chrisdmacrae,2,0.00255,45611,58.13799,78453
5758,chrisHMRC,2,0.00255,45613,58.14054,78453
5759,chriskurzeja,2,0.00255,45615,58.14309,78453
5760,ChrisR240,2,0.00255,45617,58.14564,78453
5761,ChuckRenner,2,0.00255,45619,58.14819,78453
5762,Chuckytuh,2,0.00255,45621,58.15074,78453
5763,chullino,2,0.00255,45623,58.15329,78453
5764,chunyang-wen,2,0.00255,45625,58.15584,78453
5765,churnikorn,2,0.00255,45627,58.15839,78453
5766,cishidai,2,0.00255,45629,58.16094,78453
5767,cisteamgit,2,0.00255,45631,58.16349,78453
5768,ckgmg,2,0.00255,45633,58.16604,78453
5769,Clausewitz45,2,0.00255,45635,58.16859,78453
5770,cleitonpena,2,0.00255,45637,58.17113,78453
5771,cloudnativer,2,0.00255,45639,58.17368,78453
5772,clouedoc,2,0.00255,45641,58.17623,78453
5773,cmacedo,2,0.00255,45643,58.17878,78453
5774,cmengtin,2,0.00255,45645,58.18133,78453
5775,CMillz55,2,0.00255,45647,58.18388,78453
5776,cmisale,2,0.00255,45649,58.18643,78453
5777,cmschuetz,2,0.00255,45651,58.18898,78453
5778,cmwylie19,2,0.00255,45653,58.19153,78453
5779,cnchef,2,0.00255,45655,58.19408,78453
5780,code-is-art,2,0.00255,45657,58.19663,78453
5781,codesmon,2,0.00255,45659,58.19918,78453
5782,codesplode,2,0.00255,45661,58.20173,78453
5783,codingdosg,2,0.00255,45663,58.20428,78453
5784,CodingOrca,2,0.00255,45665,58.20682,78453
5785,coffee5280,2,0.00255,45667,58.20937,78453
5786,cojack,2,0.00255,45669,58.21192,78453
5787,Cole-GG,2,0.00255,45671,58.21447,78453
5788,colehecht,2,0.00255,45673,58.21702,78453
5789,computer7,2,0.00255,45675,58.21957,78453
5790,ComputerBaer,2,0.00255,45677,58.22212,78453
5791,condescendent,2,0.00255,45679,58.22467,78453
5792,congbaoyangrou,2,0.00255,45681,58.22722,78453
5793,conneryn,2,0.00255,45683,58.22977,78453
5794,Connlp,2,0.00255,45685,58.23232,78453
5795,Connor-Wallace,2,0.00255,45687,58.23487,78453
5796,converge,2,0.00255,45689,58.23742,78453
5797,coperator,2,0.00255,45691,58.23997,78453
5798,corydodt,2,0.00255,45693,58.24251,78453
5799,cosmin19,2,0.00255,45695,58.24506,78453
5800,cossettealexis,2,0.00255,45697,58.24761,78453
5801,Cpcrook,2,0.00255,45699,58.25016,78453
5802,cpsaltis,2,0.00255,45701,58.25271,78453
5803,craigfarra023,2,0.00255,45703,58.25526,78453
5804,cramakan,2,0.00255,45705,58.25781,78453
5805,cramseyio,2,0.00255,45707,58.26036,78453
5806,crb-66,2,0.00255,45709,58.26291,78453
5807,crispy87clown,2,0.00255,45711,58.26546,78453
5808,cristianonicolai,2,0.00255,45713,58.26801,78453
5809,cristiboariu,2,0.00255,45715,58.27056,78453
5810,crliu3227,2,0.00255,45717,58.27311,78453
5811,CryptoGodfatherVA2,2,0.00255,45719,58.27566,78453
5812,cschmittiey,2,0.00255,45721,58.27820,78453
5813,cseccia,2,0.00255,45723,58.28075,78453
5814,csprinkle74,2,0.00255,45725,58.28330,78453
5815,cssp007,2,0.00255,45727,58.28585,78453
5816,ctavian,2,0.00255,45729,58.28840,78453
5817,ctlove0523,2,0.00255,45731,58.29095,78453
5818,CtrlJone,2,0.00255,45733,58.29350,78453
5819,ctrlsam,2,0.00255,45735,58.29605,78453
5820,cubean,2,0.00255,45737,58.29860,78453
5821,CUBITECH,2,0.00255,45739,58.30115,78453
5822,Curat-D,2,0.00255,45741,58.30370,78453
5823,CureleaAndrei,2,0.00255,45743,58.30625,78453
5824,cvetkovic,2,0.00255,45745,58.30880,78453
5825,cvetomir-todorov,2,0.00255,45747,58.31135,78453
5826,cycmay,2,0.00255,45749,58.31389,78453
5827,c-yco,2,0.00255,45751,58.31644,78453
5828,cynicer,2,0.00255,45753,58.31899,78453
5829,cynkiller,2,0.00255,45755,58.32154,78453
5830,czhWellOptimized,2,0.00255,45757,58.32409,78453
5831,dabarbi,2,0.00255,45759,58.32664,78453
5832,dabenson4,2,0.00255,45761,58.32919,78453
5833,Dabjazz,2,0.00255,45763,58.33174,78453
5834,daemonl,2,0.00255,45765,58.33429,78453
5835,Daemonxiao,2,0.00255,45767,58.33684,78453
5836,Da-Gen-Dui-Zhang-Lai-La,2,0.00255,45769,58.33939,78453
5837,dagongzhe2,2,0.00255,45771,58.34194,78453
5838,daixijun,2,0.00255,45773,58.34449,78453
5839,dalcouffe,2,0.00255,45775,58.34704,78453
5840,dale1202,2,0.00255,45777,58.34959,78453
5841,damian-natzka,2,0.00255,45779,58.35213,78453
5842,dandotimujahid,2,0.00255,45781,58.35468,78453
5843,danerlt,2,0.00255,45783,58.35723,78453
5844,danicat,2,0.00255,45785,58.35978,78453
5845,danielfelgar,2,0.00255,45787,58.36233,78453
5846,danieljimeneznz,2,0.00255,45789,58.36488,78453
5847,DanielRejniak,2,0.00255,45791,58.36743,78453
5848,daniel-southwardellis,2,0.00255,45793,58.36998,78453
5849,DanilAlekseevich,2,0.00255,45795,58.37253,78453
5850,DannyLee12,2,0.00255,45797,58.37508,78453
5851,dansomething,2,0.00255,45799,58.37763,78453
5852,dantiandb,2,0.00255,45801,58.38018,78453
5853,danufr,2,0.00255,45803,58.38273,78453
5854,dao-jun,2,0.00255,45805,58.38528,78453
5855,darenseagrave,2,0.00255,45807,58.38782,78453
5856,DarianHarrison,2,0.00255,45809,58.39037,78453
5857,darlaig,2,0.00255,45811,58.39292,78453
5858,darthzyklus,2,0.00255,45813,58.39547,78453
5859,dartur123,2,0.00255,45815,58.39802,78453
5860,databonanza,2,0.00255,45817,58.40057,78453
5861,datdenkikniet,2,0.00255,45819,58.40312,78453
5862,datton94,2,0.00255,45821,58.40567,78453
5863,david-2000,2,0.00255,45823,58.40822,78453
5864,david666-cc,2,0.00255,45825,58.41077,78453
5865,David-Collins,2,0.00255,45827,58.41332,78453
5866,davidlm228,2,0.00255,45829,58.41587,78453
5867,davidmrdavid,2,0.00255,45831,58.41842,78453
5868,Davidonium,2,0.00255,45833,58.42097,78453
5869,davidpellcb,2,0.00255,45835,58.42351,78453
5870,davidporter,2,0.00255,45837,58.42606,78453
5871,david-woakes-n-able,2,0.00255,45839,58.42861,78453
5872,day112,2,0.00255,45841,58.43116,78453
5873,DayDreamer6666,2,0.00255,45843,58.43371,78453
5874,daynebenn,2,0.00255,45845,58.43626,78453
5875,dd00f,2,0.00255,45847,58.43881,78453
5876,ddanijel,2,0.00255,45849,58.44136,78453
5877,ddl-risong-na,2,0.00255,45851,58.44391,78453
5878,d-d-up,2,0.00255,45853,58.44646,78453
5879,declangallagher,2,0.00255,45855,58.44901,78453
5880,deechella,2,0.00255,45857,58.45156,78453
5881,deepapt,2,0.00255,45859,58.45411,78453
5882,deepu-james,2,0.00255,45861,58.45666,78453
5883,DefCon-007,2,0.00255,45863,58.45920,78453
5884,defengnee,2,0.00255,45865,58.46175,78453
5885,dellarte,2,0.00255,45867,58.46430,78453
5886,dellraja,2,0.00255,45869,58.46685,78453
5887,demandbase-gmavadiya,2,0.00255,45871,58.46940,78453
5888,dengyangxi,2,0.00255,45873,58.47195,78453
5889,denismoc,2,0.00255,45875,58.47450,78453
5890,DennisBecker,2,0.00255,45877,58.47705,78453
5891,DennisRasey,2,0.00255,45879,58.47960,78453
5892,dennisvang,2,0.00255,45881,58.48215,78453
5893,denouche,2,0.00255,45883,58.48470,78453
5894,denvernyaw,2,0.00255,45885,58.48725,78453
5895,derbl4ck,2,0.00255,45887,58.48980,78453
5896,derhuerst,2,0.00255,45889,58.49235,78453
5897,DerPdeFeNdeR,2,0.00255,45891,58.49490,78453
5898,dertuxmalwieder,2,0.00255,45893,58.49744,78453
5899,desolatorpk,2,0.00255,45895,58.49999,78453
5900,DevineLiu,2,0.00255,45897,58.50254,78453
5901,devpro,2,0.00255,45899,58.50509,78453
5902,DevRockstarZ,2,0.00255,45901,58.50764,78453
5903,DevSpork,2,0.00255,45903,58.51019,78453
5904,dgiagio,2,0.00255,45905,58.51274,78453
5905,dglozano,2,0.00255,45907,58.51529,78453
5906,dgoldsmith,2,0.00255,45909,58.51784,78453
5907,dgrant,2,0.00255,45911,58.52039,78453
5908,dgund14,2,0.00255,45913,58.52294,78453
5909,dhanu0001,2,0.00255,45915,58.52549,78453
5910,dharma66,2,0.00255,45917,58.52804,78453
5911,dhhuynh2,2,0.00255,45919,58.53059,78453
5912,dhpup,2,0.00255,45921,58.53313,78453
5913,dhrsoni19,2,0.00255,45923,58.53568,78453
5914,dianekimdk,2,0.00255,45925,58.53823,78453
5915,diazGT94,2,0.00255,45927,58.54078,78453
5916,didenko-yv,2,0.00255,45929,58.54333,78453
5917,diegoluisi,2,0.00255,45931,58.54588,78453
5918,diegoribeiro-hotmart,2,0.00255,45933,58.54843,78453
5919,diegosz,2,0.00255,45935,58.55098,78453
5920,Dignn,2,0.00255,45937,58.55353,78453
5921,dimakyriakov,2,0.00255,45939,58.55608,78453
5922,dimas-adriyanto,2,0.00255,45941,58.55863,78453
5923,dineshputchala,2,0.00255,45943,58.56118,78453
5924,dinghui40,2,0.00255,45945,58.56373,78453
5925,dingshiji,2,0.00255,45947,58.56628,78453
5926,diogormendes,2,0.00255,45949,58.56882,78453
5927,DIOLLIA,2,0.00255,45951,58.57137,78453
5928,disambiguationuk,2,0.00255,45953,58.57392,78453
5929,distnie,2,0.00255,45955,58.57647,78453
5930,diumonds,2,0.00255,45957,58.57902,78453
5931,djudd,2,0.00255,45959,58.58157,78453
5932,dkwdjq,2,0.00255,45961,58.58412,78453
5933,d-lanm,2,0.00255,45963,58.58667,78453
5934,dlipofsky,2,0.00255,45965,58.58922,78453
5935,dmaggo,2,0.00255,45967,58.59177,78453
5936,dmakeienko,2,0.00255,45969,58.59432,78453
5937,dmckernanacv,2,0.00255,45971,58.59687,78453
5938,dmitriyr333,2,0.00255,45973,58.59942,78453
5939,dmitrywi,2,0.00255,45975,58.60197,78453
5940,dnlbyl,2,0.00255,45977,58.60451,78453
5941,dod38fr,2,0.00255,45979,58.60706,78453
5942,dodoao,2,0.00255,45981,58.60961,78453
5943,doimet,2,0.00255,45983,58.61216,78453
5944,DomantasGiedraitis,2,0.00255,45985,58.61471,78453
5945,domeales-paloit,2,0.00255,45987,58.61726,78453
5946,dominhhai,2,0.00255,45989,58.61981,78453
5947,dominick-blue1,2,0.00255,45991,58.62236,78453
5948,domstorey,2,0.00255,45993,58.62491,78453
5949,donaldoakes,2,0.00255,45995,58.62746,78453
5950,donbourne,2,0.00255,45997,58.63001,78453
5951,Don-CA,2,0.00255,45999,58.63256,78453
5952,DonggookKim,2,0.00255,46001,58.63511,78453
5953,Donny8028,2,0.00255,46003,58.63766,78453
5954,dorabhai,2,0.00255,46005,58.64020,78453
5955,doreilly257,2,0.00255,46007,58.64275,78453
5956,doriandekoning,2,0.00255,46009,58.64530,78453
5957,dorinburcea,2,0.00255,46011,58.64785,78453
5958,dotalchemy,2,0.00255,46013,58.65040,78453
5959,DouglasLopez,2,0.00255,46015,58.65295,78453
5960,DougTrajano,2,0.00255,46017,58.65550,78453
5961,downtheroad77,2,0.00255,46019,58.65805,78453
5962,d-patch,2,0.00255,46021,58.66060,78453
5963,DPS0340,2,0.00255,46023,58.66315,78453
5964,DPT4,2,0.00255,46025,58.66570,78453
5965,DracePhoenix,2,0.00255,46027,58.66825,78453
5966,drewhagen,2,0.00255,46029,58.67080,78453
5967,dribeiro-eTF1,2,0.00255,46031,58.67335,78453
5968,Driesboy,2,0.00255,46033,58.67590,78453
5969,drinkbeer,2,0.00255,46035,58.67844,78453
5970,drisaro,2,0.00255,46037,58.68099,78453
5971,drivera-armedia,2,0.00255,46039,58.68354,78453
5972,d-selifanov,2,0.00255,46041,58.68609,78453
5973,dtalamas-addepar,2,0.00255,46043,58.68864,78453
5974,dtcsai,2,0.00255,46045,58.69119,78453
5975,dubeamit,2,0.00255,46047,58.69374,78453
5976,dudutwizer,2,0.00255,46049,58.69629,78453
5977,dukekautington3rd,2,0.00255,46051,58.69884,78453
5978,dunatotatos,2,0.00255,46053,58.70139,78453
5979,dungeon2567,2,0.00255,46055,58.70394,78453
5980,Dup4,2,0.00255,46057,58.70649,78453
5981,durbi009,2,0.00255,46059,58.70904,78453
5982,duyawen8,2,0.00255,46061,58.71159,78453
5983,duytranfinbase,2,0.00255,46063,58.71413,78453
5984,dv42,2,0.00255,46065,58.71668,78453
5985,dvv47,2,0.00255,46067,58.71923,78453
5986,dw-3,2,0.00255,46069,58.72178,78453
5987,dwi-mfbcs,2,0.00255,46071,58.72433,78453
5988,DylanSijanivandi,2,0.00255,46073,58.72688,78453
5989,dymax,2,0.00255,46075,58.72943,78453
5990,dynajoe,2,0.00255,46077,58.73198,78453
5991,Dzeri96,2,0.00255,46079,58.73453,78453
5992,dzjiang91,2,0.00255,46081,58.73708,78453
5993,E2M-ITOPS,2,0.00255,46083,58.73963,78453
5994,eagleweb,2,0.00255,46085,58.74218,78453
5995,eakraly,2,0.00255,46087,58.74473,78453
5996,eapri,2,0.00255,46089,58.74728,78453
5997,EastyWeasty,2,0.00255,46091,58.74982,78453
5998,eaufavor,2,0.00255,46093,58.75237,78453
5999,ebensh,2,0.00255,46095,58.75492,78453
6000,eberlou,2,0.00255,46097,58.75747,78453
6001,ecmonsen,2,0.00255,46099,58.76002,78453
6002,edantes-1845,2,0.00255,46101,58.76257,78453
6003,edetime,2,0.00255,46103,58.76512,78453
6004,edgarkiechle,2,0.00255,46105,58.76767,78453
6005,ediazgallego,2,0.00255,46107,58.77022,78453
6006,edouard-lopez,2,0.00255,46109,58.77277,78453
6007,eduardocalfaia,2,0.00255,46111,58.77532,78453
6008,educriado,2,0.00255,46113,58.77787,78453
6009,EduMorenoJ,2,0.00255,46115,58.78042,78453
6010,eelcoh,2,0.00255,46117,58.78297,78453
6011,eestolano,2,0.00255,46119,58.78551,78453
6012,efiShtain,2,0.00255,46121,58.78806,78453
6013,egerkke,2,0.00255,46123,58.79061,78453
6014,eggboy,2,0.00255,46125,58.79316,78453
6015,egorchepiga,2,0.00255,46127,58.79571,78453
6016,EgorNsk,2,0.00255,46129,58.79826,78453
6017,EHER,2,0.00255,46131,58.80081,78453
6018,ehsansh84,2,0.00255,46133,58.80336,78453
6019,EikeHens,2,0.00255,46135,58.80591,78453
6020,eitansuez,2,0.00255,46137,58.80846,78453
6021,ejortegau,2,0.00255,46139,58.81101,78453
6022,eladbash,2,0.00255,46141,58.81356,78453
6023,eladidan,2,0.00255,46143,58.81611,78453
6024,elchenberg,2,0.00255,46145,58.81866,78453
6025,eliagrady,2,0.00255,46147,58.82121,78453
6026,elihe2011,2,0.00255,46149,58.82375,78453
6027,ellakk,2,0.00255,46151,58.82630,78453
6028,elohmrow,2,0.00255,46153,58.82885,78453
6029,elreydetoda,2,0.00255,46155,58.83140,78453
6030,elssm,2,0.00255,46157,58.83395,78453
6031,eltonk,2,0.00255,46159,58.83650,78453
6032,emccullagh,2,0.00255,46161,58.83905,78453
6033,EmilMunksoe,2,0.00255,46163,58.84160,78453
6034,emilnkrastev,2,0.00255,46165,58.84415,78453
6035,emily-chan-git,2,0.00255,46167,58.84670,78453
6036,emmahsax,2,0.00255,46169,58.84925,78453
6037,emmjohnson,2,0.00255,46171,58.85180,78453
6038,EnableAsync,2,0.00255,46173,58.85435,78453
6039,Endemoniada,2,0.00255,46175,58.85690,78453
6040,eneamarcantoni99,2,0.00255,46177,58.85944,78453
6041,engineering-dotcms,2,0.00255,46179,58.86199,78453
6042,engly0,2,0.00255,46181,58.86454,78453
6043,e-ngo,2,0.00255,46183,58.86709,78453
6044,engson,2,0.00255,46185,58.86964,78453
6045,enolopee,2,0.00255,46187,58.87219,78453
6046,enthooz,2,0.00255,46189,58.87474,78453
6047,eoshardwork,2,0.00255,46191,58.87729,78453
6048,Epic55,2,0.00255,46193,58.87984,78453
6049,equivalent,2,0.00255,46195,58.88239,78453
6050,erachenko23,2,0.00255,46197,58.88494,78453
6051,erenming,2,0.00255,46199,58.88749,78453
6052,eric3chang,2,0.00255,46201,58.89004,78453
6053,ericmorand,2,0.00255,46203,58.89259,78453
6054,eric-musliner,2,0.00255,46205,58.89513,78453
6055,EricRnR,2,0.00255,46207,58.89768,78453
6056,ericstalbot,2,0.00255,46209,58.90023,78453
6057,ericxliu1990,2,0.00255,46211,58.90278,78453
6058,Eriice,2,0.00255,46213,58.90533,78453
6059,erjosito,2,0.00255,46215,58.90788,78453
6060,erlangparasu,2,0.00255,46217,58.91043,78453
6061,ertu426,2,0.00255,46219,58.91298,78453
6062,EstefaSalazar,2,0.00255,46221,58.91553,78453
6063,esxi1979,2,0.00255,46223,58.91808,78453
6064,Esysc,2,0.00255,46225,58.92063,78453
6065,ethomson,2,0.00255,46227,58.92318,78453
6066,euqen,2,0.00255,46229,58.92573,78453
6067,EvaDD,2,0.00255,46231,58.92828,78453
6068,evafp90,2,0.00255,46233,58.93082,78453
6069,evax,2,0.00255,46235,58.93337,78453
6070,evelynchen,2,0.00255,46237,58.93592,78453
6071,evgenyKharitonov,2,0.00255,46239,58.93847,78453
6072,evheniyt,2,0.00255,46241,58.94102,78453
6073,Eviekim,2,0.00255,46243,58.94357,78453
6074,ewollesen,2,0.00255,46245,58.94612,78453
6075,ewuknadierf,2,0.00255,46247,58.94867,78453
6076,exelsior,2,0.00255,46249,58.95122,78453
6077,expruc,2,0.00255,46251,58.95377,78453
6078,expwdx,2,0.00255,46253,58.95632,78453
6079,exxsebastian,2,0.00255,46255,58.95887,78453
6080,eyesopen,2,0.00255,46257,58.96142,78453
6081,ezeutno,2,0.00255,46259,58.96397,78453
6082,f00b455,2,0.00255,46261,58.96651,78453
6083,FabHof,2,0.00255,46263,58.96906,78453
6084,facewindu,2,0.00255,46265,58.97161,78453
6085,fadam-csgroup,2,0.00255,46267,58.97416,78453
6086,FahimFBA,2,0.00255,46269,58.97671,78453
6087,false-start,2,0.00255,46271,58.97926,78453
6088,FanChenyu,2,0.00255,46273,58.98181,78453
6089,fangzx-wang,2,0.00255,46275,58.98436,78453
6090,Farek,2,0.00255,46277,58.98691,78453
6091,FBryczak,2,0.00255,46279,58.98946,78453
6092,fdauri,2,0.00255,46281,58.99201,78453
6093,febarbosa182,2,0.00255,46283,58.99456,78453
6094,fedeam,2,0.00255,46285,58.99711,78453
6095,fedextm,2,0.00255,46287,58.99966,78453
6096,Feeflyons,2,0.00255,46289,59.00221,78453
6097,felipem1210,2,0.00255,46291,59.00475,78453
6098,Felipemirand0,2,0.00255,46293,59.00730,78453
6099,FelixMcFelix,2,0.00255,46295,59.00985,78453
6100,Ferat-Imrak,2,0.00255,46297,59.01240,78453
6101,ferjjp,2,0.00255,46299,59.01495,78453
6102,fernandodevelon,2,0.00255,46301,59.01750,78453
6103,fessyfoo,2,0.00255,46303,59.02005,78453
6104,feveee,2,0.00255,46305,59.02260,78453
6105,ffflabs,2,0.00255,46307,59.02515,78453
6106,fgn-itsupport,2,0.00255,46309,59.02770,78453
6107,fgouteroux,2,0.00255,46311,59.03025,78453
6108,fherbert,2,0.00255,46313,59.03280,78453
6109,fhuaddeterminas,2,0.00255,46315,59.03535,78453
6110,filex,2,0.00255,46317,59.03790,78453
6111,fivetran-kirillkobylyanskiy,2,0.00255,46319,59.04044,78453
6112,fivovic,2,0.00255,46321,59.04299,78453
6113,flelain,2,0.00255,46323,59.04554,78453
6114,FloMaetschke,2,0.00255,46325,59.04809,78453
6115,floriangeigl,2,0.00255,46327,59.05064,78453
6116,flyspace15,2,0.00255,46329,59.05319,78453
6117,flyznex,2,0.00255,46331,59.05574,78453
6118,fondemen,2,0.00255,46333,59.05829,78453
6119,fookenc,2,0.00255,46335,59.06084,78453
6120,fordsu,2,0.00255,46337,59.06339,78453
6121,forest003,2,0.00255,46339,59.06594,78453
6122,ForeverArt,2,0.00255,46341,59.06849,78453
6123,fovgrubby128,2,0.00255,46343,59.07104,78453
6124,franciscopaniskaseker,2,0.00255,46345,59.07359,78453
6125,francoisauclair911,2,0.00255,46347,59.07613,78453
6126,frankkoornstra,2,0.00255,46349,59.07868,78453
6127,frankli-dev,2,0.00255,46351,59.08123,78453
6128,fredfp,2,0.00255,46353,59.08378,78453
6129,FreeceLian,2,0.00255,46355,59.08633,78453
6130,FrommyMind,2,0.00255,46357,59.08888,78453
6131,frostyplanet,2,0.00255,46359,59.09143,78453
6132,frumpleswift,2,0.00255,46361,59.09398,78453
6133,fuchicorp-manage,2,0.00255,46363,59.09653,78453
6134,FullStackIndie,2,0.00255,46365,59.09908,78453
6135,fundead,2,0.00255,46367,59.10163,78453
6136,fusionneur,2,0.00255,46369,59.10418,78453
6137,fuzhouch,2,0.00255,46371,59.10673,78453
6138,fw-ctf,2,0.00255,46373,59.10928,78453
6139,gabileibo,2,0.00255,46375,59.11182,78453
6140,gabrieldemarmiesse,2,0.00255,46377,59.11437,78453
6141,gabrielmccoll,2,0.00255,46379,59.11692,78453
6142,gabrifolli,2,0.00255,46381,59.11947,78453
6143,gaffneyc,2,0.00255,46383,59.12202,78453
6144,gaoliang,2,0.00255,46385,59.12457,78453
6145,gardun0,2,0.00255,46387,59.12712,78453
6146,gauntface,2,0.00255,46389,59.12967,78453
6147,gaurav-rafay,2,0.00255,46391,59.13222,78453
6148,gausk,2,0.00255,46393,59.13477,78453
6149,gautric,2,0.00255,46395,59.13732,78453
6150,gavinclarkeuk,2,0.00255,46397,59.13987,78453
6151,g-awmalik,2,0.00255,46399,59.14242,78453
6152,gcampbell-mythical,2,0.00255,46401,59.14497,78453
6153,gcfabri,2,0.00255,46403,59.14752,78453
6154,gcheron,2,0.00255,46405,59.15006,78453
6155,gcollins-incomm,2,0.00255,46407,59.15261,78453
6156,gcsaba2,2,0.00255,46409,59.15516,78453
6157,gczarnocki,2,0.00255,46411,59.15771,78453
6158,gdippolito,2,0.00255,46413,59.16026,78453
6159,Geal,2,0.00255,46415,59.16281,78453
6160,gedennis,2,0.00255,46417,59.16536,78453
6161,geertdoornbos,2,0.00255,46419,59.16791,78453
6162,geff10,2,0.00255,46421,59.17046,78453
6163,gege-pro,2,0.00255,46423,59.17301,78453
6164,geniusxiong,2,0.00255,46425,59.17556,78453
6165,genzyy,2,0.00255,46427,59.17811,78453
6166,geoffreytran,2,0.00255,46429,59.18066,78453
6167,GeorgeCimpoies,2,0.00255,46431,59.18321,78453
6168,georhiireva,2,0.00255,46433,59.18575,78453
6169,GernotBekk,2,0.00255,46435,59.18830,78453
6170,Gerrit91,2,0.00255,46437,59.19085,78453
6171,gfernandez1988,2,0.00255,46439,59.19340,78453
6172,gfppower,2,0.00255,46441,59.19595,78453
6173,ggallon,2,0.00255,46443,59.19850,78453
6174,ghapsara,2,0.00255,46445,59.20105,78453
6175,ghauser330,2,0.00255,46447,59.20360,78453
6176,ghilman27,2,0.00255,46449,59.20615,78453
6177,GioBVVF,2,0.00255,46451,59.20870,78453
6178,Giraffaman,2,0.00255,46453,59.21125,78453
6179,giridharshankar013,2,0.00255,46455,59.21380,78453
6180,GitHub-kiran,2,0.00255,46457,59.21635,78453
6181,github-sys-admin,2,0.00255,46459,59.21890,78453
6182,github-usr-1,2,0.00255,46461,59.22144,78453
6183,gjvoosten,2,0.00255,46463,59.22399,78453
6184,gkopels,2,0.00255,46465,59.22654,78453
6185,glagny,2,0.00255,46467,59.22909,78453
6186,GlenPickle,2,0.00255,46469,59.23164,78453
6187,gll963,2,0.00255,46471,59.23419,78453
6188,glloyd2010f,2,0.00255,46473,59.23674,78453
6189,gluxon,2,0.00255,46475,59.23929,78453
6190,glyhood,2,0.00255,46477,59.24184,78453
6191,gmandler42,2,0.00255,46479,59.24439,78453
6192,gmj06,2,0.00255,46481,59.24694,78453
6193,gmuth,2,0.00255,46483,59.24949,78453
6194,gnaegi,2,0.00255,46485,59.25204,78453
6195,gnahZ-eH,2,0.00255,46487,59.25459,78453
6196,gnblao,2,0.00255,46489,59.25713,78453
6197,gnomus,2,0.00255,46491,59.25968,78453
6198,goflutterjava,2,0.00255,46493,59.26223,78453
6199,gogbac,2,0.00255,46495,59.26478,78453
6200,golangav,2,0.00255,46497,59.26733,78453
6201,goldwind-ting,2,0.00255,46499,59.26988,78453
6202,goloneczka,2,0.00255,46501,59.27243,78453
6203,gongyunbao,2,0.00255,46503,59.27498,78453
6204,GOODBOY008,2,0.00255,46505,59.27753,78453
6205,gopkg-dev,2,0.00255,46507,59.28008,78453
6206,Gorgonx7,2,0.00255,46509,59.28263,78453
6207,goswamid,2,0.00255,46511,59.28518,78453
6208,goto-loop,2,0.00255,46513,59.28773,78453
6209,govindraj-shinde,2,0.00255,46515,59.29028,78453
6210,gowrav27,2,0.00255,46517,59.29283,78453
6211,goyaldiwik,2,0.00255,46519,59.29537,78453
6212,gpoothia-stripe,2,0.00255,46521,59.29792,78453
6213,gpow81,2,0.00255,46523,59.30047,78453
6214,GraemeF,2,0.00255,46525,59.30302,78453
6215,greatle,2,0.00255,46527,59.30557,78453
6216,greenbourne277,2,0.00255,46529,59.30812,78453
6217,Gregory-N-able,2,0.00255,46531,59.31067,78453
6218,GregoryOrciuch,2,0.00255,46533,59.31322,78453
6219,Grootesque,2,0.00255,46535,59.31577,78453
6220,grzebia,2,0.00255,46537,59.31832,78453
6221,gshaibi,2,0.00255,46539,59.32087,78453
6222,Gsonovb,2,0.00255,46541,59.32342,78453
6223,guangxuewu,2,0.00255,46543,59.32597,78453
6224,gueux,2,0.00255,46545,59.32852,78453
6225,GuglielmoFrigerio,2,0.00255,46547,59.33106,78453
6226,guguri,2,0.00255,46549,59.33361,78453
6227,guilhermerenew,2,0.00255,46551,59.33616,78453
6228,guillaumemarc,2,0.00255,46553,59.33871,78453
6229,Gumichocopengin8,2,0.00255,46555,59.34126,78453
6230,guofengtd,2,0.00255,46557,59.34381,78453
6231,guscott,2,0.00255,46559,59.34636,78453
6232,guyboltonking,2,0.00255,46561,59.34891,78453
6233,guyomog78,2,0.00255,46563,59.35146,78453
6234,guysarig,2,0.00255,46565,59.35401,78453
6235,gwenblum,2,0.00255,46567,59.35656,78453
6236,gwladysfonkam,2,0.00255,46569,59.35911,78453
6237,Gylleus,2,0.00255,46571,59.36166,78453
6238,gzus85,2,0.00255,46573,59.36421,78453
6239,h1rsh1,2,0.00255,46575,59.36675,78453
6240,h3ar7dump,2,0.00255,46577,59.36930,78453
6241,haboy52587,2,0.00255,46579,59.37185,78453
6242,haijun2022,2,0.00255,46581,59.37440,78453
6243,haimrait,2,0.00255,46583,59.37695,78453
6244,hakjoonglee,2,0.00255,46585,59.37950,78453
6245,Hakunasc11,2,0.00255,46587,59.38205,78453
6246,halfhiddencode,2,0.00255,46589,59.38460,78453
6247,hama-25179,2,0.00255,46591,59.38715,78453
6248,hammeryx,2,0.00255,46593,59.38970,78453
6249,hansmbakker,2,0.00255,46595,59.39225,78453
6250,Hanyu96,2,0.00255,46597,59.39480,78453
6251,hanzhichao,2,0.00255,46599,59.39735,78453
6252,haojia716,2,0.00255,46601,59.39990,78453
6253,haolin1020,2,0.00255,46603,59.40244,78453
6254,HaoYunJi,2,0.00255,46605,59.40499,78453
6255,happy4soul,2,0.00255,46607,59.40754,78453
6256,Harasz,2,0.00255,46609,59.41009,78453
6257,harishbab,2,0.00255,46611,59.41264,78453
6258,HarishKM7,2,0.00255,46613,59.41519,78453
6259,harkeet,2,0.00255,46615,59.41774,78453
6260,HarryAcker,2,0.00255,46617,59.42029,78453
6261,harsh-kotak,2,0.00255,46619,59.42284,78453
6262,harshkotak,2,0.00255,46621,59.42539,78453
6263,haru-02,2,0.00255,46623,59.42794,78453
6264,hasinireddy24,2,0.00255,46625,59.43049,78453
6265,hateeyan,2,0.00255,46627,59.43304,78453
6266,hatofmonkeys,2,0.00255,46629,59.43559,78453
6267,HausBJB,2,0.00255,46631,59.43813,78453
6268,hawkli-1994,2,0.00255,46633,59.44068,78453
6269,Hax7,2,0.00255,46635,59.44323,78453
6270,Hchenwy,2,0.00255,46637,59.44578,78453
6271,hduhhz,2,0.00255,46639,59.44833,78453
6272,heapdavid,2,0.00255,46641,59.45088,78453
6273,HeatWyf,2,0.00255,46643,59.45343,78453
6274,hebestreit,2,0.00255,46645,59.45598,78453
6275,HeiressOfTheDark,2,0.00255,46647,59.45853,78453
6276,hejianlai,2,0.00255,46649,59.46108,78453
6277,Hell-Fire,2,0.00255,46651,59.46363,78453
6278,hendrikKahl,2,0.00255,46653,59.46618,78453
6279,Herbivicous,2,0.00255,46655,59.46873,78453
6280,heretic13,2,0.00255,46657,59.47128,78453
6281,hershpa,2,0.00255,46659,59.47383,78453
6282,Hexcah,2,0.00255,46661,59.47637,78453
6283,heyanurag,2,0.00255,46663,59.47892,78453
6284,hfutatzhanghb,2,0.00255,46665,59.48147,78453
6285,hggh,2,0.00255,46667,59.48402,78453
6286,HHHsiang,2,0.00255,46669,59.48657,78453
6287,hill-giant,2,0.00255,46671,59.48912,78453
6288,Hjortsberg,2,0.00255,46673,59.49167,78453
6289,hjy93,2,0.00255,46675,59.49422,78453
6290,hkdd,2,0.00255,46677,59.49677,78453
6291,hlatimer266,2,0.00255,46679,59.49932,78453
6292,hliangzhao,2,0.00255,46681,59.50187,78453
6293,hmendesB2C2,2,0.00255,46683,59.50442,78453
6294,hobbitx,2,0.00255,46685,59.50697,78453
6295,hoggle64,2,0.00255,46687,59.50952,78453
6296,hong9lol,2,0.00255,46689,59.51206,78453
6297,Hongery,2,0.00255,46691,59.51461,78453
6298,hooq77,2,0.00255,46693,59.51716,78453
6299,horan116,2,0.00255,46695,59.51971,78453
6300,HossamELGazzaz,2,0.00255,46697,59.52226,78453
6301,h-otter,2,0.00255,46699,59.52481,78453
6302,houwengang,2,0.00255,46701,59.52736,78453
6303,hpatoio,2,0.00255,46703,59.52991,78453
6304,hrishikesh-kadam,2,0.00255,46705,59.53246,78453
6305,hrkeni,2,0.00255,46707,59.53501,78453
6306,HRusby-Cheyne,2,0.00255,46709,59.53756,78453
6307,htoo97,2,0.00255,46711,59.54011,78453
6308,huangenlong,2,0.00255,46713,59.54266,78453
6309,huanghe1993,2,0.00255,46715,59.54521,78453
6310,huckley,2,0.00255,46717,59.54775,78453
6311,HughPowell,2,0.00255,46719,59.55030,78453
6312,hunt3r,2,0.00255,46721,59.55285,78453
6313,HusseinKabbout,2,0.00255,46723,59.55540,78453
6314,huylv,2,0.00255,46725,59.55795,78453
6315,huynq33,2,0.00255,46727,59.56050,78453
6316,HWiese1980,2,0.00255,46729,59.56305,78453
6317,hxnan,2,0.00255,46731,59.56560,78453
6318,hypocrite30,2,0.00255,46733,59.56815,78453
6319,iainmorris,2,0.00255,46735,59.57070,78453
6320,iainsmith,2,0.00255,46737,59.57325,78453
6321,IamIpanda,2,0.00255,46739,59.57580,78453
6322,iamjbw,2,0.00255,46741,59.57835,78453
6323,IamMayankThakur,2,0.00255,46743,59.58090,78453
6324,ianbeemsterboerr,2,0.00255,46745,59.58344,78453
6325,ianmuge,2,0.00255,46747,59.58599,78453
6326,icculp,2,0.00255,46749,59.58854,78453
6327,id-dan,2,0.00255,46751,59.59109,78453
6328,ideasthinking,2,0.00255,46753,59.59364,78453
6329,ido-gold-apolicy,2,0.00255,46755,59.59619,78453
6330,iFrozenPhoenix,2,0.00255,46757,59.59874,78453
6331,ifutant,2,0.00255,46759,59.60129,78453
6332,igor-vojinovic,2,0.00255,46761,59.60384,78453
6333,igory-bwr,2,0.00255,46763,59.60639,78453
6334,iharshit009,2,0.00255,46765,59.60894,78453
6335,iheng,2,0.00255,46767,59.61149,78453
6336,ijioio,2,0.00255,46769,59.61404,78453
6337,ikonyeama,2,0.00255,46771,59.61659,78453
6338,ilmircod,2,0.00255,46773,59.61914,78453
6339,ilovekate19,2,0.00255,46775,59.62168,78453
6340,ilyatovbin-pp,2,0.00255,46777,59.62423,78453
6341,iMajna,2,0.00255,46779,59.62678,78453
6342,imdbere,2,0.00255,46781,59.62933,78453
6343,imtiazmangerah,2,0.00255,46783,59.63188,78453
6344,indreias,2,0.00255,46785,59.63443,78453
6345,indywidualny,2,0.00255,46787,59.63698,78453
6346,inglor,2,0.00255,46789,59.63953,78453
6347,insbire,2,0.00255,46791,59.64208,78453
6348,iomari,2,0.00255,46793,59.64463,78453
6349,ionroso,2,0.00255,46795,59.64718,78453
6350,ionutnechita-intel,2,0.00255,46797,59.64973,78453
6351,iorvd,2,0.00255,46799,59.65228,78453
6352,ipythonlamp,2,0.00255,46801,59.65483,78453
6353,irisrain,2,0.00255,46803,59.65737,78453
6354,irock,2,0.00255,46805,59.65992,78453
6355,ironzep,2,0.00255,46807,59.66247,78453
6356,IsaacLeeWebDev,2,0.00255,46809,59.66502,78453
6357,isand3r,2,0.00255,46811,59.66757,78453
6358,iscopetta,2,0.00255,46813,59.67012,78453
6359,ispirals,2,0.00255,46815,59.67267,78453
6360,israelvaldez,2,0.00255,46817,59.67522,78453
6361,IsThisUsernameFree,2,0.00255,46819,59.67777,78453
6362,itay-grudev,2,0.00255,46821,59.68032,78453
6363,ittays,2,0.00255,46823,59.68287,78453
6364,ivandir,2,0.00255,46825,59.68542,78453
6365,ivanov-slk,2,0.00255,46827,59.68797,78453
6366,ivanov-vovan,2,0.00255,46829,59.69052,78453
6367,ivanvanderbyl,2,0.00255,46831,59.69306,78453
6368,ivpr,2,0.00255,46833,59.69561,78453
6369,ixe013,2,0.00255,46835,59.69816,78453
6370,iyapparov,2,0.00255,46837,59.70071,78453
6371,iyermako,2,0.00255,46839,59.70326,78453
6372,izerui,2,0.00255,46841,59.70581,78453
6373,izharaazmi,2,0.00255,46843,59.70836,78453
6374,j05070415,2,0.00255,46845,59.71091,78453
6375,j0h4nn3s,2,0.00255,46847,59.71346,78453
6376,j401124546,2,0.00255,46849,59.71601,78453
6377,j9t,2,0.00255,46851,59.71856,78453
6378,Ja7ad,2,0.00255,46853,59.72111,78453
6379,jack1142,2,0.00255,46855,59.72366,78453
6380,jackedelic,2,0.00255,46857,59.72621,78453
6381,jackray2009,2,0.00255,46859,59.72875,78453
6382,jackycct,2,0.00255,46861,59.73130,78453
6383,jaekook,2,0.00255,46863,59.73385,78453
6384,jahzielHA,2,0.00255,46865,59.73640,78453
6385,jaimeamesti,2,0.00255,46867,59.73895,78453
6386,jaison-tiu,2,0.00255,46869,59.74150,78453
6387,jak42,2,0.00255,46871,59.74405,78453
6388,jakedaford,2,0.00255,46873,59.74660,78453
6389,JakeStanger,2,0.00255,46875,59.74915,78453
6390,jakesteele,2,0.00255,46877,59.75170,78453
6391,jakubbukaj,2,0.00255,46879,59.75425,78453
6392,JaLe29,2,0.00255,46881,59.75680,78453
6393,jamesachn,2,0.00255,46883,59.75935,78453
6394,jamesdruhan,2,0.00255,46885,59.76190,78453
6395,jamesmmccarthy,2,0.00255,46887,59.76444,78453
6396,JamesTimms,2,0.00255,46889,59.76699,78453
6397,JamWils,2,0.00255,46891,59.76954,78453
6398,janakerman,2,0.00255,46893,59.77209,78453
6399,JanPretzel,2,0.00255,46895,59.77464,78453
6400,Jarnen,2,0.00255,46897,59.77719,78453
6401,jasonbeach,2,0.00255,46899,59.77974,78453
6402,jasonclg,2,0.00255,46901,59.78229,78453
6403,jatin711-debug,2,0.00255,46903,59.78484,78453
6404,jault3,2,0.00255,46905,59.78739,78453
6405,jault-figure,2,0.00255,46907,59.78994,78453
6406,javimb,2,0.00255,46909,59.79249,78453
6407,Jaxwood,2,0.00255,46911,59.79504,78453
6408,JayCase,2,0.00255,46913,59.79759,78453
6409,jaymal,2,0.00255,46915,59.80014,78453
6410,JAYTEE219,2,0.00255,46917,59.80268,78453
6411,jaytiaki,2,0.00255,46919,59.80523,78453
6412,jbleijenberg-esites,2,0.00255,46921,59.80778,78453
6413,jbrownsw,2,0.00255,46923,59.81033,78453
6414,jcmonsalve2021,2,0.00255,46925,59.81288,78453
6415,JDA88,2,0.00255,46927,59.81543,78453
6416,jdao-rh,2,0.00255,46929,59.81798,78453
6417,jdfresser,2,0.00255,46931,59.82053,78453
6418,jeanbisutti,2,0.00255,46933,59.82308,78453
6419,JeepGuy,2,0.00255,46935,59.82563,78453
6420,jeffqumata,2,0.00255,46937,59.82818,78453
6421,jeffsawatzky,2,0.00255,46939,59.83073,78453
6422,jelipo,2,0.00255,46941,59.83328,78453
6423,jens-gellynck,2,0.00255,46943,59.83583,78453
6424,jensneuhaus,2,0.00255,46945,59.83837,78453
6425,jeremy,2,0.00255,46947,59.84092,78453
6426,jeremybusk,2,0.00255,46949,59.84347,78453
6427,jeremysprofile,2,0.00255,46951,59.84602,78453
6428,jeremy-stytch,2,0.00255,46953,59.84857,78453
6429,jesseduffield,2,0.00255,46955,59.85112,78453
6430,jesskranz,2,0.00255,46957,59.85367,78453
6431,jflambert,2,0.00255,46959,59.85622,78453
6432,jhpatel,2,0.00255,46961,59.85877,78453
6433,jhuynh08,2,0.00255,46963,59.86132,78453
6434,jiangche00,2,0.00255,46965,59.86387,78453
6435,jiasha,2,0.00255,46967,59.86642,78453
6436,jieshiyeskey,2,0.00255,46969,59.86897,78453
6437,JimFicarra,2,0.00255,46971,59.87152,78453
6438,Jimmyscene,2,0.00255,46973,59.87406,78453
6439,jimmyyyeh,2,0.00255,46975,59.87661,78453
6440,JimNero009,2,0.00255,46977,59.87916,78453
6441,Jin-2019,2,0.00255,46979,59.88171,78453
6442,jinnypark9393,2,0.00255,46981,59.88426,78453
6443,jinqueeny,2,0.00255,46983,59.88681,78453
6444,jinstest1,2,0.00255,46985,59.88936,78453
6445,jitendra319,2,0.00255,46987,59.89191,78453
6446,jitendraky,2,0.00255,46989,59.89446,78453
6447,JithuPaul24,2,0.00255,46991,59.89701,78453
6448,jitubhaiya,2,0.00255,46993,59.89956,78453
6449,jjcallis,2,0.00255,46995,59.90211,78453
6450,JJGadgets,2,0.00255,46997,59.90466,78453
6451,jkittler,2,0.00255,46999,59.90721,78453
6452,j-koopman,2,0.00255,47001,59.90975,78453
6453,jlee-idbydna,2,0.00255,47003,59.91230,78453
6454,jlugao,2,0.00255,47005,59.91485,78453
6455,jmenan,2,0.00255,47007,59.91740,78453
6456,jmfloreszazo,2,0.00255,47009,59.91995,78453
6457,jmfontaine,2,0.00255,47011,59.92250,78453
6458,jmichalak-fluxninja,2,0.00255,47013,59.92505,78453
6459,jmuia-stripe,2,0.00255,47015,59.92760,78453
6460,jneal-afs,2,0.00255,47017,59.93015,78453
6461,jnpr-pranav,2,0.00255,47019,59.93270,78453
6462,joachimneu,2,0.00255,47021,59.93525,78453
6463,joaquinrovira,2,0.00255,47023,59.93780,78453
6464,JochenGuckSnk,2,0.00255,47025,59.94035,78453
6465,jodihum,2,0.00255,47027,59.94290,78453
6466,joe-alford,2,0.00255,47029,59.94545,78453
6467,joebatish,2,0.00255,47031,59.94799,78453
6468,joefreyk,2,0.00255,47033,59.95054,78453
6469,Joel-hanson,2,0.00255,47035,59.95309,78453
6470,joelmukuthu,2,0.00255,47037,59.95564,78453
6471,joel-vasiliev,2,0.00255,47039,59.95819,78453
6472,joepeeer,2,0.00255,47041,59.96074,78453
6473,joe-testra,2,0.00255,47043,59.96329,78453
6474,joeunlog,2,0.00255,47045,59.96584,78453
6475,JohnBoyB,2,0.00255,47047,59.96839,78453
6476,johnbuhay,2,0.00255,47049,59.97094,78453
6477,JohnLahr,2,0.00255,47051,59.97349,78453
6478,johnleslie,2,0.00255,47053,59.97604,78453
6479,johnnyreilly,2,0.00255,47055,59.97859,78453
6480,johnny-the-coder,2,0.00255,47057,59.98114,78453
6481,johnnytolengo,2,0.00255,47059,59.98368,78453
6482,johnseed,2,0.00255,47061,59.98623,78453
6483,jonabrenman,2,0.00255,47063,59.98878,78453
6484,Jonaswinz,2,0.00255,47065,59.99133,78453
6485,jonathanbbai,2,0.00255,47067,59.99388,78453
6486,jonathan-boudreau-work,2,0.00255,47069,59.99643,78453
6487,jonathanracine,2,0.00255,47071,59.99898,78453
6488,jonje,2,0.00255,47073,60.00153,78453
6489,jonlao-khoros,2,0.00255,47075,60.00408,78453
6490,jonnys17,2,0.00255,47077,60.00663,78453
6491,Jontem,2,0.00255,47079,60.00918,78453
6492,joramnv,2,0.00255,47081,60.01173,78453
6493,jordansne,2,0.00255,47083,60.01428,78453
6494,jordo,2,0.00255,47085,60.01683,78453
6495,josb,2,0.00255,47087,60.01937,78453
6496,joseph-skupniewicz-sp,2,0.00255,47089,60.02192,78453
6497,josepowera,2,0.00255,47091,60.02447,78453
6498,JoseVillalta,2,0.00255,47093,60.02702,78453
6499,Joshswooft,2,0.00255,47095,60.02957,78453
6500,Joshua698,2,0.00255,47097,60.03212,78453
6501,JoshuaWise,2,0.00255,47099,60.03467,78453
6502,joske1234,2,0.00255,47101,60.03722,78453
6503,josvazg,2,0.00255,47103,60.03977,78453
6504,jovan-absci,2,0.00255,47105,60.04232,78453
6505,Jownathan,2,0.00255,47107,60.04487,78453
6506,jplanza-gr,2,0.00255,47109,60.04742,78453
6507,jpluemer,2,0.00255,47111,60.04997,78453
6508,jp-mignon,2,0.00255,47113,60.05252,78453
6509,jrandall,2,0.00255,47115,60.05506,78453
6510,jrvaldes,2,0.00255,47117,60.05761,78453
6511,jsallay,2,0.00255,47119,60.06016,78453
6512,jschwartzy,2,0.00255,47121,60.06271,78453
6513,jselleck-sans,2,0.00255,47123,60.06526,78453
6514,jsolana,2,0.00255,47125,60.06781,78453
6515,JTCunning,2,0.00255,47127,60.07036,78453
6516,jtechtips,2,0.00255,47129,60.07291,78453
6517,juanjcal,2,0.00255,47131,60.07546,78453
6518,JuanJTorres11,2,0.00255,47133,60.07801,78453
6519,juanpablofava,2,0.00255,47135,60.08056,78453
6520,juanrh,2,0.00255,47137,60.08311,78453
6521,juergenhemelt,2,0.00255,47139,60.08566,78453
6522,jugglingthebits,2,0.00255,47141,60.08821,78453
6523,JulesMac,2,0.00255,47143,60.09075,78453
6524,juliaogris,2,0.00255,47145,60.09330,78453
6525,julichan,2,0.00255,47147,60.09585,78453
6526,julienFlowdesk,2,0.00255,47149,60.09840,78453
6527,JustForLife,2,0.00255,47151,60.10095,78453
6528,justjenu,2,0.00255,47153,60.10350,78453
6529,jwells-sray,2,0.00255,47155,60.10605,78453
6530,jyee021,2,0.00255,47157,60.10860,78453
6531,k0544530931k4,2,0.00255,47159,60.11115,78453
6532,k0p038x,2,0.00255,47161,60.11370,78453
6533,k33lan,2,0.00255,47163,60.11625,78453
6534,Kahavens,2,0.00255,47165,60.11880,78453
6535,kai687,2,0.00255,47167,60.12135,78453
6536,kaizen3031593,2,0.00255,47169,60.12390,78453
6537,KaizhangHMQ2345,2,0.00255,47171,60.12645,78453
6538,Kakaboto,2,0.00255,47173,60.12899,78453
6539,kakaru1331,2,0.00255,47175,60.13154,78453
6540,Kalaidar,2,0.00255,47177,60.13409,78453
6541,kalpchipsoft,2,0.00255,47179,60.13664,78453
6542,kamaldkannan,2,0.00255,47181,60.13919,78453
6543,kamel1239,2,0.00255,47183,60.14174,78453
6544,Kami,2,0.00255,47185,60.14429,78453
6545,KAMORU9,2,0.00255,47187,60.14684,78453
6546,kangetsu121,2,0.00255,47189,60.14939,78453
6547,kanikagarg,2,0.00255,47191,60.15194,78453
6548,Kapps,2,0.00255,47193,60.15449,78453
6549,karaguo,2,0.00255,47195,60.15704,78453
6550,karan316,2,0.00255,47197,60.15959,78453
6551,karlderkaefer,2,0.00255,47199,60.16214,78453
6552,karr1gan,2,0.00255,47201,60.16468,78453
6553,Karth54,2,0.00255,47203,60.16723,78453
6554,Karthik1610,2,0.00255,47205,60.16978,78453
6555,KarthikeyanODL,2,0.00255,47207,60.17233,78453
6556,kartikaytyagi,2,0.00255,47209,60.17488,78453
6557,kaskol10,2,0.00255,47211,60.17743,78453
6558,KatekovAnton,2,0.00255,47213,60.17998,78453
6559,kaul-abhi,2,0.00255,47215,60.18253,78453
6560,kaveeshadinamidu,2,0.00255,47217,60.18508,78453
6561,kbakk23,2,0.00255,47219,60.18763,78453
6562,kbespalov,2,0.00255,47221,60.19018,78453
6563,kbihani,2,0.00255,47223,60.19273,78453
6564,kcfigaro,2,0.00255,47225,60.19528,78453
6565,kcsraju,2,0.00255,47227,60.19783,78453
6566,Kehrlann,2,0.00255,47229,60.20037,78453
6567,kehuili,2,0.00255,47231,60.20292,78453
6568,keithly,2,0.00255,47233,60.20547,78453
6569,kelthuzadx,2,0.00255,47235,60.20802,78453
6570,KelvinHongSea,2,0.00255,47237,60.21057,78453
6571,kelvinkchu,2,0.00255,47239,60.21312,78453
6572,kelystor,2,0.00255,47241,60.21567,78453
6573,kendraash,2,0.00255,47243,60.21822,78453
6574,KennethStebbins,2,0.00255,47245,60.22077,78453
6575,kenshinx,2,0.00255,47247,60.22332,78453
6576,kernelv5,2,0.00255,47249,60.22587,78453
6577,kethavathsivanaik,2,0.00255,47251,60.22842,78453
6578,kevin999wang,2,0.00255,47253,60.23097,78453
6579,kevinashaw,2,0.00255,47255,60.23352,78453
6580,kevindotglasson,2,0.00255,47257,60.23606,78453
6581,keyword1983,2,0.00255,47259,60.23861,78453
6582,khagerma,2,0.00255,47261,60.24116,78453
6583,khansaAmrouni,2,0.00255,47263,60.24371,78453
6584,kharenis,2,0.00255,47265,60.24626,78453
6585,khpeet,2,0.00255,47267,60.24881,78453
6586,khtan,2,0.00255,47269,60.25136,78453
6587,khuedoan,2,0.00255,47271,60.25391,78453
6588,ki0,2,0.00255,47273,60.25646,78453
6589,kiaye,2,0.00255,47275,60.25901,78453
6590,kigedooooooooooooooo,2,0.00255,47277,60.26156,78453
6591,KimboTodd,2,0.00255,47279,60.26411,78453
6592,kimeirik-crayon,2,0.00255,47281,60.26666,78453
6593,Kindly12,2,0.00255,47283,60.26921,78453
6594,kingofzihua,2,0.00255,47285,60.27176,78453
6595,Kiran9856,2,0.00255,47287,60.27430,78453
6596,kiranmaikalla1,2,0.00255,47289,60.27685,78453
6597,kirkanos,2,0.00255,47291,60.27940,78453
6598,kisoku,2,0.00255,47293,60.28195,78453
6599,kittisuw,2,0.00255,47295,60.28450,78453
6600,kiuby88,2,0.00255,47297,60.28705,78453
6601,KKatev-reasonance,2,0.00255,47299,60.28960,78453
6602,kklimonda-fn,2,0.00255,47301,60.29215,78453
6603,kkume1,2,0.00255,47303,60.29470,78453
6604,klogg,2,0.00255,47305,60.29725,78453
6605,kmanchik,2,0.00255,47307,60.29980,78453
6606,kmrgirish,2,0.00255,47309,60.30235,78453
6607,kofiowu,2,0.00255,47311,60.30490,78453
6608,KokoBello,2,0.00255,47313,60.30745,78453
6609,komalkumbh,2,0.00255,47315,60.30999,78453
6610,komalsukhani,2,0.00255,47317,60.31254,78453
6611,konczbenedek,2,0.00255,47319,60.31509,78453
6612,koralcem,2,0.00255,47321,60.31764,78453
6613,korsmakolnikov,2,0.00255,47323,60.32019,78453
6614,Koseng,2,0.00255,47325,60.32274,78453
6615,kotalakshman,2,0.00255,47327,60.32529,78453
6616,kpacquer,2,0.00255,47329,60.32784,78453
6617,kpiroddi-yieldstreet,2,0.00255,47331,60.33039,78453
6618,kraft87,2,0.00255,47333,60.33294,78453
6619,kranthiakssy,2,0.00255,47335,60.33549,78453
6620,kreeuwijk,2,0.00255,47337,60.33804,78453
6621,Kris-B,2,0.00255,47339,60.34059,78453
6622,krishna13052001,2,0.00255,47341,60.34314,78453
6623,kristianjaeger,2,0.00255,47343,60.34568,78453
6624,Kristjanf-droid,2,0.00255,47345,60.34823,78453
6625,ksdaftari,2,0.00255,47347,60.35078,78453
6626,ksemele,2,0.00255,47349,60.35333,78453
6627,ksg14,2,0.00255,47351,60.35588,78453
6628,ktaletsk,2,0.00255,47353,60.35843,78453
6629,ktsakos,2,0.00255,47355,60.36098,78453
6630,kub3let,2,0.00255,47357,60.36353,78453
6631,kumakichi,2,0.00255,47359,60.36608,78453
6632,kumar6808,2,0.00255,47361,60.36863,78453
6633,kumarrishav,2,0.00255,47363,60.37118,78453
6634,kunalv89,2,0.00255,47365,60.37373,78453
6635,kunfoo,2,0.00255,47367,60.37628,78453
6636,kuntoaji,2,0.00255,47369,60.37883,78453
6637,kurianbenoy-sentient,2,0.00255,47371,60.38137,78453
6638,kvenu1458,2,0.00255,47373,60.38392,78453
6639,kvifern,2,0.00255,47375,60.38647,78453
6640,kvnreddy6680,2,0.00255,47377,60.38902,78453
6641,kwenZh,2,0.00255,47379,60.39157,78453
6642,kwiechmann,2,0.00255,47381,60.39412,78453
6643,kyanar,2,0.00255,47383,60.39667,78453
6644,KyleBS,2,0.00255,47385,60.39922,78453
6645,KypT,2,0.00255,47387,60.40177,78453
6646,kyranb,2,0.00255,47389,60.40432,78453
6647,KyWa,2,0.00255,47391,60.40687,78453
6648,l0rda,2,0.00255,47393,60.40942,78453
6649,l1n,2,0.00255,47395,60.41197,78453
6650,lachieh,2,0.00255,47397,60.41452,78453
6651,laiwf94,2,0.00255,47399,60.41706,78453
6652,lamebear,2,0.00255,47401,60.41961,78453
6653,lanlin,2,0.00255,47403,60.42216,78453
6654,laoj2,2,0.00255,47405,60.42471,78453
6655,lappanna,2,0.00255,47407,60.42726,78453
6656,lars1974,2,0.00255,47409,60.42981,78453
6657,larshp,2,0.00255,47411,60.43236,78453
6658,laurigates,2,0.00255,47413,60.43491,78453
6659,lavurohit,2,0.00255,47415,60.43746,78453
6660,lc-1203,2,0.00255,47417,60.44001,78453
6661,lcy19870112,2,0.00255,47419,60.44256,78453
6662,lczerepuk,2,0.00255,47421,60.44511,78453
6663,ldanielw1,2,0.00255,47423,60.44766,78453
6664,LDHo,2,0.00255,47425,60.45021,78453
6665,Lee-Carre,2,0.00255,47427,60.45276,78453
6666,leepereira,2,0.00255,47429,60.45530,78453
6667,Leisureroad,2,0.00255,47431,60.45785,78453
6668,leizerbeam,2,0.00255,47433,60.46040,78453
6669,lelandhwu,2,0.00255,47435,60.46295,78453
6670,lemonshir,2,0.00255,47437,60.46550,78453
6671,lennizle,2,0.00255,47439,60.46805,78453
6672,leoandrea7,2,0.00255,47441,60.47060,78453
6673,LeoniePhiline,2,0.00255,47443,60.47315,78453
6674,leonk8s,2,0.00255,47445,60.47570,78453
6675,leozmm,2,0.00255,47447,60.47825,78453
6676,lewis-green,2,0.00255,47449,60.48080,78453
6677,lexffe,2,0.00255,47451,60.48335,78453
6678,lextas,2,0.00255,47453,60.48590,78453
6679,LH533,2,0.00255,47455,60.48845,78453
6680,liangyongzhenya,2,0.00255,47457,60.49099,78453
6681,licheng5625,2,0.00255,47459,60.49354,78453
6682,likzn,2,0.00255,47461,60.49609,78453
6683,lilong89,2,0.00255,47463,60.49864,78453
6684,linc101,2,0.00255,47465,60.50119,78453
6685,LingHuaHui,2,0.00255,47467,60.50374,78453
6686,linmuqin,2,0.00255,47469,60.50629,78453
6687,LinPoLen,2,0.00255,47471,60.50884,78453
6688,linuxgcc,2,0.00255,47473,60.51139,78453
6689,linuxmall,2,0.00255,47475,60.51394,78453
6690,linwuz-db,2,0.00255,47477,60.51649,78453
6691,lisawolderiksen,2,0.00255,47479,60.51904,78453
6692,lishaoshu1240,2,0.00255,47481,60.52159,78453
6693,LiuGuBiGu,2,0.00255,47483,60.52414,78453
6694,liulp,2,0.00255,47485,60.52668,78453
6695,liuwenzhi0318,2,0.00255,47487,60.52923,78453
6696,liuzhiyong1982,2,0.00255,47489,60.53178,78453
6697,Lloyd-Pottiger,2,0.00255,47491,60.53433,78453
6698,lmarschall,2,0.00255,47493,60.53688,78453
6699,lmeyerov,2,0.00255,47495,60.53943,78453
6700,logerror,2,0.00255,47497,60.54198,78453
6701,Lokiscripter,2,0.00255,47499,60.54453,78453
6702,lord22shark,2,0.00255,47501,60.54708,78453
6703,Lorentsen-Cyber,2,0.00255,47503,60.54963,78453
6704,LoricAndre,2,0.00255,47505,60.55218,78453
6705,LorisFriedel,2,0.00255,47507,60.55473,78453
6706,loskutov,2,0.00255,47509,60.55728,78453
6707,lotheac,2,0.00255,47511,60.55983,78453
6708,lovie,2,0.00255,47513,60.56237,78453
6709,lsangelov,2,0.00255,47515,60.56492,78453
6710,lsoft,2,0.00255,47517,60.56747,78453
6711,lstephe,2,0.00255,47519,60.57002,78453
6712,lsunsi,2,0.00255,47521,60.57257,78453
6713,L-Sypniewski,2,0.00255,47523,60.57512,78453
6714,lszChain,2,0.00255,47525,60.57767,78453
6715,ltp217,2,0.00255,47527,60.58022,78453
6716,luandrea,2,0.00255,47529,60.58277,78453
6717,lubumbax,2,0.00255,47531,60.58532,78453
6718,lucallero,2,0.00255,47533,60.58787,78453
6719,lucasoares,2,0.00255,47535,60.59042,78453
6720,luckyops,2,0.00255,47537,60.59297,78453
6721,luckyswede,2,0.00255,47539,60.59552,78453
6722,lugangliang,2,0.00255,47541,60.59807,78453
6723,luginbash,2,0.00255,47543,60.60061,78453
6724,lugospod,2,0.00255,47545,60.60316,78453
6725,luinnar,2,0.00255,47547,60.60571,78453
6726,LukasChenChen,2,0.00255,47549,60.60826,78453
6727,luke-plausin-kidsloop,2,0.00255,47551,60.61081,78453
6728,luke-sprig,2,0.00255,47553,60.61336,78453
6729,luminoso,2,0.00255,47555,60.61591,78453
6730,Lumrenion,2,0.00255,47557,60.61846,78453
6731,lunderhage,2,0.00255,47559,60.62101,78453
6732,luotao402360238,2,0.00255,47561,60.62356,78453
6733,luphieanza,2,0.00255,47563,60.62611,78453
6734,luya0000,2,0.00255,47565,60.62866,78453
6735,lvii,2,0.00255,47567,60.63121,78453
6736,lz-nsc,2,0.00255,47569,60.63376,78453
6737,lzwaan,2,0.00255,47571,60.63630,78453
6738,m448510639,2,0.00255,47573,60.63885,78453
6739,m8mble,2,0.00255,47575,60.64140,78453
6740,MA3CIN,2,0.00255,47577,60.64395,78453
6741,maaltan,2,0.00255,47579,60.64650,78453
6742,maciejburzynskigft,2,0.00255,47581,60.64905,78453
6743,macno,2,0.00255,47583,60.65160,78453
6744,macruz,2,0.00255,47585,60.65415,78453
6745,mactaggart,2,0.00255,47587,60.65670,78453
6746,madanrajhari,2,0.00255,47589,60.65925,78453
6747,Maddin-619,2,0.00255,47591,60.66180,78453
6748,madhavsikka,2,0.00255,47593,60.66435,78453
6749,madhosoi,2,0.00255,47595,60.66690,78453
6750,mafaulkner,2,0.00255,47597,60.66945,78453
6751,Mageer,2,0.00255,47599,60.67199,78453
6752,magf,2,0.00255,47601,60.67454,78453
6753,magictoken,2,0.00255,47603,60.67709,78453
6754,magrisya,2,0.00255,47605,60.67964,78453
6755,maheshrayas,2,0.00255,47607,60.68219,78453
6756,MahibulHaque,2,0.00255,47609,60.68474,78453
6757,mahlunar,2,0.00255,47611,60.68729,78453
6758,Mahrjose,2,0.00255,47613,60.68984,78453
6759,maimar-sw,2,0.00255,47615,60.69239,78453
6760,majoli,2,0.00255,47617,60.69494,78453
6761,makaronak,2,0.00255,47619,60.69749,78453
6762,malaire,2,0.00255,47621,60.70004,78453
6763,Malavshah999,2,0.00255,47623,60.70259,78453
6764,Malayke,2,0.00255,47625,60.70514,78453
6765,malinink,2,0.00255,47627,60.70768,78453
6766,MaMrEzO,2,0.00255,47629,60.71023,78453
6767,Mandeepsheoran,2,0.00255,47631,60.71278,78453
6768,mann-ironfort,2,0.00255,47633,60.71533,78453
6769,MannyPamintuanAtCare,2,0.00255,47635,60.71788,78453
6770,manoharpalem22,2,0.00255,47637,60.72043,78453
6771,manondidi,2,0.00255,47639,60.72298,78453
6772,mansoshaik-deloitte,2,0.00255,47641,60.72553,78453
6773,manuelbcd,2,0.00255,47643,60.72808,78453
6774,manvitha9347,2,0.00255,47645,60.73063,78453
6775,maobaolong,2,0.00255,47647,60.73318,78453
6776,MaorDavidzon,2,0.00255,47649,60.73573,78453
6777,maour,2,0.00255,47651,60.73828,78453
6778,maowerner,2,0.00255,47653,60.74083,78453
6779,mapadofu,2,0.00255,47655,60.74338,78453
6780,marcelvwe,2,0.00255,47657,60.74592,78453
6781,marchlhw,2,0.00255,47659,60.74847,78453
6782,marco-gallinari,2,0.00255,47661,60.75102,78453
6783,MarcoPolo,2,0.00255,47663,60.75357,78453
6784,marcusball,2,0.00255,47665,60.75612,78453
6785,MariaJohny,2,0.00255,47667,60.75867,78453
6786,marinesunstone,2,0.00255,47669,60.76122,78453
6787,MarinPostma,2,0.00255,47671,60.76377,78453
6788,mario-bris,2,0.00255,47673,60.76632,78453
6789,mariokorte,2,0.00255,47675,60.76887,78453
6790,maristgeek,2,0.00255,47677,60.77142,78453
6791,MariusBrill,2,0.00255,47679,60.77397,78453
6792,mariusp,2,0.00255,47681,60.77652,78453
6793,MarkAndersonTrocme,2,0.00255,47683,60.77907,78453
6794,mark-barrett,2,0.00255,47685,60.78161,78453
6795,Markieta,2,0.00255,47687,60.78416,78453
6796,markkrj,2,0.00255,47689,60.78671,78453
6797,MarkLFT,2,0.00255,47691,60.78926,78453
6798,marksartdev,2,0.00255,47693,60.79181,78453
6799,marksumm,2,0.00255,47695,60.79436,78453
6800,markusl,2,0.00255,47697,60.79691,78453
6801,markuspeloquin,2,0.00255,47699,60.79946,78453
6802,martinbe1io,2,0.00255,47701,60.80201,78453
6803,martin-marko,2,0.00255,47703,60.80456,78453
6804,MartinMogh,2,0.00255,47705,60.80711,78453
6805,MartinSimango,2,0.00255,47707,60.80966,78453
6806,MartinWallgren,2,0.00255,47709,60.81221,78453
6807,marwaelayyadi,2,0.00255,47711,60.81476,78453
6808,maschwenk,2,0.00255,47713,60.81730,78453
6809,masonmei,2,0.00255,47715,60.81985,78453
6810,matpen,2,0.00255,47717,60.82240,78453
6811,matrixersp,2,0.00255,47719,60.82495,78453
6812,matt-cale-do,2,0.00255,47721,60.82750,78453
6813,mattdurham,2,0.00255,47723,60.83005,78453
6814,matteoiacovitti,2,0.00255,47725,60.83260,78453
6815,Matthelonianxl,2,0.00255,47727,60.83515,78453
6816,mattia-crypto,2,0.00255,47729,60.83770,78453
6817,matt-TE,2,0.00255,47731,60.84025,78453
6818,matyasfodor,2,0.00255,47733,60.84280,78453
6819,mavjs,2,0.00255,47735,60.84535,78453
6820,Max0978678407,2,0.00255,47737,60.84790,78453
6821,maxfirman,2,0.00255,47739,60.85045,78453
6822,Mayank-KS,2,0.00255,47741,60.85299,78453
6823,mayankkumar2,2,0.00255,47743,60.85554,78453
6824,mayanksinghse,2,0.00255,47745,60.85809,78453
6825,mb1245,2,0.00255,47747,60.86064,78453
6826,mcandio,2,0.00255,47749,60.86319,78453
6827,mcariasap,2,0.00255,47751,60.86574,78453
6828,mcc138,2,0.00255,47753,60.86829,78453
6829,mc-chaos,2,0.00255,47755,60.87084,78453
6830,mckunda,2,0.00255,47757,60.87339,78453
6831,mcrisafu-hxgn,2,0.00255,47759,60.87594,78453
6832,mddeff,2,0.00255,47761,60.87849,78453
6833,Meecr0b,2,0.00255,47763,60.88104,78453
6834,meet12344,2,0.00255,47765,60.88359,78453
6835,mehmanoglu,2,0.00255,47767,60.88614,78453
6836,mehrdad-goudarzi,2,0.00255,47769,60.88868,78453
6837,meln5674,2,0.00255,47771,60.89123,78453
6838,MelvinTo,2,0.00255,47773,60.89378,78453
6839,MenahanStreetBand,2,0.00255,47775,60.89633,78453
6840,mericano1,2,0.00255,47777,60.89888,78453
6841,mermadly,2,0.00255,47779,60.90143,78453
6842,MesterJoda,2,0.00255,47781,60.90398,78453
6843,mEstrazulas,2,0.00255,47783,60.90653,78453
6844,metalice,2,0.00255,47785,60.90908,78453
6845,MetalRex101,2,0.00255,47787,60.91163,78453
6846,metricsmancer,2,0.00255,47789,60.91418,78453
6847,mfuentesg,2,0.00255,47791,60.91673,78453
6848,mg183964,2,0.00255,47793,60.91928,78453
6849,mg185316,2,0.00255,47795,60.92183,78453
6850,mgarnaudFTOS,2,0.00255,47797,60.92438,78453
6851,mgeriesa,2,0.00255,47799,60.92692,78453
6852,MGlants,2,0.00255,47801,60.92947,78453
6853,mhassan1,2,0.00255,47803,60.93202,78453
6854,mheuser,2,0.00255,47805,60.93457,78453
6855,mi81ma,2,0.00255,47807,60.93712,78453
6856,micahmo,2,0.00255,47809,60.93967,78453
6857,micalgenus,2,0.00255,47811,60.94222,78453
6858,michaelkaye,2,0.00255,47813,60.94477,78453
6859,Michael-LiangAnze,2,0.00255,47815,60.94732,78453
6860,michaelpayne02,2,0.00255,47817,60.94987,78453
6861,MichaelPeter,2,0.00255,47819,60.95242,78453
6862,michaelschmitz,2,0.00255,47821,60.95497,78453
6863,michal-kania,2,0.00255,47823,60.95752,78453
6864,michalletavka,2,0.00255,47825,60.96007,78453
6865,michelkamp,2,0.00255,47827,60.96261,78453
6866,mickleissa,2,0.00255,47829,60.96516,78453
6867,mickmorse,2,0.00255,47831,60.96771,78453
6868,micwiel,2,0.00255,47833,60.97026,78453
6869,MiddleMan5,2,0.00255,47835,60.97281,78453
6870,middlewareman,2,0.00255,47837,60.97536,78453
6871,midu-git,2,0.00255,47839,60.97791,78453
6872,mihma,2,0.00255,47841,60.98046,78453
6873,MikeC-Sysdig,2,0.00255,47843,60.98301,78453
6874,mikedld,2,0.00255,47845,60.98556,78453
6875,MikeJOBirch,2,0.00255,47847,60.98811,78453
6876,mike-lerch,2,0.00255,47849,60.99066,78453
6877,mikementzmaersk,2,0.00255,47851,60.99321,78453
6878,mikerochip,2,0.00255,47853,60.99576,78453
6879,miketexas007,2,0.00255,47855,60.99830,78453
6880,mikevertal,2,0.00255,47857,61.00085,78453
6881,mikklee,2,0.00255,47859,61.00340,78453
6882,miladfarca,2,0.00255,47861,61.00595,78453
6883,mindhash,2,0.00255,47863,61.00850,78453
6884,mineshp100,2,0.00255,47865,61.01105,78453
6885,mingtdlb,2,0.00255,47867,61.01360,78453
6886,minkimipt,2,0.00255,47869,61.01615,78453
6887,minnie-jeong-otsk,2,0.00255,47871,61.01870,78453
6888,mintbomb27,2,0.00255,47873,61.02125,78453
6889,mircozanchi,2,0.00255,47875,61.02380,78453
6890,miroheikkonenabb,2,0.00255,47877,61.02635,78453
6891,misalcedo,2,0.00255,47879,61.02890,78453
6892,MisderGAO,2,0.00255,47881,61.03145,78453
6893,mission-badams,2,0.00255,47883,61.03399,78453
6894,misstt123,2,0.00255,47885,61.03654,78453
6895,mit006,2,0.00255,47887,61.03909,78453
6896,mj3c,2,0.00255,47889,61.04164,78453
6897,mjindalmotiv8,2,0.00255,47891,61.04419,78453
6898,mjirous,2,0.00255,47893,61.04674,78453
6899,mkotsalainen,2,0.00255,47895,61.04929,78453
6900,mkq,2,0.00255,47897,61.05184,78453
6901,Mladen-Karadimov,2,0.00255,47899,61.05439,78453
6902,mlashley,2,0.00255,47901,61.05694,78453
6903,mlcdf,2,0.00255,47903,61.05949,78453
6904,mmahant17,2,0.00255,47905,61.06204,78453
6905,mmahrouss,2,0.00255,47907,61.06459,78453
6906,mmatww,2,0.00255,47909,61.06714,78453
6907,mmizera,2,0.00255,47911,61.06969,78453
6908,mmizutani,2,0.00255,47913,61.07223,78453
6909,mmosttler,2,0.00255,47915,61.07478,78453
6910,mniak,2,0.00255,47917,61.07733,78453
6911,mniewrzal,2,0.00255,47919,61.07988,78453
6912,mnikitas,2,0.00255,47921,61.08243,78453
6913,moatra,2,0.00255,47923,61.08498,78453
6914,modularTaco,2,0.00255,47925,61.08753,78453
6915,Moezenka,2,0.00255,47927,61.09008,78453
6916,mohanr,2,0.00255,47929,61.09263,78453
6917,moharana-subhashree,2,0.00255,47931,61.09518,78453
6918,mohkoma,2,0.00255,47933,61.09773,78453
6919,mokarchi,2,0.00255,47935,61.10028,78453
6920,moksh-pathak,2,0.00255,47937,61.10283,78453
6921,momochaasdf,2,0.00255,47939,61.10538,78453
6922,momocow,2,0.00255,47941,61.10792,78453
6923,MontyGvMC,2,0.00255,47943,61.11047,78453
6924,monubamb100,2,0.00255,47945,61.11302,78453
6925,moray95,2,0.00255,47947,61.11557,78453
6926,more-pepsi,2,0.00255,47949,61.11812,78453
6927,Morion-Self,2,0.00255,47951,61.12067,78453
6928,mosanden,2,0.00255,47953,61.12322,78453
6929,MouadhDos,2,0.00255,47955,61.12577,78453
6930,moza88,2,0.00255,47957,61.12832,78453
6931,mpalu,2,0.00255,47959,61.13087,78453
6932,mposdev21,2,0.00255,47961,61.13342,78453
6933,mrangjunboon2017s,2,0.00255,47963,61.13597,78453
6934,mrclki,2,0.00255,47965,61.13852,78453
6935,mremreozan,2,0.00255,47967,61.14107,78453
6936,mrhein,2,0.00255,47969,61.14361,78453
6937,mriddell-foundry,2,0.00255,47971,61.14616,78453
6938,MR-MonkeyRay,2,0.00255,47973,61.14871,78453
6939,mrozdemir4,2,0.00255,47975,61.15126,78453
6940,MrRedHead,2,0.00255,47977,61.15381,78453
6941,mrspence,2,0.00255,47979,61.15636,78453
6942,mschilt,2,0.00255,47981,61.15891,78453
6943,mshneerfire,2,0.00255,47983,61.16146,78453
6944,ms-jck,2,0.00255,47985,61.16401,78453
6945,msonali12,2,0.00255,47987,61.16656,78453
6946,msunilreddy123,2,0.00255,47989,61.16911,78453
6947,msyretis,2,0.00255,47991,61.17166,78453
6948,mtcolman,2,0.00255,47993,61.17421,78453
6949,MTRNord,2,0.00255,47995,61.17676,78453
6950,Muh812,2,0.00255,47997,61.17930,78453
6951,MuhammadMunir12,2,0.00255,47999,61.18185,78453
6952,muler415,2,0.00255,48001,61.18440,78453
6953,murali-krishna,2,0.00255,48003,61.18695,78453
6954,MURSHIG,2,0.00255,48005,61.18950,78453
6955,muthali,2,0.00255,48007,61.19205,78453
6956,muzaffersenkal,2,0.00255,48009,61.19460,78453
6957,mvarlese,2,0.00255,48011,61.19715,78453
6958,mv-rodriguez,2,0.00255,48013,61.19970,78453
6959,mwhaubold,2,0.00255,48015,61.20225,78453
6960,mykolaichuk,2,0.00255,48017,61.20480,78453
6961,myl1019,2,0.00255,48019,61.20735,78453
6962,mythra-stripe,2,0.00255,48021,61.20990,78453
6963,mythxn,2,0.00255,48023,61.21245,78453
6964,mzkhan,2,0.00255,48025,61.21499,78453
6965,mzwettler2,2,0.00255,48027,61.21754,78453
6966,nadeem9975,2,0.00255,48029,61.22009,78453
6967,nagy,2,0.00255,48031,61.22264,78453
6968,nandor-magyar,2,0.00255,48033,61.22519,78453
6969,NanoSector,2,0.00255,48035,61.22774,78453
6970,nantoniazzi,2,0.00255,48037,61.23029,78453
6971,naoh87,2,0.00255,48039,61.23284,78453
6972,napiergit,2,0.00255,48041,61.23539,78453
6973,naramck,2,0.00255,48043,61.23794,78453
6974,NarayanPooja,2,0.00255,48045,61.24049,78453
6975,naresh399,2,0.00255,48047,61.24304,78453
6976,Narsilion,2,0.00255,48049,61.24559,78453
6977,narwold,2,0.00255,48051,61.24814,78453
6978,narze,2,0.00255,48053,61.25069,78453
6979,naseercs91,2,0.00255,48055,61.25323,78453
6980,NastyPigz,2,0.00255,48057,61.25578,78453
6981,nathanaelweber,2,0.00255,48059,61.25833,78453
6982,nathansoz,2,0.00255,48061,61.26088,78453
6983,nature1995,2,0.00255,48063,61.26343,78453
6984,nauticalmike,2,0.00255,48065,61.26598,78453
6985,navaneswarareddy,2,0.00255,48067,61.26853,78453
6986,navidys,2,0.00255,48069,61.27108,78453
6987,navrenga,2,0.00255,48071,61.27363,78453
6988,nazar256,2,0.00255,48073,61.27618,78453
6989,nbarnes22,2,0.00255,48075,61.27873,78453
6990,n-boshnakov,2,0.00255,48077,61.28128,78453
6991,nbourdeau,2,0.00255,48079,61.28383,78453
6992,ndctrb,2,0.00255,48081,61.28638,78453
6993,neeleshtiwari,2,0.00255,48083,61.28892,78453
6994,neerajyadav,2,0.00255,48085,61.29147,78453
6995,neilcampbe11,2,0.00255,48087,61.29402,78453
6996,nekop,2,0.00255,48089,61.29657,78453
6997,nemerkab,2,0.00255,48091,61.29912,78453
6998,neptoon,2,0.00255,48093,61.30167,78453
6999,netlox-io,2,0.00255,48095,61.30422,78453
7000,NeuronSK,2,0.00255,48097,61.30677,78453
7001,newpurr,2,0.00255,48099,61.30932,78453
7002,nfoonf,2,0.00255,48101,61.31187,78453
7003,ngingihy,2,0.00255,48103,61.31442,78453
7004,ngood97-splunk,2,0.00255,48105,61.31697,78453
7005,nheidloff,2,0.00255,48107,61.31952,78453
7006,nibatandukar,2,0.00255,48109,61.32207,78453
7007,nickcampbell18,2,0.00255,48111,61.32461,78453
7008,nickibi,2,0.00255,48113,61.32716,78453
7009,nicklangsysdig,2,0.00255,48115,61.32971,78453
7010,nicklocaso,2,0.00255,48117,61.33226,78453
7011,nicolasderycke,2,0.00255,48119,61.33481,78453
7012,nicoloboschi,2,0.00255,48121,61.33736,78453
7013,niconical,2,0.00255,48123,61.33991,78453
7014,nicop311,2,0.00255,48125,61.34246,78453
7015,Nico-VanHaaster,2,0.00255,48127,61.34501,78453
7016,nicsmith,2,0.00255,48129,61.34756,78453
7017,nikita96,2,0.00255,48131,61.35011,78453
7018,niklasweimann,2,0.00255,48133,61.35266,78453
7019,nikmel2803,2,0.00255,48135,61.35521,78453
7020,NikolauUB,2,0.00255,48137,61.35776,78453
7021,nikolays-fd,2,0.00255,48139,61.36030,78453
7022,nikosokolik,2,0.00255,48141,61.36285,78453
7023,nilampatel-engineer,2,0.00255,48143,61.36540,78453
7024,nileshsalpe,2,0.00255,48145,61.36795,78453
7025,NilsLeger,2,0.00255,48147,61.37050,78453
7026,NimishKashyap,2,0.00255,48149,61.37305,78453
7027,NimrodAvni78,2,0.00255,48151,61.37560,78453
7028,ningjunwei2,2,0.00255,48153,61.37815,78453
7029,ninhpham0902,2,0.00255,48155,61.38070,78453
7030,Nintorac,2,0.00255,48157,61.38325,78453
7031,nirkoren,2,0.00255,48159,61.38580,78453
7032,nishankgu,2,0.00255,48161,61.38835,78453
7033,nistei,2,0.00255,48163,61.39090,78453
7034,niteenkole,2,0.00255,48165,61.39345,78453
7035,niteshtajane,2,0.00255,48167,61.39600,78453
7036,Nithin108,2,0.00255,48169,61.39854,78453
7037,nitsas,2,0.00255,48171,61.40109,78453
7038,nivhanin,2,0.00255,48173,61.40364,78453
7039,Nivras,2,0.00255,48175,61.40619,78453
7040,nlybe,2,0.00255,48177,61.40874,78453
7041,nml11c,2,0.00255,48179,61.41129,78453
7042,nnalam,2,0.00255,48181,61.41384,78453
7043,nnnnoel,2,0.00255,48183,61.41639,78453
7044,NoahHahm,2,0.00255,48185,61.41894,78453
7045,noahseger,2,0.00255,48187,61.42149,78453
7046,noamsan,2,0.00255,48189,61.42404,78453
7047,noniu,2,0.00255,48191,61.42659,78453
7048,noolius,2,0.00255,48193,61.42914,78453
7049,norman-zon,2,0.00255,48195,61.43169,78453
7050,nosmo,2,0.00255,48197,61.43423,78453
7051,notadeveloperyet,2,0.00255,48199,61.43678,78453
7052,notfromstatefarm,2,0.00255,48201,61.43933,78453
7053,NotoriousBIT,2,0.00255,48203,61.44188,78453
7054,nour-karoui,2,0.00255,48205,61.44443,78453
7055,Noxx-7,2,0.00255,48207,61.44698,78453
7056,noyoshi,2,0.00255,48209,61.44953,78453
7057,nshmura,2,0.00255,48211,61.45208,78453
7058,nsingi45,2,0.00255,48213,61.45463,78453
7059,nsspradeep,2,0.00255,48215,61.45718,78453
7060,nuclearwu,2,0.00255,48217,61.45973,78453
7061,Nuthanuke,2,0.00255,48219,61.46228,78453
7062,nutrienrob,2,0.00255,48221,61.46483,78453
7063,nvvalchev,2,0.00255,48223,61.46738,78453
7064,nwiizo,2,0.00255,48225,61.46992,78453
7065,nyap,2,0.00255,48227,61.47247,78453
7066,nyemade-uversky,2,0.00255,48229,61.47502,78453
7067,obito,2,0.00255,48231,61.47757,78453
7068,obsd,2,0.00255,48233,61.48012,78453
7069,OctoHuman,2,0.00255,48235,61.48267,78453
7070,ogm256,2,0.00255,48237,61.48522,78453
7071,ohlol,2,0.00255,48239,61.48777,78453
7072,ojagodzinski,2,0.00255,48241,61.49032,78453
7073,okruga,2,0.00255,48243,61.49287,78453
7074,OlaAde,2,0.00255,48245,61.49542,78453
7075,olegstepura,2,0.00255,48247,61.49797,78453
7076,oliver-subskribe,2,0.00255,48249,61.50052,78453
7077,Oliverwqcwrw,2,0.00255,48251,61.50307,78453
7078,olivierbouchomsfreshheads,2,0.00255,48253,61.50561,78453
7079,Ollie-Armitage,2,0.00255,48255,61.50816,78453
7080,omerfarukdogan,2,0.00255,48257,61.51071,78453
7081,omerurhan,2,0.00255,48259,61.51326,78453
7082,omichaeli,2,0.00255,48261,61.51581,78453
7083,OmidH,2,0.00255,48263,61.51836,78453
7084,OneKongpc,2,0.00255,48265,61.52091,78453
7085,ontor79,2,0.00255,48267,61.52346,78453
7086,oodamien,2,0.00255,48269,61.52601,78453
7087,Oogy,2,0.00255,48271,61.52856,78453
7088,ophiryael,2,0.00255,48273,61.53111,78453
7089,optimin,2,0.00255,48275,61.53366,78453
7090,orsan0128,2,0.00255,48277,61.53621,78453
7091,os6sense,2,0.00255,48279,61.53876,78453
7092,osBins,2,0.00255,48281,61.54130,78453
7093,Oseenix,2,0.00255,48283,61.54385,78453
7094,osheratias,2,0.00255,48285,61.54640,78453
7095,OssenFoss,2,0.00255,48287,61.54895,78453
7096,ottramst,2,0.00255,48289,61.55150,78453
7097,ozkansari37,2,0.00255,48291,61.55405,78453
7098,ozzy-ext,2,0.00255,48293,61.55660,78453
7099,p01K,2,0.00255,48295,61.55915,78453
7100,p3rshin,2,0.00255,48297,61.56170,78453
7101,pacevedom,2,0.00255,48299,61.56425,78453
7102,packman80,2,0.00255,48301,61.56680,78453
7103,padziu,2,0.00255,48303,61.56935,78453
7104,panagpapad,2,0.00255,48305,61.57190,78453
7105,Panxu1219,2,0.00255,48307,61.57445,78453
7106,panyanming,2,0.00255,48309,61.57700,78453
7107,paperqqq,2,0.00255,48311,61.57954,78453
7108,paramsiddharth,2,0.00255,48313,61.58209,78453
7109,pareeohnos,2,0.00255,48315,61.58464,78453
7110,Parkhost,2,0.00255,48317,61.58719,78453
7111,partmor,2,0.00255,48319,61.58974,78453
7112,pascal-cloudnatix,2,0.00255,48321,61.59229,78453
7113,patryk4815,2,0.00255,48323,61.59484,78453
7114,patsys,2,0.00255,48325,61.59739,78453
7115,pauky,2,0.00255,48327,61.59994,78453
7116,paul-benetis,2,0.00255,48329,61.60249,78453
7117,paule96,2,0.00255,48331,61.60504,78453
7118,paulparkinson,2,0.00255,48333,61.60759,78453
7119,Pavan976,2,0.00255,48335,61.61014,78453
7120,Pazze12,2,0.00255,48337,61.61269,78453
7121,pbtrudel,2,0.00255,48339,61.61523,78453
7122,pchaudhary1,2,0.00255,48341,61.61778,78453
7123,pdelewski,2,0.00255,48343,61.62033,78453
7124,pdfrod,2,0.00255,48345,61.62288,78453
7125,pdmurray,2,0.00255,48347,61.62543,78453
7126,peamaeq,2,0.00255,48349,61.62798,78453
7127,pedrobarco,2,0.00255,48351,61.63053,78453
7128,pedroguilherme,2,0.00255,48353,61.63308,78453
7129,pedrooct,2,0.00255,48355,61.63563,78453
7130,pedu1,2,0.00255,48357,61.63818,78453
7131,peedrr,2,0.00255,48359,61.64073,78453
7132,perlporter,2,0.00255,48361,61.64328,78453
7133,pete-gillin-privitar,2,0.00255,48363,61.64583,78453
7134,peteole,2,0.00255,48365,61.64838,78453
7135,peteristhegreat,2,0.00255,48367,61.65092,78453
7136,PeteX,2,0.00255,48369,61.65347,78453
7137,petolexa,2,0.00255,48371,61.65602,78453
7138,petro-rudenko,2,0.00255,48373,61.65857,78453
7139,pgoodman,2,0.00255,48375,61.66112,78453
7140,ph4s3r,2,0.00255,48377,61.66367,78453
7141,phaniraj75,2,0.00255,48379,61.66622,78453
7142,phial3,2,0.00255,48381,61.66877,78453
7143,philippwaller,2,0.00255,48383,61.67132,78453
7144,philnielsen,2,0.00255,48385,61.67387,78453
7145,photoni-137,2,0.00255,48387,61.67642,78453
7146,pi1814,2,0.00255,48389,61.67897,78453
7147,piermotte,2,0.00255,48391,61.68152,78453
7148,pieter-lautus,2,0.00255,48393,61.68407,78453
7149,pietermarsman,2,0.00255,48395,61.68661,78453
7150,pinkplus,2,0.00255,48397,61.68916,78453
7151,pintohutch,2,0.00255,48399,61.69171,78453
7152,pioszu-dnv,2,0.00255,48401,61.69426,78453
7153,piotr-sk,2,0.00255,48403,61.69681,78453
7154,Pisztrang,2,0.00255,48405,61.69936,78453
7155,pitming,2,0.00255,48407,61.70191,78453
7156,piycalush,2,0.00255,48409,61.70446,78453
7157,piyushsinghal3,2,0.00255,48411,61.70701,78453
7158,pjambet,2,0.00255,48413,61.70956,78453
7159,pjaton,2,0.00255,48415,61.71211,78453
7160,pjaudiomv,2,0.00255,48417,61.71466,78453
7161,pk-hugo,2,0.00255,48419,61.71721,78453
7162,pleeplop,2,0.00255,48421,61.71976,78453
7163,plektra,2,0.00255,48423,61.72231,78453
7164,plitex,2,0.00255,48425,61.72485,78453
7165,plko345,2,0.00255,48427,61.72740,78453
7166,pluveto,2,0.00255,48429,61.72995,78453
7167,pmacieje,2,0.00255,48431,61.73250,78453
7168,pmb0,2,0.00255,48433,61.73505,78453
7169,pnjihia,2,0.00255,48435,61.73760,78453
7170,PODU,2,0.00255,48437,61.74015,78453
7171,pohlt,2,0.00255,48439,61.74270,78453
7172,pokgak,2,0.00255,48441,61.74525,78453
7173,Poobalan1210,2,0.00255,48443,61.74780,78453
7174,pouriaHemmati,2,0.00255,48445,61.75035,78453
7175,powerpistn,2,0.00255,48447,61.75290,78453
7176,PPadi,2,0.00255,48449,61.75545,78453
7177,pqchi,2,0.00255,48451,61.75800,78453
7178,pr7prashant,2,0.00255,48453,61.76054,78453
7179,PradeepLoganathan,2,0.00255,48455,61.76309,78453
7180,PradyumnaKrishna,2,0.00255,48457,61.76564,78453
7181,prajithp13,2,0.00255,48459,61.76819,78453
7182,pramodak,2,0.00255,48461,61.77074,78453
7183,prashanthbhattc,2,0.00255,48463,61.77329,78453
7184,prassu4b4,2,0.00255,48465,61.77584,78453
7185,prateek041,2,0.00255,48467,61.77839,78453
7186,pratik2315,2,0.00255,48469,61.78094,78453
7187,pratikhire95,2,0.00255,48471,61.78349,78453
7188,Pratikrocks,2,0.00255,48473,61.78604,78453
7189,praveensh0,2,0.00255,48475,61.78859,78453
7190,pravinparab,2,0.00255,48477,61.79114,78453
7191,Preeti214,2,0.00255,48479,61.79369,78453
7192,preetsindhal,2,0.00255,48481,61.79623,78453
7193,prettykingking,2,0.00255,48483,61.79878,78453
7194,pritibshah,2,0.00255,48485,61.80133,78453
7195,priyanka9692,2,0.00255,48487,61.80388,78453
7196,PriyaTenneti,2,0.00255,48489,61.80643,78453
7197,proga7med,2,0.00255,48491,61.80898,78453
7198,prpa,2,0.00255,48493,61.81153,78453
7199,psanzm,2,0.00255,48495,61.81408,78453
7200,pseymournutanix,2,0.00255,48497,61.81663,78453
7201,psimms-r7,2,0.00255,48499,61.81918,78453
7202,pspgit,2,0.00255,48501,61.82173,78453
7203,ptsp01,2,0.00255,48503,61.82428,78453
7204,puppeteer701,2,0.00255,48505,61.82683,78453
7205,pure-color,2,0.00255,48507,61.82938,78453
7206,purvaldur,2,0.00255,48509,61.83192,78453
7207,pveerina,2,0.00255,48511,61.83447,78453
7208,pxvp2008,2,0.00255,48513,61.83702,78453
7209,pygoov,2,0.00255,48515,61.83957,78453
7210,pyromaniac3010,2,0.00255,48517,61.84212,78453
7211,qazaqstan2025,2,0.00255,48519,61.84467,78453
7212,qianxiao1314,2,0.00255,48521,61.84722,78453
7213,QiQi-OvO,2,0.00255,48523,61.84977,78453
7214,qiyongtao,2,0.00255,48525,61.85232,78453
7215,qmj0923,2,0.00255,48527,61.85487,78453
7216,qnxrahul,2,0.00255,48529,61.85742,78453
7217,qoddiapps,2,0.00255,48531,61.85997,78453
7218,qrpnxz,2,0.00255,48533,61.86252,78453
7219,quanjun5428,2,0.00255,48535,61.86507,78453
7220,Quantum-Sicarius,2,0.00255,48537,61.86762,78453
7221,QuarkContainer,2,0.00255,48539,61.87016,78453
7222,qzoscar,2,0.00255,48541,61.87271,78453
7223,raakeysh,2,0.00255,48543,61.87526,78453
7224,radiosilence,2,0.00255,48545,61.87781,78453
7225,rafadc,2,0.00255,48547,61.88036,78453
7226,rafernandez,2,0.00255,48549,61.88291,78453
7227,raghanag,2,0.00255,48551,61.88546,78453
7228,raghavbhatnagar96,2,0.00255,48553,61.88801,78453
7229,ragnarpa,2,0.00255,48555,61.89056,78453
7230,RaguRamG,2,0.00255,48557,61.89311,78453
7231,rahil-r,2,0.00255,48559,61.89566,78453
7232,rahul-chawla,2,0.00255,48561,61.89821,78453
7233,RahulKansana1,2,0.00255,48563,61.90076,78453
7234,rahulsunrays,2,0.00255,48565,61.90331,78453
7235,raindust,2,0.00255,48567,61.90585,78453
7236,rainerfrey-inxmail,2,0.00255,48569,61.90840,78453
7237,rajeshpanara,2,0.00255,48571,61.91095,78453
7238,RajivTS,2,0.00255,48573,61.91350,78453
7239,rajyan,2,0.00255,48575,61.91605,78453
7240,rakeshdevops12,2,0.00255,48577,61.91860,78453
7241,rakgup,2,0.00255,48579,61.92115,78453
7242,raklev20,2,0.00255,48581,61.92370,78453
7243,Ram81,2,0.00255,48583,61.92625,78453
7244,RAMESSESII2,2,0.00255,48585,61.92880,78453
7245,RaminHeidari,2,0.00255,48587,61.93135,78453
7246,ramiyengar,2,0.00255,48589,61.93390,78453
7247,raorugan,2,0.00255,48591,61.93645,78453
7248,raphaelpoumarede,2,0.00255,48593,61.93900,78453
7249,rashid4lyf,2,0.00255,48595,61.94154,78453
7250,ratheeshtv,2,0.00255,48597,61.94409,78453
7251,ravensorb,2,0.00255,48599,61.94664,78453
7252,raviepgithub,2,0.00255,48601,61.94919,78453
7253,ravik1176,2,0.00255,48603,61.95174,78453
7254,ravilk,2,0.00255,48605,61.95429,78453
7255,raygecao,2,0.00255,48607,61.95684,78453
7256,raymoriss,2,0.00255,48609,61.95939,78453
7257,raymyers,2,0.00255,48611,61.96194,78453
7258,raypinto,2,0.00255,48613,61.96449,78453
7259,RazGvili,2,0.00255,48615,61.96704,78453
7260,rbkrabbe,2,0.00255,48617,61.96959,78453
7261,rbrownwsws,2,0.00255,48619,61.97214,78453
7262,rcarrata,2,0.00255,48621,61.97469,78453
7263,R-cen,2,0.00255,48623,61.97723,78453
7264,rchincha,2,0.00255,48625,61.97978,78453
7265,rcruz63,2,0.00255,48627,61.98233,78453
7266,rdauncey53,2,0.00255,48629,61.98488,78453
7267,rdezavalia,2,0.00255,48631,61.98743,78453
7268,rdiez,2,0.00255,48633,61.98998,78453
7269,realSuffix,2,0.00255,48635,61.99253,78453
7270,RebornTong,2,0.00255,48637,61.99508,78453
7271,Red54,2,0.00255,48639,61.99763,78453
7272,red55,2,0.00255,48641,62.00018,78453
7273,Reeker-Liu,2,0.00255,48643,62.00273,78453
7274,reep-afk,2,0.00255,48645,62.00528,78453
7275,refaelb,2,0.00255,48647,62.00783,78453
7276,reg0bs,2,0.00255,48649,62.01038,78453
7277,regeda,2,0.00255,48651,62.01292,78453
7278,rehth,2,0.00255,48653,62.01547,78453
7279,reivilibre,2,0.00255,48655,62.01802,78453
7280,RenGeng,2,0.00255,48657,62.02057,78453
7281,renjiexu,2,0.00255,48659,62.02312,78453
7282,reno1979,2,0.00255,48661,62.02567,78453
7283,renyunkang,2,0.00255,48663,62.02822,78453
7284,r-erema,2,0.00255,48665,62.03077,78453
7285,resdenia,2,0.00255,48667,62.03332,78453
7286,Revanthchowdary9,2,0.00255,48669,62.03587,78453
7287,RevRebel,2,0.00255,48671,62.03842,78453
7288,reysuela,2,0.00255,48673,62.04097,78453
7289,rhowe-trp,2,0.00255,48675,62.04352,78453
7290,ribasnath,2,0.00255,48677,62.04607,78453
7291,richaiter08,2,0.00255,48679,62.04862,78453
7292,richardchien,2,0.00255,48681,62.05116,78453
7293,RichardLaos,2,0.00255,48683,62.05371,78453
7294,richardluong,2,0.00255,48685,62.05626,78453
7295,Richardswe,2,0.00255,48687,62.05881,78453
7296,richburroughs,2,0.00255,48689,62.06136,78453
7297,rickzhan,2,0.00255,48691,62.06391,78453
7298,ricsanfre,2,0.00255,48693,62.06646,78453
7299,Rinshad,2,0.00255,48695,62.06901,78453
7300,ripf77,2,0.00255,48697,62.07156,78453
7301,riscie,2,0.00255,48699,62.07411,78453
7302,rishabhindoria,2,0.00255,48701,62.07666,78453
7303,Rishikeshcg,2,0.00255,48703,62.07921,78453
7304,ritamgit-alt,2,0.00255,48705,62.08176,78453
7305,ritikeshgupta,2,0.00255,48707,62.08431,78453
7306,ritmas,2,0.00255,48709,62.08685,78453
7307,rivlinpereira,2,0.00255,48711,62.08940,78453
7308,riyad,2,0.00255,48713,62.09195,78453
7309,RiyaGaniga-avi,2,0.00255,48715,62.09450,78453
7310,Rkabako,2,0.00255,48717,62.09705,78453
7311,rkadekar,2,0.00255,48719,62.09960,78453
7312,rkolesnev,2,0.00255,48721,62.10215,78453
7313,rl-simons,2,0.00255,48723,62.10470,78453
7314,rmartinsjr,2,0.00255,48725,62.10725,78453
7315,rnbguy,2,0.00255,48727,62.10980,78453
7316,rnemeth90,2,0.00255,48729,62.11235,78453
7317,robbie-coder,2,0.00255,48731,62.11490,78453
7318,RobertDWhite,2,0.00255,48733,62.11745,78453
7319,robertpcontreras-ts,2,0.00255,48735,62.12000,78453
7320,Robfz,2,0.00255,48737,62.12254,78453
7321,robjuz,2,0.00255,48739,62.12509,78453
7322,robsoned,2,0.00255,48741,62.12764,78453
7323,rohan-97,2,0.00255,48743,62.13019,78453
7324,rohansharmaPS,2,0.00255,48745,62.13274,78453
7325,Rohith-Raju,2,0.00255,48747,62.13529,78453
7326,rohitkrai03,2,0.00255,48749,62.13784,78453
7327,RohitRanjanMS,2,0.00255,48751,62.14039,78453
7328,rok,2,0.00255,48753,62.14294,78453
7329,romit-gandhi,2,0.00255,48755,62.14549,78453
7330,ronald-hadrian,2,0.00255,48757,62.14804,78453
7331,Ronghefeng,2,0.00255,48759,62.15059,78453
7332,ronghuaihai,2,0.00255,48761,62.15314,78453
7333,RookiesBoy,2,0.00255,48763,62.15569,78453
7334,RoryDoherty,2,0.00255,48765,62.15823,78453
7335,Rossalli,2,0.00255,48767,62.16078,78453
7336,rowanhwilliams,2,0.00255,48769,62.16333,78453
7337,Roya1376,2,0.00255,48771,62.16588,78453
7338,roybh1,2,0.00255,48773,62.16843,78453
7339,roy-crw,2,0.00255,48775,62.17098,78453
7340,roylkng,2,0.00255,48777,62.17353,78453
7341,rozingmichael,2,0.00255,48779,62.17608,78453
7342,ROZKOV,2,0.00255,48781,62.17863,78453
7343,rradecki-migo,2,0.00255,48783,62.18118,78453
7344,rrey-aviatrix,2,0.00255,48785,62.18373,78453
7345,rrileyca,2,0.00255,48787,62.18628,78453
7346,rritsoft,2,0.00255,48789,62.18883,78453
7347,rrmcclymont,2,0.00255,48791,62.19138,78453
7348,rsong0606,2,0.00255,48793,62.19393,78453
7349,rtmrtmrtmrtm,2,0.00255,48795,62.19647,78453
7350,rtomlinson-clari,2,0.00255,48797,62.19902,78453
7351,rtorres33,2,0.00255,48799,62.20157,78453
7352,ruanben,2,0.00255,48801,62.20412,78453
7353,ruancmoral,2,0.00255,48803,62.20667,78453
7354,RuanNunes,2,0.00255,48805,62.20922,78453
7355,Rubensky2021,2,0.00255,48807,62.21177,78453
7356,rudian,2,0.00255,48809,62.21432,78453
7357,Rudy-Han,2,0.00255,48811,62.21687,78453
7358,runakash,2,0.00255,48813,62.21942,78453
7359,runebaas,2,0.00255,48815,62.22197,78453
7360,runkecheng,2,0.00255,48817,62.22452,78453
7361,Rupan-Priest,2,0.00255,48819,62.22707,78453
7362,rushikeshadhav,2,0.00255,48821,62.22962,78453
7363,rushilenekar20,2,0.00255,48823,62.23216,78453
7364,RustamGimadiev,2,0.00255,48825,62.23471,78453
7365,rvignesh89,2,0.00255,48827,62.23726,78453
7366,rvlane,2,0.00255,48829,62.23981,78453
7367,RyanCallahan312,2,0.00255,48831,62.24236,78453
7368,ryancomia,2,0.00255,48833,62.24491,78453
7369,ryanking8215,2,0.00255,48835,62.24746,78453
7370,ryankrawz,2,0.00255,48837,62.25001,78453
7371,ryan-motive,2,0.00255,48839,62.25256,78453
7372,ryanpxyz,2,0.00255,48841,62.25511,78453
7373,ryanwholey,2,0.00255,48843,62.25766,78453
7374,ryanzzff,2,0.00255,48845,62.26021,78453
7375,rynslmns,2,0.00255,48847,62.26276,78453
7376,ryoma310,2,0.00255,48849,62.26531,78453
7377,s0ar,2,0.00255,48851,62.26785,78453
7378,s2503901ernie,2,0.00255,48853,62.27040,78453
7379,S7evinK,2,0.00255,48855,62.27295,78453
7380,Saber307,2,0.00255,48857,62.27550,78453
7381,sabomichal,2,0.00255,48859,62.27805,78453
7382,safadig,2,0.00255,48861,62.28060,78453
7383,sahibble,2,0.00255,48863,62.28315,78453
7384,saied89,2,0.00255,48865,62.28570,78453
7385,saifali40,2,0.00255,48867,62.28825,78453
7386,saiprabhur,2,0.00255,48869,62.29080,78453
7387,sairamkiran9,2,0.00255,48871,62.29335,78453
7388,saivenkateshedem,2,0.00255,48873,62.29590,78453
7389,sakshigupta3,2,0.00255,48875,62.29845,78453
7390,s-aliasgar,2,0.00255,48877,62.30100,78453
7391,salineselin,2,0.00255,48879,62.30354,78453
7392,Sam13,2,0.00255,48881,62.30609,78453
7393,samfullman,2,0.00255,48883,62.30864,78453
7394,sam-jn,2,0.00255,48885,62.31119,78453
7395,samox73,2,0.00255,48887,62.31374,78453
7396,samsondav,2,0.00255,48889,62.31629,78453
7397,SAM-tak,2,0.00255,48891,62.31884,78453
7398,samuelan,2,0.00255,48893,62.32139,78453
7399,samuellg,2,0.00255,48895,62.32394,78453
7400,samuelwcampbell,2,0.00255,48897,62.32649,78453
7401,sanadhis,2,0.00255,48899,62.32904,78453
7402,sana-jawad,2,0.00255,48901,62.33159,78453
7403,sanasz91mdev,2,0.00255,48903,62.33414,78453
7404,sandeepkowndinya,2,0.00255,48905,62.33669,78453
7405,SandipGorde-TomTom,2,0.00255,48907,62.33923,78453
7406,sanglt,2,0.00255,48909,62.34178,78453
7407,sanitizer,2,0.00255,48911,62.34433,78453
7408,sansroman,2,0.00255,48913,62.34688,78453
7409,santiihoyos,2,0.00255,48915,62.34943,78453
7410,saranvasu,2,0.00255,48917,62.35198,78453
7411,saranyas72,2,0.00255,48919,62.35453,78453
7412,sarathsprakash,2,0.00255,48921,62.35708,78453
7413,sarjamil,2,0.00255,48923,62.35963,78453
7414,sarunachalam1,2,0.00255,48925,62.36218,78453
7415,sarvajit-sankar-comprinno,2,0.00255,48927,62.36473,78453
7416,saryana,2,0.00255,48929,62.36728,78453
7417,SaschaBrechmannVHV,2,0.00255,48931,62.36983,78453
7418,saswat0,2,0.00255,48933,62.37238,78453
7419,sathiralamal,2,0.00255,48935,62.37493,78453
7420,satra,2,0.00255,48937,62.37747,78453
7421,satwika007,2,0.00255,48939,62.38002,78453
7422,SaulBerrenson,2,0.00255,48941,62.38257,78453
7423,SaumyaBhushan,2,0.00255,48943,62.38512,78453
7424,SaurabhGarg1,2,0.00255,48945,62.38767,78453
7425,savingoyal,2,0.00255,48947,62.39022,78453
7426,Sawaphob,2,0.00255,48949,62.39277,78453
7427,SayaliAsh,2,0.00255,48951,62.39532,78453
7428,sayantanu-dey,2,0.00255,48953,62.39787,78453
7429,sbellam1187,2,0.00255,48955,62.40042,78453
7430,sbhrule15,2,0.00255,48957,62.40297,78453
7431,sbkurahatti,2,0.00255,48959,62.40552,78453
7432,sbmthakur,2,0.00255,48961,62.40807,78453
7433,scah2021,2,0.00255,48963,62.41062,78453
7434,Scannery,2,0.00255,48965,62.41316,78453
7435,scbay,2,0.00255,48967,62.41571,78453
7436,schaeferto,2,0.00255,48969,62.41826,78453
7437,schelv,2,0.00255,48971,62.42081,78453
7438,schultyy,2,0.00255,48973,62.42336,78453
7439,Schweinepriester,2,0.00255,48975,62.42591,78453
7440,scottasmith,2,0.00255,48977,62.42846,78453
7441,scott-guthridge,2,0.00255,48979,62.43101,78453
7442,Scrin,2,0.00255,48981,62.43356,78453
7443,sdettmer,2,0.00255,48983,62.43611,78453
7444,sdomme,2,0.00255,48985,62.43866,78453
7445,sdstolworthy,2,0.00255,48987,62.44121,78453
7446,se7entyse7en,2,0.00255,48989,62.44376,78453
7447,seanat280,2,0.00255,48991,62.44631,78453
7448,sean-scott-lr,2,0.00255,48993,62.44885,78453
7449,SebastianBakala-TomTom,2,0.00255,48995,62.45140,78453
7450,seeodm,2,0.00255,48997,62.45395,78453
7451,seimic,2,0.00255,48999,62.45650,78453
7452,selone,2,0.00255,49001,62.45905,78453
7453,semistone,2,0.00255,49003,62.46160,78453
7454,sendmars,2,0.00255,49005,62.46415,78453
7455,Sen-Gupta,2,0.00255,49007,62.46670,78453
7456,senser-adi,2,0.00255,49009,62.46925,78453
7457,SeraphicRav,2,0.00255,49011,62.47180,78453
7458,Sergiodcm00,2,0.00255,49013,62.47435,78453
7459,serithemage,2,0.00255,49015,62.47690,78453
7460,seru333,2,0.00255,49017,62.47945,78453
7461,Serverfrog,2,0.00255,49019,62.48200,78453
7462,seshank-db,2,0.00255,49021,62.48454,78453
7463,sethtroisi,2,0.00255,49023,62.48709,78453
7464,sevaorlov,2,0.00255,49025,62.48964,78453
7465,sevennt,2,0.00255,49027,62.49219,78453
7466,seyedmmousavi,2,0.00255,49029,62.49474,78453
7467,sfc-gh-rnishant,2,0.00255,49031,62.49729,78453
7468,Sford9840,2,0.00255,49033,62.49984,78453
7469,sgryphon,2,0.00255,49035,62.50239,78453
7470,sh777,2,0.00255,49037,62.50494,78453
7471,shadab16,2,0.00255,49039,62.50749,78453
7472,Shadoka,2,0.00255,49041,62.51004,78453
7473,shahar-rel,2,0.00255,49043,62.51259,78453
7474,shahriyar101931,2,0.00255,49045,62.51514,78453
7475,shajmakh,2,0.00255,49047,62.51769,78453
7476,shakaib-arif,2,0.00255,49049,62.52024,78453
7477,shakeerahamed,2,0.00255,49051,62.52278,78453
7478,shandyDev,2,0.00255,49053,62.52533,78453
7479,ShangfengDing,2,0.00255,49055,62.52788,78453
7480,shanghai636848,2,0.00255,49057,62.53043,78453
7481,shanisma,2,0.00255,49059,62.53298,78453
7482,shaot001,2,0.00255,49061,62.53553,78453
7483,shaotingcheng,2,0.00255,49063,62.53808,78453
7484,shaoyongfeng,2,0.00255,49065,62.54063,78453
7485,sharkannon,2,0.00255,49067,62.54318,78453
7486,sharmakhushboo,2,0.00255,49069,62.54573,78453
7487,sharmavishalvk,2,0.00255,49071,62.54828,78453
7488,Shashank-Jha,2,0.00255,49073,62.55083,78453
7489,shatilov-diman,2,0.00255,49075,62.55338,78453
7490,Shaye-man,2,0.00255,49077,62.55593,78453
7491,shbalaku,2,0.00255,49079,62.55847,78453
7492,sheabot,2,0.00255,49081,62.56102,78453
7493,shikeno,2,0.00255,49083,62.56357,78453
7494,Shiko1st,2,0.00255,49085,62.56612,78453
7495,shikoku1,2,0.00255,49087,62.56867,78453
7496,shiling02404,2,0.00255,49089,62.57122,78453
7497,shinderupesh,2,0.00255,49091,62.57377,78453
7498,ShirleyDing,2,0.00255,49093,62.57632,78453
7499,ShiwenSun,2,0.00255,49095,62.57887,78453
7500,shizn,2,0.00255,49097,62.58142,78453
7501,shlomi-wexler-apolicy,2,0.00255,49099,62.58397,78453
7502,shoeffner,2,0.00255,49101,62.58652,78453
7503,Shonke,2,0.00255,49103,62.58907,78453
7504,Shorla,2,0.00255,49105,62.59162,78453
7505,showeriszero,2,0.00255,49107,62.59416,78453
7506,shresthaujjwal,2,0.00255,49109,62.59671,78453
7507,shrikanta8,2,0.00255,49111,62.59926,78453
7508,shubhamxshup,2,0.00255,49113,62.60181,78453
7509,shubhang93,2,0.00255,49115,62.60436,78453
7510,shuimu13,2,0.00255,49117,62.60691,78453
7511,shyamajp,2,0.00255,49119,62.60946,78453
7512,sigezhao,2,0.00255,49121,62.61201,78453
7513,siikanen,2,0.00255,49123,62.61456,78453
7514,sikanderiqbal,2,0.00255,49125,62.61711,78453
7515,silentknight2001,2,0.00255,49127,62.61966,78453
7516,simcax,2,0.00255,49129,62.62221,78453
7517,simondale00,2,0.00255,49131,62.62476,78453
7518,SimonPfeiffer,2,0.00255,49133,62.62731,78453
7519,SimonVleugels,2,0.00255,49135,62.62985,78453
7520,singgel,2,0.00255,49137,62.63240,78453
7521,sipirsipirmin,2,0.00255,49139,62.63495,78453
7522,sips4711,2,0.00255,49141,62.63750,78453
7523,sirctseb,2,0.00255,49143,62.64005,78453
7524,siris,2,0.00255,49145,62.64260,78453
7525,siva-27,2,0.00255,49147,62.64515,78453
7526,sivanbecker,2,0.00255,49149,62.64770,78453
7527,siyu618,2,0.00255,49151,62.65025,78453
7528,sj8d3e6602,2,0.00255,49153,62.65280,78453
7529,sk8forether,2,0.00255,49155,62.65535,78453
7530,skesavapatnam,2,0.00255,49157,62.65790,78453
7531,skinnyxpuppy,2,0.00255,49159,62.66045,78453
7532,sklirg,2,0.00255,49161,62.66300,78453
7533,Skybound1,2,0.00255,49163,62.66554,78453
7534,sl0815,2,0.00255,49165,62.66809,78453
7535,sl1288,2,0.00255,49167,62.67064,78453
7536,SledgeHammer01,2,0.00255,49169,62.67319,78453
7537,Slyracoon23,2,0.00255,49171,62.67574,78453
7538,s-maj,2,0.00255,49173,62.67829,78453
7539,smilence-yu,2,0.00255,49175,62.68084,78453
7540,smmaster,2,0.00255,49177,62.68339,78453
7541,smoser-ibm,2,0.00255,49179,62.68594,78453
7542,SmruthiManjunath,2,0.00255,49181,62.68849,78453
7543,snagasawa,2,0.00255,49183,62.69104,78453
7544,Snailll,2,0.00255,49185,62.69359,78453
7545,sndtechnologyuk,2,0.00255,49187,62.69614,78453
7546,sniffer72,2,0.00255,49189,62.69869,78453
7547,snirkop89,2,0.00255,49191,62.70124,78453
7548,Sn-Kinos,2,0.00255,49193,62.70378,78453
7549,snwbr,2,0.00255,49195,62.70633,78453
7550,so-amuk,2,0.00255,49197,62.70888,78453
7551,sofferor,2,0.00255,49199,62.71143,78453
7552,SoftMemes,2,0.00255,49201,62.71398,78453
7553,softstuck,2,0.00255,49203,62.71653,78453
7554,sonjaer,2,0.00255,49205,62.71908,78453
7555,soosin-spresto,2,0.00255,49207,62.72163,78453
7556,sopalsuemae,2,0.00255,49209,62.72418,78453
7557,sotowang,2,0.00255,49211,62.72673,78453
7558,soumendrak,2,0.00255,49213,62.72928,78453
7559,Sound-Snows,2,0.00255,49215,62.73183,78453
7560,SouravEegrab,2,0.00255,49217,62.73438,78453
7561,sp0tt13,2,0.00255,49219,62.73693,78453
7562,sp1ff,2,0.00255,49221,62.73947,78453
7563,SpaceComet,2,0.00255,49223,62.74202,78453
7564,sparrell,2,0.00255,49225,62.74457,78453
7565,spencer-nicol,2,0.00255,49227,62.74712,78453
7566,spencerrung,2,0.00255,49229,62.74967,78453
7567,Sphinxgaia,2,0.00255,49231,62.75222,78453
7568,spr-mweber3,2,0.00255,49233,62.75477,78453
7569,srajeev,2,0.00255,49235,62.75732,78453
7570,sreejesh-radhakrishnan-db,2,0.00255,49237,62.75987,78453
7571,sreenichelikam-hpe,2,0.00255,49239,62.76242,78453
7572,sreeo,2,0.00255,49241,62.76497,78453
7573,sree-warrier,2,0.00255,49243,62.76752,78453
7574,sremp,2,0.00255,49245,62.77007,78453
7575,sriharshabm,2,0.00255,49247,62.77262,78453
7576,srikanthsava,2,0.00255,49249,62.77516,78453
7577,srinivaschavan,2,0.00255,49251,62.77771,78453
7578,sriramsridhar,2,0.00255,49253,62.78026,78453
7579,srouil,2,0.00255,49255,62.78281,78453
7580,ssaaiidd,2,0.00255,49257,62.78536,78453
7581,ssomuah,2,0.00255,49259,62.78791,78453
7582,sspates-starbucks,2,0.00255,49261,62.79046,78453
7583,stackbaek,2,0.00255,49263,62.79301,78453
7584,stalb,2,0.00255,49265,62.79556,78453
7585,Starkteetje,2,0.00255,49267,62.79811,78453
7586,stasyanich,2,0.00255,49269,62.80066,78453
7587,stavbernazanv,2,0.00255,49271,62.80321,78453
7588,std4453,2,0.00255,49273,62.80576,78453
7589,stdll00,2,0.00255,49275,62.80831,78453
7590,stefanbulzan,2,0.00255,49277,62.81085,78453
7591,steknowis,2,0.00255,49279,62.81340,78453
7592,stemabo,2,0.00255,49281,62.81595,78453
7593,stephencoe,2,0.00255,49283,62.81850,78453
7594,SteveCurran,2,0.00255,49285,62.82105,78453
7595,stg-0,2,0.00255,49287,62.82360,78453
7596,sthartmannsopra,2,0.00255,49289,62.82615,78453
7597,s-titoo,2,0.00255,49291,62.82870,78453
7598,storehubdeploy,2,0.00255,49293,62.83125,78453
7599,strima,2,0.00255,49295,62.83380,78453
7600,styler,2,0.00255,49297,62.83635,78453
7601,suazithustra,2,0.00255,49299,62.83890,78453
7602,subains,2,0.00255,49301,62.84145,78453
7603,Subject38,2,0.00255,49303,62.84400,78453
7604,subodhkumar95340,2,0.00255,49305,62.84655,78453
7605,sudhi-evang,2,0.00255,49307,62.84909,78453
7606,suiluj,2,0.00255,49309,62.85164,78453
7607,sumit-158,2,0.00255,49311,62.85419,78453
7608,sumitdhameja,2,0.00255,49313,62.85674,78453
7609,summerlinryan,2,0.00255,49315,62.85929,78453
7610,SUMMERLm,2,0.00255,49317,62.86184,78453
7611,sumshar-appdirect,2,0.00255,49319,62.86439,78453
7612,sundaykeke,2,0.00255,49321,62.86694,78453
7613,sunjianbo945,2,0.00255,49323,62.86949,78453
7614,sunnypandas,2,0.00255,49325,62.87204,78453
7615,SuperChenSSS,2,0.00255,49327,62.87459,78453
7616,superfav,2,0.00255,49329,62.87714,78453
7617,supreeth90,2,0.00255,49331,62.87969,78453
7618,suravarapusuryakiran,2,0.00255,49333,62.88224,78453
7619,suridaddy,2,0.00255,49335,62.88478,78453
7620,suryam27,2,0.00255,49337,62.88733,78453
7621,susanshi,2,0.00255,49339,62.88988,78453
7622,suwu,2,0.00255,49341,62.89243,78453
7623,SvenssonWeb,2,0.00255,49343,62.89498,78453
7624,sverrehu,2,0.00255,49345,62.89753,78453
7625,svoruga,2,0.00255,49347,62.90008,78453
7626,swapnilkhaire333,2,0.00255,49349,62.90263,78453
7627,Swapnil-Khilariwal,2,0.00255,49351,62.90518,78453
7628,SWarnberg,2,0.00255,49353,62.90773,78453
7629,swathi-1227,2,0.00255,49355,62.91028,78453
7630,SweetGeneral,2,0.00255,49357,62.91283,78453
7631,swen128,2,0.00255,49359,62.91538,78453
7632,swizkon,2,0.00255,49361,62.91793,78453
7633,sxwebdev,2,0.00255,49363,62.92047,78453
7634,syeddhadi,2,0.00255,49365,62.92302,78453
7635,syengo254,2,0.00255,49367,62.92557,78453
7636,sykim-etri,2,0.00255,49369,62.92812,78453
7637,synvestable,2,0.00255,49371,62.93067,78453
7638,sys0613,2,0.00255,49373,62.93322,78453
7639,systems1,2,0.00255,49375,62.93577,78453
7640,T3pco,2,0.00255,49377,62.93832,78453
7641,t3-watanabe,2,0.00255,49379,62.94087,78453
7642,t4i5uKE,2,0.00255,49381,62.94342,78453
7643,tabacco,2,0.00255,49383,62.94597,78453
7644,taeuuoo,2,0.00255,49385,62.94852,78453
7645,Tailzip,2,0.00255,49387,62.95107,78453
7646,tamanh123456,2,0.00255,49389,62.95362,78453
7647,tamilsaran,2,0.00255,49391,62.95616,78453
7648,tamirkamara,2,0.00255,49393,62.95871,78453
7649,tanersener,2,0.00255,49395,62.96126,78453
7650,tanmaymishu,2,0.00255,49397,62.96381,78453
7651,tarat44,2,0.00255,49399,62.96636,78453
7652,tarek857,2,0.00255,49401,62.96891,78453
7653,tariqueshamsh,2,0.00255,49403,62.97146,78453
7654,Tazovsky,2,0.00255,49405,62.97401,78453
7655,TCBroad,2,0.00255,49407,62.97656,78453
7656,tdaniely-dn,2,0.00255,49409,62.97911,78453
7657,tdelora,2,0.00255,49411,62.98166,78453
7658,TDTcloudteam,2,0.00255,49413,62.98421,78453
7659,TechDawg270,2,0.00255,49415,62.98676,78453
7660,techmaharaj,2,0.00255,49417,62.98931,78453
7661,technicalpriyanka,2,0.00255,49419,62.99185,78453
7662,teja1702,2,0.00255,49421,62.99440,78453
7663,tejaswivinodg,2,0.00255,49423,62.99695,78453
7664,telderfts,2,0.00255,49425,62.99950,78453
7665,telemac,2,0.00255,49427,63.00205,78453
7666,temperedf4te,2,0.00255,49429,63.00460,78453
7667,templed,2,0.00255,49431,63.00715,78453
7668,tenghuanhe,2,0.00255,49433,63.00970,78453
7669,tensmyo,2,0.00255,49435,63.01225,78453
7670,tensor5,2,0.00255,49437,63.01480,78453
7671,terloo,2,0.00255,49439,63.01735,78453
7672,testov2001,2,0.00255,49441,63.01990,78453
7673,tewarig,2,0.00255,49443,63.02245,78453
7674,tfarooqaltia,2,0.00255,49445,63.02500,78453
7675,tfidfwastaken,2,0.00255,49447,63.02755,78453
7676,thatguyfig,2,0.00255,49449,63.03009,78453
7677,th-developer,2,0.00255,49451,63.03264,78453
7678,TheChemicalWorkshop,2,0.00255,49453,63.03519,78453
7679,TheGeka,2,0.00255,49455,63.03774,78453
7680,thegreymatter,2,0.00255,49457,63.04029,78453
7681,TheHunter,2,0.00255,49459,63.04284,78453
7682,TheMatrix97,2,0.00255,49461,63.04539,78453
7683,theoamonteiro,2,0.00255,49463,63.04794,78453
7684,TheRubble,2,0.00255,49465,63.05049,78453
7685,thesalmonidae,2,0.00255,49467,63.05304,78453
7686,theswerd,2,0.00255,49469,63.05559,78453
7687,theturkeyneck,2,0.00255,49471,63.05814,78453
7688,Thijmen,2,0.00255,49473,63.06069,78453
7689,thinkgos,2,0.00255,49475,63.06324,78453
7690,thinksabin,2,0.00255,49477,63.06578,78453
7691,Thiritin,2,0.00255,49479,63.06833,78453
7692,thmshmm,2,0.00255,49481,63.07088,78453
7693,tho93,2,0.00255,49483,63.07343,78453
7694,thomasbruggink,2,0.00255,49485,63.07598,78453
7695,ThomasP1988,2,0.00255,49487,63.07853,78453
7696,thomassa,2,0.00255,49489,63.08108,78453
7697,thomas-shelby-k8s,2,0.00255,49491,63.08363,78453
7698,thor15xxx,2,0.00255,49493,63.08618,78453
7699,throwawayaccount0153,2,0.00255,49495,63.08873,78453
7700,thunko,2,0.00255,49497,63.09128,78453
7701,tiagoceluppi,2,0.00255,49499,63.09383,78453
7702,tianlala,2,0.00255,49501,63.09638,78453
7703,tianruyun,2,0.00255,49503,63.09893,78453
7704,tiantiandas,2,0.00255,49505,63.10147,78453
7705,tianzichenone,2,0.00255,49507,63.10402,78453
7706,tiarly,2,0.00255,49509,63.10657,78453
7707,TiBeN,2,0.00255,49511,63.10912,78453
7708,tiedotguy,2,0.00255,49513,63.11167,78453
7709,TIEDPAG,2,0.00255,49515,63.11422,78453
7710,tighemf,2,0.00255,49517,63.11677,78453
7711,timaebi,2,0.00255,49519,63.11932,78453
7712,timBorelle,2,0.00255,49521,63.12187,78453
7713,timharsch,2,0.00255,49523,63.12442,78453
7714,timjnh,2,0.00255,49525,63.12697,78453
7715,TimoFriedri,2,0.00255,49527,63.12952,78453
7716,timurb,2,0.00255,49529,63.13207,78453
7717,TimurSadykov,2,0.00255,49531,63.13462,78453
7718,tina9253,2,0.00255,49533,63.13716,78453
7719,tinoschroeter,2,0.00255,49535,63.13971,78453
7720,tinyc-z,2,0.00255,49537,63.14226,78453
7721,tjamir,2,0.00255,49539,63.14481,78453
7722,tjholm,2,0.00255,49541,63.14736,78453
7723,tjrone,2,0.00255,49543,63.14991,78453
7724,tkohn,2,0.00255,49545,63.15246,78453
7725,tleepa,2,0.00255,49547,63.15501,78453
7726,tl-eirik-albrigtsen,2,0.00255,49549,63.15756,78453
7727,tmaroschik,2,0.00255,49551,63.16011,78453
7728,tmdonalds,2,0.00255,49553,63.16266,78453
7729,tmododragon,2,0.00255,49555,63.16521,78453
7730,tnisan,2,0.00255,49557,63.16776,78453
7731,tobiasoort,2,0.00255,49559,63.17031,78453
7732,tobikris,2,0.00255,49561,63.17286,78453
7733,tobrien-endpoint,2,0.00255,49563,63.17540,78453
7734,toby181,2,0.00255,49565,63.17795,78453
7735,toddmacintyre,2,0.00255,49567,63.18050,78453
7736,tomaspinho,2,0.00255,49569,63.18305,78453
7737,tomaspritrsky,2,0.00255,49571,63.18560,78453
7738,tomaszn,2,0.00255,49573,63.18815,78453
7739,tomer1983,2,0.00255,49575,63.19070,78453
7740,tomes92,2,0.00255,49577,63.19325,78453
7741,tomkennedy513,2,0.00255,49579,63.19580,78453
7742,tommady,2,0.00255,49581,63.19835,78453
7743,tommaso-borgato,2,0.00255,49583,63.20090,78453
7744,tommyngu98,2,0.00255,49585,63.20345,78453
7745,tomnowak,2,0.00255,49587,63.20600,78453
7746,tomp736,2,0.00255,49589,63.20855,78453
7747,tompittson,2,0.00255,49591,63.21109,78453
7748,tonejito,2,0.00255,49593,63.21364,78453
7749,tony-mw,2,0.00255,49595,63.21619,78453
7750,TonySma,2,0.00255,49597,63.21874,78453
7751,tooboredtocode,2,0.00255,49599,63.22129,78453
7752,torgerss,2,0.00255,49601,63.22384,78453
7753,torin-carey,2,0.00255,49603,63.22639,78453
7754,toruvinn,2,0.00255,49605,63.22894,78453
7755,tounasm,2,0.00255,49607,63.23149,78453
7756,touwameme,2,0.00255,49609,63.23404,78453
7757,towonzhou,2,0.00255,49611,63.23659,78453
7758,tperdue321,2,0.00255,49613,63.23914,78453
7759,tpt-vector,2,0.00255,49615,63.24169,78453
7760,track87,2,0.00255,49617,63.24424,78453
7761,tracypholmes,2,0.00255,49619,63.24678,78453
7762,tramplpf,2,0.00255,49621,63.24933,78453
7763,travs,2,0.00255,49623,63.25188,78453
7764,treeplus,2,0.00255,49625,63.25443,78453
7765,TrevorBergman,2,0.00255,49627,63.25698,78453
7766,triblondon,2,0.00255,49629,63.25953,78453
7767,tribock,2,0.00255,49631,63.26208,78453
7768,Tridy,2,0.00255,49633,63.26463,78453
7769,trigger305,2,0.00255,49635,63.26718,78453
7770,tsingwang,2,0.00255,49637,63.26973,78453
7771,TsurHerman,2,0.00255,49639,63.27228,78453
7772,ttessarolo,2,0.00255,49641,63.27483,78453
7773,ttpp123,2,0.00255,49643,63.27738,78453
7774,TurMitaev,2,0.00255,49645,63.27993,78453
7775,turtlesoupy,2,0.00255,49647,63.28247,78453
7776,TweeZz,2,0.00255,49649,63.28502,78453
7777,twisteroidambassador,2,0.00255,49651,63.28757,78453
7778,tyagian,2,0.00255,49653,63.29012,78453
7779,tyamashi-oss,2,0.00255,49655,63.29267,78453
7780,Tyler-ytr,2,0.00255,49657,63.29522,78453
7781,TyR3x123,2,0.00255,49659,63.29777,78453
7782,TzlilSwimmer123,2,0.00255,49661,63.30032,78453
7783,ubaniabalogun,2,0.00255,49663,63.30287,78453
7784,ubhattarai,2,0.00255,49665,63.30542,78453
7785,uday-mandava,2,0.00255,49667,63.30797,78453
7786,udaysrinivasan,2,0.00255,49669,63.31052,78453
7787,ujala-singh,2,0.00255,49671,63.31307,78453
7788,ujwala02,2,0.00255,49673,63.31562,78453
7789,ukazap,2,0.00255,49675,63.31817,78453
7790,ultraasi-atanas,2,0.00255,49677,63.32071,78453
7791,ulwlu,2,0.00255,49679,63.32326,78453
7792,UnchainedSoulBT,2,0.00255,49681,63.32581,78453
7793,unclefil,2,0.00255,49683,63.32836,78453
7794,unglaublicherdude,2,0.00255,49685,63.33091,78453
7795,unix-way,2,0.00255,49687,63.33346,78453
7796,Unknow0,2,0.00255,49689,63.33601,78453
7797,uran0sH,2,0.00255,49691,63.33856,78453
7798,Uranium2,2,0.00255,49693,63.34111,78453
7799,Usuychik,2,0.00255,49695,63.34366,78453
7800,UtkarshMishra12,2,0.00255,49697,63.34621,78453
7801,uy-andrew,2,0.00255,49699,63.34876,78453
7802,uynap,2,0.00255,49701,63.35131,78453
7803,v1r7u,2,0.00255,49703,63.35386,78453
7804,v4nTh3M4n,2,0.00255,49705,63.35640,78453
7805,vadimnyx,2,0.00255,49707,63.35895,78453
7806,vagobon,2,0.00255,49709,63.36150,78453
7807,vaibhavvsharma,2,0.00255,49711,63.36405,78453
7808,Vaishnavi1411,2,0.00255,49713,63.36660,78453
7809,vakkursw,2,0.00255,49715,63.36915,78453
7810,Valdovo,2,0.00255,49717,63.37170,78453
7811,vallahaye,2,0.00255,49719,63.37425,78453
7812,vanessarakoczy,2,0.00255,49721,63.37680,78453
7813,vara-bonthu,2,0.00255,49723,63.37935,78453
7814,varpa89,2,0.00255,49725,63.38190,78453
7815,varunjain0606,2,0.00255,49727,63.38445,78453
7816,varun-lb,2,0.00255,49729,63.38700,78453
7817,vasanthkg,2,0.00255,49731,63.38955,78453
7818,vasily-v-ryabov,2,0.00255,49733,63.39209,78453
7819,vasucp1207,2,0.00255,49735,63.39464,78453
7820,vedantjoshi84,2,0.00255,49737,63.39719,78453
7821,veeraghgoudar,2,0.00255,49739,63.39974,78453
7822,vemundeldegard,2,0.00255,49741,63.40229,78453
7823,venicetear,2,0.00255,49743,63.40484,78453
7824,Venkatraj1986,2,0.00255,49745,63.40739,78453
7825,venkyfff,2,0.00255,49747,63.40994,78453
7826,versoris,2,0.00255,49749,63.41249,78453
7827,vicalixto,2,0.00255,49751,63.41504,78453
7828,vicky1999s,2,0.00255,49753,63.41759,78453
7829,vickykushwaha,2,0.00255,49755,63.42014,78453
7830,vicmarbev,2,0.00255,49757,63.42269,78453
7831,victorguosh,2,0.00255,49759,63.42524,78453
7832,VictorLeviPeixoto,2,0.00255,49761,63.42778,78453
7833,victorradael,2,0.00255,49763,63.43033,78453
7834,vicyap,2,0.00255,49765,63.43288,78453
7835,vidhem-indeed,2,0.00255,49767,63.43543,78453
7836,vidhut-singh,2,0.00255,49769,63.43798,78453
7837,vignan-devops,2,0.00255,49771,63.44053,78453
7838,Vignesh-Sakkarai,2,0.00255,49773,63.44308,78453
7839,vij2,2,0.00255,49775,63.44563,78453
7840,vijaykumarmcp,2,0.00255,49777,63.44818,78453
7841,vikas-agarwal76,2,0.00255,49779,63.45073,78453
7842,vikrampunchh,2,0.00255,49781,63.45328,78453
7843,vikrum,2,0.00255,49783,63.45583,78453
7844,vimalagrawal,2,0.00255,49785,63.45838,78453
7845,vin4v,2,0.00255,49787,63.46093,78453
7846,vinayhegdebms,2,0.00255,49789,63.46347,78453
7847,vincent5753,2,0.00255,49791,63.46602,78453
7848,vincent-du2020,2,0.00255,49793,63.46857,78453
7849,vinitaaher,2,0.00255,49795,63.47112,78453
7850,vins011,2,0.00255,49797,63.47367,78453
7851,vinz6751,2,0.00255,49799,63.47622,78453
7852,vishalbhuva7,2,0.00255,49801,63.47877,78453
7853,vishwanathjadhav,2,0.00255,49803,63.48132,78453
7854,VitalCh,2,0.00255,49805,63.48387,78453
7855,vitalik,2,0.00255,49807,63.48642,78453
7856,vitalinfo,2,0.00255,49809,63.48897,78453
7857,vitsensei,2,0.00255,49811,63.49152,78453
7858,Vivek3489,2,0.00255,49813,63.49407,78453
7859,vjabrayilov,2,0.00255,49815,63.49662,78453
7860,vjunior1981,2,0.00255,49817,63.49917,78453
7861,VKZycus,2,0.00255,49819,63.50171,78453
7862,Vlad1mir-D,2,0.00255,49821,63.50426,78453
7863,VladislavBryukhanov,2,0.00255,49823,63.50681,78453
7864,vlushn,2,0.00255,49825,63.50936,78453
7865,vmvazque,2,0.00255,49827,63.51191,78453
7866,vnmnm,2,0.00255,49829,63.51446,78453
7867,vnshanmukh,2,0.00255,49831,63.51701,78453
7868,Volankey,2,0.00255,49833,63.51956,78453
7869,vpapidokha,2,0.00255,49835,63.52211,78453
7870,vporoshok,2,0.00255,49837,63.52466,78453
7871,vrajannagari,2,0.00255,49839,63.52721,78453
7872,vrangana,2,0.00255,49841,63.52976,78453
7873,vrublevskyyy,2,0.00255,49843,63.53231,78453
7874,vsaikrish,2,0.00255,49845,63.53486,78453
7875,vseryakov,2,0.00255,49847,63.53740,78453
7876,vsynesael-unity,2,0.00255,49849,63.53995,78453
7877,VtG242,2,0.00255,49851,63.54250,78453
7878,vuldin,2,0.00255,49853,63.54505,78453
7879,Vuonganh1402,2,0.00255,49855,63.54760,78453
7880,v-zhzhou,2,0.00255,49857,63.55015,78453
7881,wadepickett,2,0.00255,49859,63.55270,78453
7882,wadexu007,2,0.00255,49861,63.55525,78453
7883,waidinsamkeit,2,0.00255,49863,63.55780,78453
7884,wailek91,2,0.00255,49865,63.56035,78453
7885,wallsfantasy,2,0.00255,49867,63.56290,78453
7886,wanderxjtu,2,0.00255,49869,63.56545,78453
7887,wangjuan1228,2,0.00255,49871,63.56800,78453
7888,wangli1030,2,0.00255,49873,63.57055,78453
7889,wangliguokaka,2,0.00255,49875,63.57309,78453
7890,wanzirong,2,0.00255,49877,63.57564,78453
7891,warsaw,2,0.00255,49879,63.57819,78453
7892,watjt,2,0.00255,49881,63.58074,78453
7893,waywardmonkeys,2,0.00255,49883,63.58329,78453
7894,wbarnard81,2,0.00255,49885,63.58584,78453
7895,webaddicto,2,0.00255,49887,63.58839,78453
7896,webf5,2,0.00255,49889,63.59094,78453
7897,webfrank,2,0.00255,49891,63.59349,78453
7898,webmagiconline1,2,0.00255,49893,63.59604,78453
7899,weideng1,2,0.00255,49895,63.59859,78453
7900,welcor,2,0.00255,49897,63.60114,78453
7901,wenjieguo,2,0.00255,49899,63.60369,78453
7902,werdck,2,0.00255,49901,63.60624,78453
7903,westford14,2,0.00255,49903,63.60878,78453
7904,westwind-sc,2,0.00255,49905,63.61133,78453
7905,wgchaoer,2,0.00255,49907,63.61388,78453
7906,wgh9626,2,0.00255,49909,63.61643,78453
7907,whoisj,2,0.00255,49911,63.61898,78453
7908,Whoop-Whoop,2,0.00255,49913,63.62153,78453
7909,wiceywkus,2,0.00255,49915,63.62408,78453
7910,wicha,2,0.00255,49917,63.62663,78453
7911,wiegell,2,0.00255,49919,63.62918,78453
7912,wikitops,2,0.00255,49921,63.63173,78453
7913,willhausman,2,0.00255,49923,63.63428,78453
7914,WilliamCoffeyTri,2,0.00255,49925,63.63683,78453
7915,william-diego,2,0.00255,49927,63.63938,78453
7916,williamgcampbell,2,0.00255,49929,63.64193,78453
7917,williamledda,2,0.00255,49931,63.64448,78453
7918,williamMillington,2,0.00255,49933,63.64702,78453
7919,willjr20,2,0.00255,49935,63.64957,78453
7920,wiltonlcsj,2,0.00255,49937,63.65212,78453
7921,winor30,2,0.00255,49939,63.65467,78453
7922,wjohnst3,2,0.00255,49941,63.65722,78453
7923,wkai886,2,0.00255,49943,63.65977,78453
7924,wl4g,2,0.00255,49945,63.66232,78453
7925,wmesard,2,0.00255,49947,63.66487,78453
7926,wmnnd,2,0.00255,49949,63.66742,78453
7927,wnz27,2,0.00255,49951,63.66997,78453
7928,wolf666666,2,0.00255,49953,63.67252,78453
7929,wolfwantbuff,2,0.00255,49955,63.67507,78453
7930,wooden-worm,2,0.00255,49957,63.67762,78453
7931,WorldVirus,2,0.00255,49959,63.68017,78453
7932,wotkddl21,2,0.00255,49961,63.68271,78453
7933,wqh17101,2,0.00255,49963,63.68526,78453
7934,wrsuarez,2,0.00255,49965,63.68781,78453
7935,wswz963852,2,0.00255,49967,63.69036,78453
7936,wuxibin89,2,0.00255,49969,63.69291,78453
7937,wuYin,2,0.00255,49971,63.69546,78453
7938,wwwhaoxu,2,0.00255,49973,63.69801,78453
7939,wxl374,2,0.00255,49975,63.70056,78453
7940,WystanW,2,0.00255,49977,63.70311,78453
7941,xashr,2,0.00255,49979,63.70566,78453
7942,xavierxjj,2,0.00255,49981,63.70821,78453
7943,Xaving,2,0.00255,49983,63.71076,78453
7944,xbestwiz,2,0.00255,49985,63.71331,78453
7945,xbsummer,2,0.00255,49987,63.71586,78453
7946,xenuser,2,0.00255,49989,63.71840,78453
7947,xgcssch,2,0.00255,49991,63.72095,78453
7948,xiangcai1215,2,0.00255,49993,63.72350,78453
7949,xiaobinggan-zmh,2,0.00255,49995,63.72605,78453
7950,xiaojiey,2,0.00255,49997,63.72860,78453
7951,xiewenzhou,2,0.00255,49999,63.73115,78453
7952,Xilosof,2,0.00255,50001,63.73370,78453
7953,XiNiHa,2,0.00255,50003,63.73625,78453
7954,xizizzz,2,0.00255,50005,63.73880,78453
7955,xkd045,2,0.00255,50007,63.74135,78453
7956,xom4ek,2,0.00255,50009,63.74390,78453
7957,Xplouder,2,0.00255,50011,63.74645,78453
7958,xrbear,2,0.00255,50013,63.74900,78453
7959,xrom888,2,0.00255,50015,63.75155,78453
7960,xsmq,2,0.00255,50017,63.75409,78453
7961,xtfer,2,0.00255,50019,63.75664,78453
7962,xtuchyna,2,0.00255,50021,63.75919,78453
7963,xuejiezhang,2,0.00255,50023,63.76174,78453
7964,xuminwlt,2,0.00255,50025,63.76429,78453
7965,xxsong5,2,0.00255,50027,63.76684,78453
7966,xyctruth,2,0.00255,50029,63.76939,78453
7967,Xyene,2,0.00255,50031,63.77194,78453
7968,ya-kimura,2,0.00255,50033,63.77449,78453
7969,yaliqin,2,0.00255,50035,63.77704,78453
7970,YallaPayInc,2,0.00255,50037,63.77959,78453
7971,yang1626,2,0.00255,50039,63.78214,78453
7972,YannayH,2,0.00255,50041,63.78469,78453
7973,yansolov,2,0.00255,50043,63.78724,78453
7974,YantingSong,2,0.00255,50045,63.78978,78453
7975,yaronpri,2,0.00255,50047,63.79233,78453
7976,yashugrankar,2,0.00255,50049,63.79488,78453
7977,yassire,2,0.00255,50051,63.79743,78453
7978,yasuraok,2,0.00255,50053,63.79998,78453
7979,yauhen-vastraknutau-epam,2,0.00255,50055,63.80253,78453
7980,YC-git,2,0.00255,50057,63.80508,78453
7981,Yejing0609,2,0.00255,50059,63.80763,78453
7982,yenhsunli,2,0.00255,50061,63.81018,78453
7983,yevgenyfst,2,0.00255,50063,63.81273,78453
7984,yevon,2,0.00255,50065,63.81528,78453
7985,yfuhai,2,0.00255,50067,63.81783,78453
7986,ygilbaum-nuvo,2,0.00255,50069,63.82038,78453
7987,YidaHu,2,0.00255,50071,63.82293,78453
7988,yields,2,0.00255,50073,63.82548,78453
7989,yimiaoxiehou,2,0.00255,50075,63.82802,78453
7990,yinfuqian,2,0.00255,50077,63.83057,78453
7991,yingqunpku,2,0.00255,50079,63.83312,78453
7992,yingshaoxo,2,0.00255,50081,63.83567,78453
7993,yingyingtang-brex,2,0.00255,50083,63.83822,78453
7994,yinyanlu,2,0.00255,50085,63.84077,78453
7995,Yjq14114,2,0.00255,50087,63.84332,78453
7996,YKJumper,2,0.00255,50089,63.84587,78453
7997,ylmig,2,0.00255,50091,63.84842,78453
7998,yok789456,2,0.00255,50093,63.85097,78453
7999,yoshigev,2,0.00255,50095,63.85352,78453
8000,yo-taiji87,2,0.00255,50097,63.85607,78453
8001,youngjeong46,2,0.00255,50099,63.85862,78453
8002,ypf-bendan,2,0.00255,50101,63.86117,78453
8003,ypl-coffee,2,0.00255,50103,63.86371,78453
8004,ypzhuang,2,0.00255,50105,63.86626,78453
8005,YuanYingdong,2,0.00255,50107,63.86881,78453
8006,yuecelm,2,0.00255,50109,63.87136,78453
8007,yueyuep,2,0.00255,50111,63.87391,78453
8008,YuhanZhang1998,2,0.00255,50113,63.87646,78453
8009,yuhr123,2,0.00255,50115,63.87901,78453
8010,Yui-minh-Lee,2,0.00255,50117,63.88156,78453
8011,yusufscott,2,0.00255,50119,63.88411,78453
8012,yuth,2,0.00255,50121,63.88666,78453
8013,yuvalta,2,0.00255,50123,63.88921,78453
8014,YuxinZhou,2,0.00255,50125,63.89176,78453
8015,yvak90,2,0.00255,50127,63.89431,78453
8016,yx5023693,2,0.00255,50129,63.89686,78453
8017,yysu,2,0.00255,50131,63.89940,78453
8018,Zach593,2,0.00255,50133,63.90195,78453
8019,zahirtezcan-bugs,2,0.00255,50135,63.90450,78453
8020,zakhio,2,0.00255,50137,63.90705,78453
8021,ZA-NVG,2,0.00255,50139,63.90960,78453
8022,zarafree,2,0.00255,50141,63.91215,78453
8023,zarkozivanovic,2,0.00255,50143,63.91470,78453
8024,zawachte-c,2,0.00255,50145,63.91725,78453
8025,zbabac,2,0.00255,50147,63.91980,78453
8026,ZCai319,2,0.00255,50149,63.92235,78453
8027,zchn,2,0.00255,50151,63.92490,78453
8028,zdianjiang,2,0.00255,50153,63.92745,78453
8029,zdimension,2,0.00255,50155,63.93000,78453
8030,ZDWWWWW,2,0.00255,50157,63.93255,78453
8031,Zelayan,2,0.00255,50159,63.93509,78453
8032,zengguofei,2,0.00255,50161,63.93764,78453
8033,ZengIan,2,0.00255,50163,63.94019,78453
8034,zenyui,2,0.00255,50165,63.94274,78453
8035,zer0stars,2,0.00255,50167,63.94529,78453
8036,zeromath,2,0.00255,50169,63.94784,78453
8037,zeshan321,2,0.00255,50171,63.95039,78453
8038,ZexinChen,2,0.00255,50173,63.95294,78453
8039,zfy3000163,2,0.00255,50175,63.95549,78453
8040,zhangxiaoyus,2,0.00255,50177,63.95804,78453
8041,zhannicholas,2,0.00255,50179,63.96059,78453
8042,zhaohuijin,2,0.00255,50181,63.96314,78453
8043,zhaoyuepj,2,0.00255,50183,63.96569,78453
8044,zhenyu-lan,2,0.00255,50185,63.96824,78453
8045,Zhouhao12345,2,0.00255,50187,63.97079,78453
8046,zhrebicek,2,0.00255,50189,63.97333,78453
8047,zhuangzhuangdashen,2,0.00255,50191,63.97588,78453
8048,zicheqingluo,2,0.00255,50193,63.97843,78453
8049,zizifn,2,0.00255,50195,63.98098,78453
8050,zj452008181,2,0.00255,50197,63.98353,78453
8051,zkscpqm,2,0.00255,50199,63.98608,78453
8052,zlweicoder,2,0.00255,50201,63.98863,78453
8053,zm1990s,2,0.00255,50203,63.99118,78453
8054,zolbarna,2,0.00255,50205,63.99373,78453
8055,zoomoid,2,0.00255,50207,63.99628,78453
8056,zoonoo,2,0.00255,50209,63.99883,78453
8057,Zorlin,2,0.00255,50211,64.00138,78453
8058,zoulux,2,0.00255,50213,64.00393,78453
8059,zout,2,0.00255,50215,64.00648,78453
8060,zouyingjie,2,0.00255,50217,64.00902,78453
8061,zouyonghao,2,0.00255,50219,64.01157,78453
8062,zsmav,2,0.00255,50221,64.01412,78453
8063,ztolley,2,0.00255,50223,64.01667,78453
8064,zushaohua,2,0.00255,50225,64.01922,78453
8065,zuston,2,0.00255,50227,64.02177,78453
8066,zx8086,2,0.00255,50229,64.02432,78453
8067,zywillc,2,0.00255,50231,64.02687,78453
8068,zyxfei,2,0.00255,50233,64.02942,78453
8069,zze326,2,0.00255,50235,64.03197,78453
8070,zzf1208,2,0.00255,50237,64.03452,78453
8071,zzhakhin,2,0.00255,50239,64.03707,78453
8072,zzJinux,2,0.00255,50241,64.03962,78453
8073,zzx-c,2,0.00255,50243,64.04217,78453
8074,zzylol,2,0.00255,50245,64.04471,78453
8076,0030gz,1,0.00127,50247,64.04726,78453
8077,007vedant,1,0.00127,50248,64.04854,78453
8078,08thse,1,0.00127,50249,64.04981,78453
8079,0DMoon,1,0.00127,50250,64.05109,78453
8080,0inp,1,0.00127,50251,64.05236,78453
8081,0nebody,1,0.00127,50252,64.05364,78453
8082,0sax,1,0.00127,50253,64.05491,78453
8083,0ur0b0r0s,1,0.00127,50254,64.05619,78453
8084,0-wiz-0,1,0.00127,50255,64.05746,78453
8085,0x0013,1,0.00127,50256,64.05874,78453
8086,0xC0ncord,1,0.00127,50257,64.06001,78453
8087,0xD3,1,0.00127,50258,64.06129,78453
8088,0xdevelopment,1,0.00127,50259,64.06256,78453
8089,0xdreadnaught,1,0.00127,50260,64.06383,78453
8090,0xpr03,1,0.00127,50261,64.06511,78453
8091,0xSQL,1,0.00127,50262,64.06638,78453
8092,0xStarcat,1,0.00127,50263,64.06766,78453
8093,1055373165,1,0.00127,50264,64.06893,78453
8094,1092772959,1,0.00127,50265,64.07021,78453
8095,11qu1d,1,0.00127,50266,64.07148,78453
8096,121jfc,1,0.00127,50267,64.07276,78453
8097,1234,1,0.00127,50268,64.07403,78453
8098,1287589303,1,0.00127,50269,64.07531,78453
8099,1301536601,1,0.00127,50270,64.07658,78453
8100,13473598580,1,0.00127,50271,64.07786,78453
8101,163a,1,0.00127,50272,64.07913,78453
8102,172prateek,1,0.00127,50273,64.08040,78453
8103,17sushmita,1,0.00127,50274,64.08168,78453
8104,18230338980,1,0.00127,50275,64.08295,78453
8105,1909490139,1,0.00127,50276,64.08423,78453
8106,191220068,1,0.00127,50277,64.08550,78453
8107,191220128,1,0.00127,50278,64.08678,78453
8108,191240013,1,0.00127,50279,64.08805,78453
8109,1iza,1,0.00127,50280,64.08933,78453
8110,21sahilsethi,1,0.00127,50281,64.09060,78453
8111,2298814528,1,0.00127,50282,64.09188,78453
8112,28250164,1,0.00127,50283,64.09315,78453
8113,2948GEN,1,0.00127,50284,64.09443,78453
8114,36roentgen,1,0.00127,50285,64.09570,78453
8115,3clypse,1,0.00127,50286,64.09698,78453
8116,3ddi,1,0.00127,50287,64.09825,78453
8117,3nprob,1,0.00127,50288,64.09952,78453
8118,3schwartz,1,0.00127,50289,64.10080,78453
8119,431500288,1,0.00127,50290,64.10207,78453
8120,4815162342lost,1,0.00127,50291,64.10335,78453
8121,49D738AE,1,0.00127,50292,64.10462,78453
8122,4fath,1,0.00127,50293,64.10590,78453
8123,4upz-tw,1,0.00127,50294,64.10717,78453
8124,5225225,1,0.00127,50295,64.10845,78453
8125,55octet,1,0.00127,50296,64.10972,78453
8126,594904292,1,0.00127,50297,64.11100,78453
8127,5abeelwr,1,0.00127,50298,64.11227,78453
8128,5cat,1,0.00127,50299,64.11355,78453
8129,5st7,1,0.00127,50300,64.11482,78453
8130,63hogan,1,0.00127,50301,64.11609,78453
8131,662,1,0.00127,50302,64.11737,78453
8132,6puCCeH,1,0.00127,50303,64.11864,78453
8133,745719408,1,0.00127,50304,64.11992,78453
8134,78Star,1,0.00127,50305,64.12119,78453
8135,7shivam,1,0.00127,50306,64.12247,78453
8136,826167518,1,0.00127,50307,64.12374,78453
8137,844067874,1,0.00127,50308,64.12502,78453
8138,88plug,1,0.00127,50309,64.12629,78453
8139,8bitreid,1,0.00127,50310,64.12757,78453
8140,914268308,1,0.00127,50311,64.12884,78453
8141,97sriram,1,0.00127,50312,64.13012,78453
8142,988651,1,0.00127,50313,64.13139,78453
8143,991216982,1,0.00127,50314,64.13267,78453
8144,996refuse,1,0.00127,50315,64.13394,78453
8145,999Cupid,1,0.00127,50316,64.13521,78453
8146,9strands,1,0.00127,50317,64.13649,78453
8147,a14m,1,0.00127,50318,64.13776,78453
8148,a4z,1,0.00127,50319,64.13904,78453
8149,aaazhixiang,1,0.00127,50320,64.14031,78453
8150,aacecandev,1,0.00127,50321,64.14159,78453
8151,aaguiarz,1,0.00127,50322,64.14286,78453
8152,aairom,1,0.00127,50323,64.14414,78453
8153,aakash-rajur,1,0.00127,50324,64.14541,78453
8154,aakashratkal1,1,0.00127,50325,64.14669,78453
8155,aamarques,1,0.00127,50326,64.14796,78453
8156,aamonten,1,0.00127,50327,64.14924,78453
8157,aantony2,1,0.00127,50328,64.15051,78453
8158,aaronbuchwald,1,0.00127,50329,64.15179,78453
8159,aaronhadoop,1,0.00127,50330,64.15306,78453
8160,aaronike,1,0.00127,50331,64.15433,78453
8161,aaronkao,1,0.00127,50332,64.15561,78453
8162,aaronlelevier,1,0.00127,50333,64.15688,78453
8163,aaronslin,1,0.00127,50334,64.15816,78453
8164,aaronstutzer,1,0.00127,50335,64.15943,78453
8165,AathithRajendran,1,0.00127,50336,64.16071,78453
8166,ab93,1,0.00127,50337,64.16198,78453
8167,abacus3,1,0.00127,50338,64.16326,78453
8168,abarganier,1,0.00127,50339,64.16453,78453
8169,abckristinaa,1,0.00127,50340,64.16581,78453
8170,abdabughazaleh,1,0.00127,50341,64.16708,78453
8171,abdelhalim,1,0.00127,50342,64.16836,78453
8172,AbdelhayBenhatomfirst,1,0.00127,50343,64.16963,78453
8173,abdelkader-brahem,1,0.00127,50344,64.17090,78453
8174,AbdelouahabKhelifati,1,0.00127,50345,64.17218,78453
8175,abdelrady,1,0.00127,50346,64.17345,78453
8176,AbdoDabbas,1,0.00127,50347,64.17473,78453
8177,Abdullah260,1,0.00127,50348,64.17600,78453
8178,Abdullah-AlSawalmeh,1,0.00127,50349,64.17728,78453
8179,abdullahfasih,1,0.00127,50350,64.17855,78453
8180,AbdulRahmanAlHamali,1,0.00127,50351,64.17983,78453
8181,abdurraheemali,1,0.00127,50352,64.18110,78453
8182,abe25masahito,1,0.00127,50353,64.18238,78453
8183,abeMedia,1,0.00127,50354,64.18365,78453
8184,abentley,1,0.00127,50355,64.18493,78453
8185,abfedena,1,0.00127,50356,64.18620,78453
8186,abha-sflscientific,1,0.00127,50357,64.18748,78453
8187,abhay2302,1,0.00127,50358,64.18875,78453
8188,abhchand,1,0.00127,50359,64.19002,78453
8189,AbhijitPatil1992,1,0.00127,50360,64.19130,78453
8190,Abhinav-26,1,0.00127,50361,64.19257,78453
8191,abhinavkshitij,1,0.00127,50362,64.19385,78453
8192,Abhishek-90,1,0.00127,50363,64.19512,78453
8193,abhishekbhutra,1,0.00127,50364,64.19640,78453
8194,abhishekbvs,1,0.00127,50365,64.19767,78453
8195,Abijeet123,1,0.00127,50366,64.19895,78453
8196,AbimbolaE,1,0.00127,50367,64.20022,78453
8197,abimr,1,0.00127,50368,64.20150,78453
8198,abisek9186-baloise,1,0.00127,50369,64.20277,78453
8199,abishek91,1,0.00127,50370,64.20405,78453
8200,AbleHou,1,0.00127,50371,64.20532,78453
8201,abobakrahmed,1,0.00127,50372,64.20660,78453
8202,ABottleofWater7,1,0.00127,50373,64.20787,78453
8203,aBradleyUno,1,0.00127,50374,64.20914,78453
8204,abrausch,1,0.00127,50375,64.21042,78453
8205,abrgr,1,0.00127,50376,64.21169,78453
8206,absalon-blue,1,0.00127,50377,64.21297,78453
8207,abstractpaper,1,0.00127,50378,64.21424,78453
8208,AbsurdlySuspicious,1,0.00127,50379,64.21552,78453
8209,abth,1,0.00127,50380,64.21679,78453
8210,abubakarm94,1,0.00127,50381,64.21807,78453
8211,Abuchtela,1,0.00127,50382,64.21934,78453
8212,abyssmemes,1,0.00127,50383,64.22062,78453
8213,aca-hakan-pinar,1,0.00127,50384,64.22189,78453
8214,acainelli,1,0.00127,50385,64.22317,78453
8215,acalm,1,0.00127,50386,64.22444,78453
8216,acarlson0000,1,0.00127,50387,64.22571,78453
8217,acasian-harness,1,0.00127,50388,64.22699,78453
8218,acceleratxr,1,0.00127,50389,64.22826,78453
8219,acelemore,1,0.00127,50390,64.22954,78453
8220,acelot,1,0.00127,50391,64.23081,78453
8221,achia,1,0.00127,50392,64.23209,78453
8222,achyutm6,1,0.00127,50393,64.23336,78453
8223,aCoder2013,1,0.00127,50394,64.23464,78453
8224,acohenOT,1,0.00127,50395,64.23591,78453
8225,adamberman,1,0.00127,50396,64.23719,78453
8226,adamcathersides,1,0.00127,50397,64.23846,78453
8227,AdamKazimierak,1,0.00127,50398,64.23974,78453
8228,adamlepkowski,1,0.00127,50399,64.24101,78453
8229,adam-long,1,0.00127,50400,64.24229,78453
8230,AdamMAtWork,1,0.00127,50401,64.24356,78453
8231,adammontville,1,0.00127,50402,64.24483,78453
8232,adamrozaqs,1,0.00127,50403,64.24611,78453
8233,adamwojt,1,0.00127,50404,64.24738,78453
8234,adamzero1,1,0.00127,50405,64.24866,78453
8235,AdamZWu,1,0.00127,50406,64.24993,78453
8236,adecchi-2inno,1,0.00127,50407,64.25121,78453
8237,adeebsaied,1,0.00127,50408,64.25248,78453
8238,ADeeeee,1,0.00127,50409,64.25376,78453
8239,Adem-KRIOUANE,1,0.00127,50410,64.25503,78453
8240,adengdai,1,0.00127,50411,64.25631,78453
8241,aderiyenko,1,0.00127,50412,64.25758,78453
8242,adhishmeena,1,0.00127,50413,64.25886,78453
8243,Adi9235,1,0.00127,50414,64.26013,78453
8244,adickinson72,1,0.00127,50415,64.26140,78453
8245,adilhusain-s,1,0.00127,50416,64.26268,78453
8246,aditya4k,1,0.00127,50417,64.26395,78453
8247,aditya5573,1,0.00127,50418,64.26523,78453
8248,aditya7196,1,0.00127,50419,64.26650,78453
8249,adityamcis,1,0.00127,50420,64.26778,78453
8250,Aditya-Narayan-Nayak,1,0.00127,50421,64.26905,78453
8251,adjain131995,1,0.00127,50422,64.27033,78453
8252,adleatherwood,1,0.00127,50423,64.27160,78453
8253,adn1107,1,0.00127,50424,64.27288,78453
8254,AdnanAddy78,1,0.00127,50425,64.27415,78453
8255,adnang,1,0.00127,50426,64.27543,78453
8256,adoss,1,0.00127,50427,64.27670,78453
8257,AdrainHuang,1,0.00127,50428,64.27798,78453
8258,adriancodes,1,0.00127,50429,64.27925,78453
8259,adrianjgeorge,1,0.00127,50430,64.28052,78453
8260,adrianpowell,1,0.00127,50431,64.28180,78453
8261,ADRIEN9631,1,0.00127,50432,64.28307,78453
8262,aduhovnik,1,0.00127,50433,64.28435,78453
8263,Aduuuuuuu,1,0.00127,50434,64.28562,78453
8264,advance512,1,0.00127,50435,64.28690,78453
8265,adynetro,1,0.00127,50436,64.28817,78453
8266,aelbozie,1,0.00127,50437,64.28945,78453
8267,aelicieguo,1,0.00127,50438,64.29072,78453
8268,aelse,1,0.00127,50439,64.29200,78453
8269,aerilxx,1,0.00127,50440,64.29327,78453
8270,aermolaev,1,0.00127,50441,64.29455,78453
8271,aeroith,1,0.00127,50442,64.29582,78453
8272,Aesopd,1,0.00127,50443,64.29710,78453
8273,afernandezrios90,1,0.00127,50444,64.29837,78453
8274,affansyed,1,0.00127,50445,64.29964,78453
8275,afr-dt,1,0.00127,50446,64.30092,78453
8276,Afsoning,1,0.00127,50447,64.30219,78453
8277,agalvan002,1,0.00127,50448,64.30347,78453
8278,agaurav,1,0.00127,50449,64.30474,78453
8279,agentbellnorm,1,0.00127,50450,64.30602,78453
8280,Agin-DropDisco,1,0.00127,50451,64.30729,78453
8281,aglees,1,0.00127,50452,64.30857,78453
8282,agmtx,1,0.00127,50453,64.30984,78453
8283,agorovoy94,1,0.00127,50454,64.31112,78453
8284,agre1981,1,0.00127,50455,64.31239,78453
8285,agrib-01,1,0.00127,50456,64.31367,78453
8286,AgricaSopraSteria,1,0.00127,50457,64.31494,78453
8287,Aguay-val,1,0.00127,50458,64.31621,78453
8288,agusgonzaleznic,1,0.00127,50459,64.31749,78453
8289,agvol,1,0.00127,50460,64.31876,78453
8290,Aharic,1,0.00127,50461,64.32004,78453
8291,aharpster,1,0.00127,50462,64.32131,78453
8292,ahayschi,1,0.00127,50463,64.32259,78453
8293,ahmadhajali80,1,0.00127,50464,64.32386,78453
8294,ahmedihabb2,1,0.00127,50465,64.32514,78453
8295,ahmedkhamessi,1,0.00127,50466,64.32641,78453
8296,ahussey-redhat,1,0.00127,50467,64.32769,78453
8297,ahvahsky2008,1,0.00127,50468,64.32896,78453
8298,ahvandf,1,0.00127,50469,64.33024,78453
8299,Aiixalex,1,0.00127,50470,64.33151,78453
8300,aimichal,1,0.00127,50471,64.33279,78453
8301,AInteriorB,1,0.00127,50472,64.33406,78453
8302,Air111,1,0.00127,50473,64.33533,78453
8303,airmed-dev,1,0.00127,50474,64.33661,78453
8304,aitorarjona,1,0.00127,50475,64.33788,78453
8305,aivong2,1,0.00127,50476,64.33916,78453
8306,ajaibsingh,1,0.00127,50477,64.34043,78453
8307,Ajake,1,0.00127,50478,64.34171,78453
8308,ajaygoudaY,1,0.00127,50479,64.34298,78453
8309,Ajayimpec,1,0.00127,50480,64.34426,78453
8310,Ajay-MS,1,0.00127,50481,64.34553,78453
8311,AjayShekar01,1,0.00127,50482,64.34681,78453
8312,AJC87,1,0.00127,50483,64.34808,78453
8313,ajeebpeter,1,0.00127,50484,64.34936,78453
8314,AjinkyaNakave,1,0.00127,50485,64.35063,78453
8315,ajlennon,1,0.00127,50486,64.35190,78453
8316,ajmal-bash,1,0.00127,50487,64.35318,78453
8317,ajpatterson7,1,0.00127,50488,64.35445,78453
8318,ajp-lsq,1,0.00127,50489,64.35573,78453
8319,ajrpayne,1,0.00127,50490,64.35700,78453
8320,ajsfidelis,1,0.00127,50491,64.35828,78453
8321,ajsimpson1,1,0.00127,50492,64.35955,78453
8322,ajyounge,1,0.00127,50493,64.36083,78453
8323,ak185158,1,0.00127,50494,64.36210,78453
8324,akankshapanse,1,0.00127,50495,64.36338,78453
8325,akarpenko,1,0.00127,50496,64.36465,78453
8326,akashsethiya,1,0.00127,50497,64.36593,78453
8327,AkashSivakumar,1,0.00127,50498,64.36720,78453
8328,a-kataev,1,0.00127,50499,64.36848,78453
8329,akbarnafisaj,1,0.00127,50500,64.36975,78453
8330,akdevops,1,0.00127,50501,64.37102,78453
8331,akhilmukkara,1,0.00127,50502,64.37230,78453
8332,akhon,1,0.00127,50503,64.37357,78453
8333,akolliy1,1,0.00127,50504,64.37485,78453
8334,akondasif,1,0.00127,50505,64.37612,78453
8335,akpsan,1,0.00127,50506,64.37740,78453
8336,akshaal,1,0.00127,50507,64.37867,78453
8337,akshanshshrivastava,1,0.00127,50508,64.37995,78453
8338,akshat-goel,1,0.00127,50509,64.38122,78453
8339,akshay-bharatdwaj,1,0.00127,50510,64.38250,78453
8340,akshaychopra5207,1,0.00127,50511,64.38377,78453
8341,akshaygupta2208,1,0.00127,50512,64.38505,78453
8342,akshayjai1,1,0.00127,50513,64.38632,78453
8343,AkshayPS12,1,0.00127,50514,64.38760,78453
8344,akshitarora921,1,0.00127,50515,64.38887,78453
8345,akshits96,1,0.00127,50516,64.39014,78453
8346,Akshyanshalenka,1,0.00127,50517,64.39142,78453
8347,Akucina,1,0.00127,50518,64.39269,78453
8348,akuroda,1,0.00127,50519,64.39397,78453
8349,Alacrious,1,0.00127,50520,64.39524,78453
8350,aladewberry,1,0.00127,50521,64.39652,78453
8351,alainpannetier,1,0.00127,50522,64.39779,78453
8352,alamachine,1,0.00127,50523,64.39907,78453
8353,alancaldelas,1,0.00127,50524,64.40034,78453
8354,alanfairless,1,0.00127,50525,64.40162,78453
8355,alanivey,1,0.00127,50526,64.40289,78453
8356,alan-marcinkowski,1,0.00127,50527,64.40417,78453
8357,AlanObject,1,0.00127,50528,64.40544,78453
8358,alanreynosov,1,0.00127,50529,64.40671,78453
8359,alarys,1,0.00127,50530,64.40799,78453
8360,albertfrates,1,0.00127,50531,64.40926,78453
8361,AlbertYangXY,1,0.00127,50532,64.41054,78453
8362,alchem0x2A,1,0.00127,50533,64.41181,78453
8363,alcidesmig,1,0.00127,50534,64.41309,78453
8364,Ale0x78ButInBinary,1,0.00127,50535,64.41436,78453
8365,alee-nyt,1,0.00127,50536,64.41564,78453
8366,alejandrogr,1,0.00127,50537,64.41691,78453
8367,alekberovvusal,1,0.00127,50538,64.41819,78453
8368,Alekhya193,1,0.00127,50539,64.41946,78453
8369,aleksatolive,1,0.00127,50540,64.42074,78453
8370,aleksei-budiak,1,0.00127,50541,64.42201,78453
8371,AlekseyMelikov,1,0.00127,50542,64.42329,78453
8372,AlekseyUsov,1,0.00127,50543,64.42456,78453
8373,alenandry,1,0.00127,50544,64.42583,78453
8374,ale-telefonica,1,0.00127,50545,64.42711,78453
8375,alex0z1,1,0.00127,50546,64.42838,78453
8376,Alexander123312,1,0.00127,50547,64.42966,78453
8377,AlexanderSarson,1,0.00127,50548,64.43093,78453
8378,alexandershelega,1,0.00127,50549,64.43221,78453
8379,AlexandreBrown,1,0.00127,50550,64.43348,78453
8380,AlexandreODelisle,1,0.00127,50551,64.43476,78453
8381,alexandresoro,1,0.00127,50552,64.43603,78453
8382,alexandrupopafc,1,0.00127,50553,64.43731,78453
8383,alexburt,1,0.00127,50554,64.43858,78453
8384,alexdohm,1,0.00127,50555,64.43986,78453
8385,alexfeigin,1,0.00127,50556,64.44113,78453
8386,alexgille,1,0.00127,50557,64.44241,78453
8387,AlexGoris-KasparSolutions,1,0.00127,50558,64.44368,78453
8388,alexhu20,1,0.00127,50559,64.44495,78453
8389,alexionescu,1,0.00127,50560,64.44623,78453
8390,alexisgaziello,1,0.00127,50561,64.44750,78453
8391,AlexisTonneau,1,0.00127,50562,64.44878,78453
8392,alexkashintsev-tomtom,1,0.00127,50563,64.45005,78453
8393,alexlai97,1,0.00127,50564,64.45133,78453
8394,alex-leichter,1,0.00127,50565,64.45260,78453
8395,AlexLuya,1,0.00127,50566,64.45388,78453
8396,alexmarshallces,1,0.00127,50567,64.45515,78453
8397,Alexr03,1,0.00127,50568,64.45643,78453
8398,alexrlima81,1,0.00127,50569,64.45770,78453
8399,alexsanderp,1,0.00127,50570,64.45898,78453
8400,alexsapps,1,0.00127,50571,64.46025,78453
8401,alex-startengine,1,0.00127,50572,64.46152,78453
8402,alexstojda,1,0.00127,50573,64.46280,78453
8403,alexsuraykin,1,0.00127,50574,64.46407,78453
8404,alextsakpinis,1,0.00127,50575,64.46535,78453
8405,alexyao2015,1,0.00127,50576,64.46662,78453
8406,alfasapy,1,0.00127,50577,64.46790,78453
8407,alfclement,1,0.00127,50578,64.46917,78453
8408,alff,1,0.00127,50579,64.47045,78453
8409,alfhad,1,0.00127,50580,64.47172,78453
8410,alfinyusriansyah,1,0.00127,50581,64.47300,78453
8411,AlfonsoGonz,1,0.00127,50582,64.47427,78453
8412,alftio,1,0.00127,50583,64.47555,78453
8413,algobardo,1,0.00127,50584,64.47682,78453
8414,algs,1,0.00127,50585,64.47810,78453
8415,ali2210,1,0.00127,50586,64.47937,78453
8416,AliakseiVenski,1,0.00127,50587,64.48064,78453
8417,alicyn,1,0.00127,50588,64.48192,78453
8418,alidehghan,1,0.00127,50589,64.48319,78453
8419,alikinir,1,0.00127,50590,64.48447,78453
8420,alimalek71,1,0.00127,50591,64.48574,78453
8421,alimoosavi,1,0.00127,50592,64.48702,78453
8422,AliNazariii,1,0.00127,50593,64.48829,78453
8423,Alireza-R,1,0.00127,50594,64.48957,78453
8424,alirizaadiyahsi,1,0.00127,50595,64.49084,78453
8425,AlisonOSouza,1,0.00127,50596,64.49212,78453
8426,aliulis,1,0.00127,50597,64.49339,78453
8427,aliyousafzai183,1,0.00127,50598,64.49467,78453
8428,alkasm,1,0.00127,50599,64.49594,78453
8429,alkdese,1,0.00127,50600,64.49721,78453
8430,Allaev1,1,0.00127,50601,64.49849,78453
8431,Allan-xd,1,0.00127,50602,64.49976,78453
8432,alldoami,1,0.00127,50603,64.50104,78453
8433,allen9cs,1,0.00127,50604,64.50231,78453
8434,AllexVeldman,1,0.00127,50605,64.50359,78453
8435,allyn-psyonix,1,0.00127,50606,64.50486,78453
8436,Almenon,1,0.00127,50607,64.50614,78453
8437,almiroshnich,1,0.00127,50608,64.50741,78453
8438,almssp,1,0.00127,50609,64.50869,78453
8439,AlonBenHorin,1,0.00127,50610,64.50996,78453
8440,alonikomax,1,0.00127,50611,64.51124,78453
8441,alon-z,1,0.00127,50612,64.51251,78453
8442,alotkros,1,0.00127,50613,64.51379,78453
8443,al-pa,1,0.00127,50614,64.51506,78453
8444,alpiquero,1,0.00127,50615,64.51633,78453
8445,altsky,1,0.00127,50616,64.51761,78453
8446,aluciade,1,0.00127,50617,64.51888,78453
8447,alumpe,1,0.00127,50618,64.52016,78453
8448,alxgruU,1,0.00127,50619,64.52143,78453
8449,alyti,1,0.00127,50620,64.52271,78453
8450,alzabo,1,0.00127,50621,64.52398,78453
8451,am,1,0.00127,50622,64.52526,78453
8452,amaadilyas,1,0.00127,50623,64.52653,78453
8453,amadeusjposchmann,1,0.00127,50624,64.52781,78453
8454,amahesh98,1,0.00127,50625,64.52908,78453
8455,amahfouz1,1,0.00127,50626,64.53036,78453
8456,aman-deep739,1,0.00127,50627,64.53163,78453
8457,Aman-Godara,1,0.00127,50628,64.53291,78453
8458,amanracker0013,1,0.00127,50629,64.53418,78453
8459,amansingh14,1,0.00127,50630,64.53545,78453
8460,amarandon,1,0.00127,50631,64.53673,78453
8461,amareshgreat,1,0.00127,50632,64.53800,78453
8462,amarkezic,1,0.00127,50633,64.53928,78453
8463,Amartya-Mahato,1,0.00127,50634,64.54055,78453
8464,amber0612,1,0.00127,50635,64.54183,78453
8465,amberboxi,1,0.00127,50636,64.54310,78453
8466,ambrons,1,0.00127,50637,64.54438,78453
8467,amedrz,1,0.00127,50638,64.54565,78453
8468,amilstead,1,0.00127,50639,64.54693,78453
8469,aminayev,1,0.00127,50640,64.54820,78453
8470,AmineAServier,1,0.00127,50641,64.54948,78453
8471,Aminechakr,1,0.00127,50642,64.55075,78453
8472,aminekharrez,1,0.00127,50643,64.55202,78453
8473,amingst,1,0.00127,50644,64.55330,78453
8474,AminSojoudi,1,0.00127,50645,64.55457,78453
8475,amir9339,1,0.00127,50646,64.55585,78453
8476,amiros2018,1,0.00127,50647,64.55712,78453
8477,amirsalaar,1,0.00127,50648,64.55840,78453
8478,AmirValizadehB,1,0.00127,50649,64.55967,78453
8479,amit034,1,0.00127,50650,64.56095,78453
8480,AmitGorain,1,0.00127,50651,64.56222,78453
8481,amitgupta85,1,0.00127,50652,64.56350,78453
8482,amitjainr,1,0.00127,50653,64.56477,78453
8483,amitjoseph,1,0.00127,50654,64.56605,78453
8484,AmitKatyal-Sophos,1,0.00127,50655,64.56732,78453
8485,amitkumar50,1,0.00127,50656,64.56860,78453
8486,AmitSahastra,1,0.00127,50657,64.56987,78453
8487,amitza,1,0.00127,50658,64.57114,78453
8488,amleshk66,1,0.00127,50659,64.57242,78453
8489,a-monteiro,1,0.00127,50660,64.57369,78453
8490,amopportunities,1,0.00127,50661,64.57497,78453
8491,amortensen,1,0.00127,50662,64.57624,78453
8492,Amr-Aly,1,0.00127,50663,64.57752,78453
8493,AmrElsehemy,1,0.00127,50664,64.57879,78453
8494,Amrita42,1,0.00127,50665,64.58007,78453
8495,amritpalnagrame,1,0.00127,50666,64.58134,78453
8496,anandbprem,1,0.00127,50667,64.58262,78453
8497,anand-kulk,1,0.00127,50668,64.58389,78453
8498,anand-zscaler,1,0.00127,50669,64.58517,78453
8499,AnAnonymousFriend,1,0.00127,50670,64.58644,78453
8500,anavarro10,1,0.00127,50671,64.58771,78453
8501,andbaraks,1,0.00127,50672,64.58899,78453
8502,andead,1,0.00127,50673,64.59026,78453
8503,andel7,1,0.00127,50674,64.59154,78453
8504,andershoegh,1,0.00127,50675,64.59281,78453
8505,AndersRunningen,1,0.00127,50676,64.59409,78453
8506,andrea-mucci,1,0.00127,50677,64.59536,78453
8507,andreasschramm,1,0.00127,50678,64.59664,78453
8508,andreizimin,1,0.00127,50679,64.59791,78453
8509,andrejusc,1,0.00127,50680,64.59919,78453
8510,andrelandry,1,0.00127,50681,64.60046,78453
8511,andrelopesmrx,1,0.00127,50682,64.60174,78453
8512,Andreluizfc,1,0.00127,50683,64.60301,78453
8513,andresrsanchez,1,0.00127,50684,64.60429,78453
8514,AndrewAlscher,1,0.00127,50685,64.60556,78453
8515,andrewbrown248,1,0.00127,50686,64.60683,78453
8516,andrewglass3,1,0.00127,50687,64.60811,78453
8517,andrewhibbert,1,0.00127,50688,64.60938,78453
8518,andrew-phi,1,0.00127,50689,64.61066,78453
8519,andrew-unaffiliated,1,0.00127,50690,64.61193,78453
8520,andrey99429,1,0.00127,50691,64.61321,78453
8521,AndreyBar,1,0.00127,50692,64.61448,78453
8522,AndreyMatveyev,1,0.00127,50693,64.61576,78453
8523,AndreySerebrov,1,0.00127,50694,64.61703,78453
8524,andrianti,1,0.00127,50695,64.61831,78453
8525,andrimuhyidin99,1,0.00127,50696,64.61958,78453
8526,andriyor,1,0.00127,50697,64.62086,78453
8527,andruwik777,1,0.00127,50698,64.62213,78453
8528,Andy2003,1,0.00127,50699,64.62341,78453
8529,andybe,1,0.00127,50700,64.62468,78453
8530,andyblog,1,0.00127,50701,64.62595,78453
8531,andycockerill-cpi,1,0.00127,50702,64.62723,78453
8532,andyfurniss4,1,0.00127,50703,64.62850,78453
8533,Andy-Gong,1,0.00127,50704,64.62978,78453
8534,andygr,1,0.00127,50705,64.63105,78453
8535,andyguwc,1,0.00127,50706,64.63233,78453
8536,andyli029,1,0.00127,50707,64.63360,78453
8537,AndyLZY,1,0.00127,50708,64.63488,78453
8538,andypleasants,1,0.00127,50709,64.63615,78453
8539,andy-ruc,1,0.00127,50710,64.63743,78453
8540,andyshieh,1,0.00127,50711,64.63870,78453
8541,aneeshprodapt,1,0.00127,50712,64.63998,78453
8542,anetbnd,1,0.00127,50713,64.64125,78453
8543,anetschka,1,0.00127,50714,64.64252,78453
8544,angadisachin,1,0.00127,50715,64.64380,78453
8545,angelakis,1,0.00127,50716,64.64507,78453
8546,angelhvargas,1,0.00127,50717,64.64635,78453
8547,Angelia64,1,0.00127,50718,64.64762,78453
8548,Angelin01,1,0.00127,50719,64.64890,78453
8549,AngelMsger,1,0.00127,50720,64.65017,78453
8550,anggutie-dev,1,0.00127,50721,64.65145,78453
8551,angrieralien,1,0.00127,50722,64.65272,78453
8552,angsdey2,1,0.00127,50723,64.65400,78453
8553,anhtranbk,1,0.00127,50724,64.65527,78453
8554,anik12p,1,0.00127,50725,64.65655,78453
8555,Aniket211,1,0.00127,50726,64.65782,78453
8556,anilnabin25,1,0.00127,50727,64.65910,78453
8557,aniltrimbake,1,0.00127,50728,64.66037,78453
8558,animatedcreativity,1,0.00127,50729,64.66164,78453
8559,anisorigin,1,0.00127,50730,64.66292,78453
8560,anithashok1910,1,0.00127,50731,64.66419,78453
8561,anj-kr,1,0.00127,50732,64.66547,78453
8562,ankit6193,1,0.00127,50733,64.66674,78453
8563,ankitjain1510,1,0.00127,50734,64.66802,78453
8564,ankit-rsystem,1,0.00127,50735,64.66929,78453
8565,ankursethi27,1,0.00127,50736,64.67057,78453
8566,anmalkov,1,0.00127,50737,64.67184,78453
8567,anmk84,1,0.00127,50738,64.67312,78453
8568,Anmol92verma,1,0.00127,50739,64.67439,78453
8569,annagalingam,1,0.00127,50740,64.67567,78453
8570,annaken,1,0.00127,50741,64.67694,78453
8571,anoopmash,1,0.00127,50742,64.67821,78453
8572,anoworl,1,0.00127,50743,64.67949,78453
8573,Antanukas,1,0.00127,50744,64.68076,78453
8574,antariksh17,1,0.00127,50745,64.68204,78453
8575,anteAdamovic,1,0.00127,50746,64.68331,78453
8576,AnthonyKeydel,1,0.00127,50747,64.68459,78453
8577,Anthony-Smith-Github,1,0.00127,50748,64.68586,78453
8578,AnthonyZby,1,0.00127,50749,64.68714,78453
8579,antigenius0910,1,0.00127,50750,64.68841,78453
8580,antobaldu,1,0.00127,50751,64.68969,78453
8581,antoinebourayne,1,0.00127,50752,64.69096,78453
8582,antoine-debounam-collibra,1,0.00127,50753,64.69224,78453
8583,antoinetielbeke,1,0.00127,50754,64.69351,78453
8584,anton-fr,1,0.00127,50755,64.69479,78453
8585,anubhav6663,1,0.00127,50756,64.69606,78453
8586,anuj0701,1,0.00127,50757,64.69733,78453
8587,Anujakumari,1,0.00127,50758,64.69861,78453
8588,anujap18,1,0.00127,50759,64.69988,78453
8589,anujbansal16,1,0.00127,50760,64.70116,78453
8590,anupbarve,1,0.00127,50761,64.70243,78453
8591,anuraagkonda,1,0.00127,50762,64.70371,78453
8592,anuragk-sportsbet,1,0.00127,50763,64.70498,78453
8593,aojdong,1,0.00127,50764,64.70626,78453
8594,aonoa,1,0.00127,50765,64.70753,78453
8595,apatapniou,1,0.00127,50766,64.70881,78453
8596,apetrosius,1,0.00127,50767,64.71008,78453
8597,apettis9999,1,0.00127,50768,64.71136,78453
8598,AplusKminus,1,0.00127,50769,64.71263,78453
8599,apmmahesh25,1,0.00127,50770,64.71391,78453
8600,apodoplelov,1,0.00127,50771,64.71518,78453
8601,appdog,1,0.00127,50772,64.71645,78453
8602,appuv,1,0.00127,50773,64.71773,78453
8603,aqucy,1,0.00127,50774,64.71900,78453
8604,ar2pi,1,0.00127,50775,64.72028,78453
8605,aRanhy,1,0.00127,50776,64.72155,78453
8606,arashnorouzi,1,0.00127,50777,64.72283,78453
8607,arasic,1,0.00127,50778,64.72410,78453
8608,Arattian,1,0.00127,50779,64.72538,78453
8609,Aravee,1,0.00127,50780,64.72665,78453
8610,aravind-ssn,1,0.00127,50781,64.72793,78453
8611,arbesulo,1,0.00127,50782,64.72920,78453
8612,arbfay,1,0.00127,50783,64.73048,78453
8613,arc113,1,0.00127,50784,64.73175,78453
8614,arcAman07,1,0.00127,50785,64.73302,78453
8615,archanabs19,1,0.00127,50786,64.73430,78453
8616,Architsharma7,1,0.00127,50787,64.73557,78453
8617,ArchLayperson,1,0.00127,50788,64.73685,78453
8618,areshytko,1,0.00127,50789,64.73812,78453
8619,arielouziel,1,0.00127,50790,64.73940,78453
8620,arierev,1,0.00127,50791,64.74067,78453
8621,arifterzioglu,1,0.00127,50792,64.74195,78453
8622,ArimaKouseiYL,1,0.00127,50793,64.74322,78453
8623,Ariseaz,1,0.00127,50794,64.74450,78453
8624,aristaMircea,1,0.00127,50795,64.74577,78453
8625,Aritifical-faker,1,0.00127,50796,64.74705,78453
8626,arizanovj,1,0.00127,50797,64.74832,78453
8627,arkdevuk,1,0.00127,50798,64.74960,78453
8628,arman-tur,1,0.00127,50799,64.75087,78453
8629,armisael,1,0.00127,50800,64.75214,78453
8630,arnabchow,1,0.00127,50801,64.75342,78453
8631,arnaldo2792,1,0.00127,50802,64.75469,78453
8632,arnavc1712,1,0.00127,50803,64.75597,78453
8633,arnavdugar-stripe,1,0.00127,50804,64.75724,78453
8634,arno790,1,0.00127,50805,64.75852,78453
8635,arnoldyahad,1,0.00127,50806,64.75979,78453
8636,arogic,1,0.00127,50807,64.76107,78453
8637,arojojoyea,1,0.00127,50808,64.76234,78453
8638,arpit006,1,0.00127,50809,64.76362,78453
8639,arpitbandil,1,0.00127,50810,64.76489,78453
8640,arshabbir,1,0.00127,50811,64.76617,78453
8641,arshad-akra,1,0.00127,50812,64.76744,78453
8642,arslan-raza-143,1,0.00127,50813,64.76872,78453
8643,artem-sedykh,1,0.00127,50814,64.76999,78453
8644,artgur,1,0.00127,50815,64.77126,78453
8645,artherd42,1,0.00127,50816,64.77254,78453
8646,ArthurCieslik,1,0.00127,50817,64.77381,78453
8647,ArthurEnglebert,1,0.00127,50818,64.77509,78453
8648,arthurspa,1,0.00127,50819,64.77636,78453
8649,aruiz14,1,0.00127,50820,64.77764,78453
8650,arumugaguru,1,0.00127,50821,64.77891,78453
8651,arun1587,1,0.00127,50822,64.78019,78453
8652,arunix,1,0.00127,50823,64.78146,78453
8653,arunshivaram,1,0.00127,50824,64.78274,78453
8654,arunvc,1,0.00127,50825,64.78401,78453
8655,arvydasn-tg,1,0.00127,50826,64.78529,78453
8656,as01p,1,0.00127,50827,64.78656,78453
8657,asabaini,1,0.00127,50828,64.78783,78453
8658,asabourin,1,0.00127,50829,64.78911,78453
8659,asafwat,1,0.00127,50830,64.79038,78453
8660,asakiasako,1,0.00127,50831,64.79166,78453
8661,asarenkansah,1,0.00127,50832,64.79293,78453
8662,asaunders57,1,0.00127,50833,64.79421,78453
8663,asauray,1,0.00127,50834,64.79548,78453
8664,asdf93074,1,0.00127,50835,64.79676,78453
8665,asdfgugus,1,0.00127,50836,64.79803,78453
8666,aseev-xx,1,0.00127,50837,64.79931,78453
8667,asenyaev,1,0.00127,50838,64.80058,78453
8668,asettouf,1,0.00127,50839,64.80186,78453
8669,ashish211985,1,0.00127,50840,64.80313,78453
8670,ashisharyaa,1,0.00127,50841,64.80441,78453
8671,ashish-desai-datarobot,1,0.00127,50842,64.80568,78453
8672,ashishkumar02,1,0.00127,50843,64.80695,78453
8673,ashishredcarpet,1,0.00127,50844,64.80823,78453
8674,AshKash,1,0.00127,50845,64.80950,78453
8675,ashleyfrieze,1,0.00127,50846,64.81078,78453
8676,ashleyprimo,1,0.00127,50847,64.81205,78453
8677,ashok243,1,0.00127,50848,64.81333,78453
8678,ashwani547,1,0.00127,50849,64.81460,78453
8679,AshwinRamachandran2002,1,0.00127,50850,64.81588,78453
8680,asia653,1,0.00127,50851,64.81715,78453
8681,asifmuradkhan,1,0.00127,50852,64.81843,78453
8682,asingh016,1,0.00127,50853,64.81970,78453
8683,AsjadLFC,1,0.00127,50854,64.82098,78453
8684,asjg-study,1,0.00127,50855,64.82225,78453
8685,askoufis,1,0.00127,50856,64.82352,78453
8686,askuy,1,0.00127,50857,64.82480,78453
8687,asruc,1,0.00127,50858,64.82607,78453
8688,assafushy,1,0.00127,50859,64.82735,78453
8689,astellingwerf,1,0.00127,50860,64.82862,78453
8690,astropanic,1,0.00127,50861,64.82990,78453
8691,asungur,1,0.00127,50862,64.83117,78453
8692,asviel,1,0.00127,50863,64.83245,78453
8693,asvoboda,1,0.00127,50864,64.83372,78453
8694,aswindevs,1,0.00127,50865,64.83500,78453
8695,atangeman,1,0.00127,50866,64.83627,78453
8696,atbee,1,0.00127,50867,64.83755,78453
8697,atharmohammad,1,0.00127,50868,64.83882,78453
8698,atharvagunjkar,1,0.00127,50869,64.84010,78453
8699,athensofamerica,1,0.00127,50870,64.84137,78453
8700,atilag,1,0.00127,50871,64.84264,78453
8701,atiwari1,1,0.00127,50872,64.84392,78453
8702,AtLeastITry,1,0.00127,50873,64.84519,78453
8703,Atomique,1,0.00127,50874,64.84647,78453
8704,atorr0,1,0.00127,50875,64.84774,78453
8705,attilaolah,1,0.00127,50876,64.84902,78453
8706,AttitudeL,1,0.00127,50877,64.85029,78453
8707,atulgcp,1,0.00127,50878,64.85157,78453
8708,atulGupta2922,1,0.00127,50879,64.85284,78453
8709,auberji,1,0.00127,50880,64.85412,78453
8710,August0830,1,0.00127,50881,64.85539,78453
8711,augustfengd,1,0.00127,50882,64.85667,78453
8712,augustshen,1,0.00127,50883,64.85794,78453
8713,aureliar8,1,0.00127,50884,64.85922,78453
8714,Auroraaa2021,1,0.00127,50885,64.86049,78453
8715,ausmith,1,0.00127,50886,64.86176,78453
8716,austina-lin,1,0.00127,50887,64.86304,78453
8717,austindev4,1,0.00127,50888,64.86431,78453
8718,austinpapp,1,0.00127,50889,64.86559,78453
8719,auvansang,1,0.00127,50890,64.86686,78453
8720,auwaerter,1,0.00127,50891,64.86814,78453
8721,avandras,1,0.00127,50892,64.86941,78453
8722,aveekroy,1,0.00127,50893,64.87069,78453
8723,averni,1,0.00127,50894,64.87196,78453
8724,Avi1235,1,0.00127,50895,64.87324,78453
8725,avijeetpandey,1,0.00127,50896,64.87451,78453
8726,avinashjain7143,1,0.00127,50897,64.87579,78453
8727,avishayafik,1,0.00127,50898,64.87706,78453
8728,aviv-amdocs,1,0.00127,50899,64.87833,78453
8729,a-vivona,1,0.00127,50900,64.87961,78453
8730,avnes,1,0.00127,50901,64.88088,78453
8731,avtion,1,0.00127,50902,64.88216,78453
8732,AvverbioPronome,1,0.00127,50903,64.88343,78453
8733,avyamsh,1,0.00127,50904,64.88471,78453
8734,aweiland,1,0.00127,50905,64.88598,78453
8735,awilkins-frel,1,0.00127,50906,64.88726,78453
8736,awknode,1,0.00127,50907,64.88853,78453
8737,awollman-varonis,1,0.00127,50908,64.88981,78453
8738,awright,1,0.00127,50909,64.89108,78453
8739,awuetz,1,0.00127,50910,64.89236,78453
8740,ax3353,1,0.00127,50911,64.89363,78453
8741,Axel15007256,1,0.00127,50912,64.89491,78453
8742,ayesjm,1,0.00127,50913,64.89618,78453
8743,ayush5588,1,0.00127,50914,64.89745,78453
8744,ayushgoel,1,0.00127,50915,64.89873,78453
8745,ayush-san,1,0.00127,50916,64.90000,78453
8746,az3r0th,1,0.00127,50917,64.90128,78453
8747,azacchino,1,0.00127,50918,64.90255,78453
8748,azahi,1,0.00127,50919,64.90383,78453
8749,azamafzaal,1,0.00127,50920,64.90510,78453
8750,azamora-zsc,1,0.00127,50921,64.90638,78453
8751,azeemshaikh38,1,0.00127,50922,64.90765,78453
8752,azeer-esmail,1,0.00127,50923,64.90893,78453
8753,azharprabudi,1,0.00127,50924,64.91020,78453
8754,azimtursunbekov000,1,0.00127,50925,64.91148,78453
8755,azrng,1,0.00127,50926,64.91275,78453
8756,AzuladoToujours,1,0.00127,50927,64.91402,78453
8757,b1n9s,1,0.00127,50928,64.91530,78453
8758,b2az,1,0.00127,50929,64.91657,78453
8759,B3arp,1,0.00127,50930,64.91785,78453
8760,b3y0ndd34th,1,0.00127,50931,64.91912,78453
8761,B7478,1,0.00127,50932,64.92040,78453
8762,baaaaast,1,0.00127,50933,64.92167,78453
8763,baasumo,1,0.00127,50934,64.92295,78453
8764,babaksit,1,0.00127,50935,64.92422,78453
8765,babubalagani,1,0.00127,50936,64.92550,78453
8766,babueverest,1,0.00127,50937,64.92677,78453
8767,babugeet,1,0.00127,50938,64.92805,78453
8768,bacloud22,1,0.00127,50939,64.92932,78453
8769,badarahmed,1,0.00127,50940,64.93060,78453
8770,badihi,1,0.00127,50941,64.93187,78453
8771,badnetmask,1,0.00127,50942,64.93314,78453
8772,baek9,1,0.00127,50943,64.93442,78453
8773,baer95,1,0.00127,50944,64.93569,78453
8774,bagges,1,0.00127,50945,64.93697,78453
8775,bahagia97,1,0.00127,50946,64.93824,78453
8776,bai030805,1,0.00127,50947,64.93952,78453
8777,bajajamit01,1,0.00127,50948,64.94079,78453
8778,BakaSea,1,0.00127,50949,64.94207,78453
8779,balajivedagiri,1,0.00127,50950,64.94334,78453
8780,balamurali11,1,0.00127,50951,64.94462,78453
8781,balazs92117,1,0.00127,50952,64.94589,78453
8782,balbatross,1,0.00127,50953,64.94717,78453
8783,balla18,1,0.00127,50954,64.94844,78453
8784,balrajkannan,1,0.00127,50955,64.94972,78453
8785,BangHonor,1,0.00127,50956,64.95099,78453
8786,bankbiz,1,0.00127,50957,64.95226,78453
8787,banna2019,1,0.00127,50958,64.95354,78453
8788,banrieen,1,0.00127,50959,64.95481,78453
8789,barry-tormey-imprivata,1,0.00127,50960,64.95609,78453
8790,Bart97,1,0.00127,50961,64.95736,78453
8791,bartekmi,1,0.00127,50962,64.95864,78453
8792,BartoszGiza,1,0.00127,50963,64.95991,78453
8793,BaruchReut,1,0.00127,50964,64.96119,78453
8794,BasBremerTC,1,0.00127,50965,64.96246,78453
8795,bashiru98,1,0.00127,50966,64.96374,78453
8796,BaskiGIT,1,0.00127,50967,64.96501,78453
8797,basvdheijden,1,0.00127,50968,64.96629,78453
8798,BattlefieldTsk,1,0.00127,50969,64.96756,78453
8799,bauerjs1,1,0.00127,50970,64.96883,78453
8800,BayOfBlackFox,1,0.00127,50971,64.97011,78453
8801,BazTheLinuxGuy,1,0.00127,50972,64.97138,78453
8802,bbensen,1,0.00127,50973,64.97266,78453
8803,bbezak,1,0.00127,50974,64.97393,78453
8804,bb-Ricardo,1,0.00127,50975,64.97521,78453
8805,bbuddha,1,0.00127,50976,64.97648,78453
8806,bbzunyi,1,0.00127,50977,64.97776,78453
8807,bcarrier92,1,0.00127,50978,64.97903,78453
8808,BCGoer,1,0.00127,50979,64.98031,78453
8809,bchahn,1,0.00127,50980,64.98158,78453
8810,Bcodms,1,0.00127,50981,64.98286,78453
8811,bcp2021,1,0.00127,50982,64.98413,78453
8812,bcranteverfi,1,0.00127,50983,64.98541,78453
8813,bdattoma,1,0.00127,50984,64.98668,78453
8814,BDavisEagle,1,0.00127,50985,64.98795,78453
8815,BdeHeij,1,0.00127,50986,64.98923,78453
8816,bderrly,1,0.00127,50987,64.99050,78453
8817,bdonfouet,1,0.00127,50988,64.99178,78453
8818,bds-congnguyen,1,0.00127,50989,64.99305,78453
8819,beachwalker,1,0.00127,50990,64.99433,78453
8820,beakersoft,1,0.00127,50991,64.99560,78453
8821,beanieboi,1,0.00127,50992,64.99688,78453
8822,bear110,1,0.00127,50993,64.99815,78453
8823,BeArchiTek,1,0.00127,50994,64.99943,78453
8824,beejei,1,0.00127,50995,65.00070,78453
8825,beenjohn,1,0.00127,50996,65.00198,78453
8826,beerent,1,0.00127,50997,65.00325,78453
8827,beersheba,1,0.00127,50998,65.00453,78453
8828,Begasus,1,0.00127,50999,65.00580,78453
8829,Behnam-Emamian,1,0.00127,51000,65.00707,78453
8830,bejay633,1,0.00127,51001,65.00835,78453
8831,bekamdo,1,0.00127,51002,65.00962,78453
8832,belech,1,0.00127,51003,65.01090,78453
8833,ben790924,1,0.00127,51004,65.01217,78453
8834,BenAgai,1,0.00127,51005,65.01345,78453
8835,bencat-sixense,1,0.00127,51006,65.01472,78453
8836,bencgreenberg,1,0.00127,51007,65.01600,78453
8837,BenChen-PKI,1,0.00127,51008,65.01727,78453
8838,bencouture,1,0.00127,51009,65.01855,78453
8839,bendu,1,0.00127,51010,65.01982,78453
8840,bendu89,1,0.00127,51011,65.02110,78453
8841,bengoldenberg,1,0.00127,51012,65.02237,78453
8842,bengray2,1,0.00127,51013,65.02364,78453
8843,benholtzmansmith,1,0.00127,51014,65.02492,78453
8844,BenHorneIL,1,0.00127,51015,65.02619,78453
8845,benhpoh,1,0.00127,51016,65.02747,78453
8846,BenjaDiaz,1,0.00127,51017,65.02874,78453
8847,benjaminpreiss,1,0.00127,51018,65.03002,78453
8848,benknight,1,0.00127,51019,65.03129,78453
8849,benko,1,0.00127,51020,65.03257,78453
8850,benmcmahon100,1,0.00127,51021,65.03384,78453
8851,bennyboom38,1,0.00127,51022,65.03512,78453
8852,benoitg31,1,0.00127,51023,65.03639,78453
8853,benor1470,1,0.00127,51024,65.03767,78453
8854,benpaodeyu,1,0.00127,51025,65.03894,78453
8855,benzvan,1,0.00127,51026,65.04022,78453
8856,berezinsn,1,0.00127,51027,65.04149,78453
8857,Beridgao,1,0.00127,51028,65.04276,78453
8858,Berkmann18,1,0.00127,51029,65.04404,78453
8859,berlwein,1,0.00127,51030,65.04531,78453
8860,bernardolk,1,0.00127,51031,65.04659,78453
8861,bernoli,1,0.00127,51032,65.04786,78453
8862,Berthelmaster,1,0.00127,51033,65.04914,78453
8863,berthomas,1,0.00127,51034,65.05041,78453
8864,berylshow,1,0.00127,51035,65.05169,78453
8865,bestboylm,1,0.00127,51036,65.05296,78453
8866,beterhans,1,0.00127,51037,65.05424,78453
8867,betonetotbo,1,0.00127,51038,65.05551,78453
8868,bettio,1,0.00127,51039,65.05679,78453
8869,bfad,1,0.00127,51040,65.05806,78453
8870,bfjorovic,1,0.00127,51041,65.05933,78453
8871,bgaber,1,0.00127,51042,65.06061,78453
8872,bgpo,1,0.00127,51043,65.06188,78453
8873,bharadwajn111,1,0.00127,51044,65.06316,78453
8874,bharatazmera,1,0.00127,51045,65.06443,78453
8875,bhargavmg,1,0.00127,51046,65.06571,78453
8876,Bhaskar1312,1,0.00127,51047,65.06698,78453
8877,bhaumikovshek,1,0.00127,51048,65.06826,78453
8878,BhavikaSharma,1,0.00127,51049,65.06953,78453
8879,BhavyaSree,1,0.00127,51050,65.07081,78453
8880,Bhawna1203,1,0.00127,51051,65.07208,78453
8881,bhorev,1,0.00127,51052,65.07336,78453
8882,bhushan-j,1,0.00127,51053,65.07463,78453
8883,bibin-sebastian,1,0.00127,51054,65.07591,78453
8884,bigdatasourav,1,0.00127,51055,65.07718,78453
8885,BigFatDog,1,0.00127,51056,65.07845,78453
8886,bigfudan,1,0.00127,51057,65.07973,78453
8887,bigLucas,1,0.00127,51058,65.08100,78453
8888,Bigstiffy1488,1,0.00127,51059,65.08228,78453
8889,bigtob,1,0.00127,51060,65.08355,78453
8890,bikrambox,1,0.00127,51061,65.08483,78453
8891,BiLaL-159,1,0.00127,51062,65.08610,78453
8892,Bilal-Yahia,1,0.00127,51063,65.08738,78453
8893,billiaz,1,0.00127,51064,65.08865,78453
8894,billwenboli,1,0.00127,51065,65.08993,78453
8895,billzhuang,1,0.00127,51066,65.09120,78453
8896,binarious,1,0.00127,51067,65.09248,78453
8897,binpatel31,1,0.00127,51068,65.09375,78453
8898,biosvs,1,0.00127,51069,65.09503,78453
8899,biot2,1,0.00127,51070,65.09630,78453
8900,biozal,1,0.00127,51071,65.09757,78453
8901,bipashant,1,0.00127,51072,65.09885,78453
8902,biplabMazumdar,1,0.00127,51073,65.10012,78453
8903,birkland,1,0.00127,51074,65.10140,78453
8904,bitoceango,1,0.00127,51075,65.10267,78453
8905,bitsector,1,0.00127,51076,65.10395,78453
8906,bitspittle,1,0.00127,51077,65.10522,78453
8907,bkendzior,1,0.00127,51078,65.10650,78453
8908,bkh4mmm,1,0.00127,51079,65.10777,78453
8909,bkrein-vertex,1,0.00127,51080,65.10905,78453
8910,bkthomps,1,0.00127,51081,65.11032,78453
8911,blabaschin,1,0.00127,51082,65.11160,78453
8912,blachniet,1,0.00127,51083,65.11287,78453
8913,BlackClimber,1,0.00127,51084,65.11414,78453
8914,BlackDark,1,0.00127,51085,65.11542,78453
8915,Blacker1230,1,0.00127,51086,65.11669,78453
8916,BlackLight,1,0.00127,51087,65.11797,78453
8917,blackrose28,1,0.00127,51088,65.11924,78453
8918,BlackWebWolf,1,0.00127,51089,65.12052,78453
8919,blainejohnson17,1,0.00127,51090,65.12179,78453
8920,blcrz,1,0.00127,51091,65.12307,78453
8921,blheatwole,1,0.00127,51092,65.12434,78453
8922,bliss-bug,1,0.00127,51093,65.12562,78453
8923,blockchen-admin,1,0.00127,51094,65.12689,78453
8924,blond-in-blue,1,0.00127,51095,65.12817,78453
8925,blu3r4y,1,0.00127,51096,65.12944,78453
8926,blue0513,1,0.00127,51097,65.13072,78453
8927,bluefishforsale,1,0.00127,51098,65.13199,78453
8928,BlueOrigin,1,0.00127,51099,65.13326,78453
8929,bmcinnovasionstudio,1,0.00127,51100,65.13454,78453
8930,bmedici,1,0.00127,51101,65.13581,78453
8931,Bmg00,1,0.00127,51102,65.13709,78453
8932,bmoeskau,1,0.00127,51103,65.13836,78453
8933,bmurphey,1,0.00127,51104,65.13964,78453
8934,bn222,1,0.00127,51105,65.14091,78453
8935,bn-amgen,1,0.00127,51106,65.14219,78453
8936,BnJam,1,0.00127,51107,65.14346,78453
8937,bnjmnbrmn-work,1,0.00127,51108,65.14474,78453
8938,bntan,1,0.00127,51109,65.14601,78453
8939,bob199x,1,0.00127,51110,65.14729,78453
8940,BobWieberdink,1,0.00127,51111,65.14856,78453
8941,bocian67,1,0.00127,51112,65.14983,78453
8942,bofei222,1,0.00127,51113,65.15111,78453
8943,BogdanAndreiRoman,1,0.00127,51114,65.15238,78453
8944,boguima,1,0.00127,51115,65.15366,78453
8945,Bohdan555,1,0.00127,51116,65.15493,78453
8946,bokan,1,0.00127,51117,65.15621,78453
8947,Boklazhenko,1,0.00127,51118,65.15748,78453
8948,boling-wang,1,0.00127,51119,65.15876,78453
8949,bomu-bomu,1,0.00127,51120,65.16003,78453
8950,boney9,1,0.00127,51121,65.16131,78453
8951,bongwoobak,1,0.00127,51122,65.16258,78453
8952,bonnefoa,1,0.00127,51123,65.16386,78453
8953,BoolOrInt,1,0.00127,51124,65.16513,78453
8954,boostasbjorn,1,0.00127,51125,65.16641,78453
8955,Borghetti2749,1,0.00127,51126,65.16768,78453
8956,borikoss,1,0.00127,51127,65.16895,78453
8957,bork91,1,0.00127,51128,65.17023,78453
8958,borman,1,0.00127,51129,65.17150,78453
8959,bouchardmathieu-qc,1,0.00127,51130,65.17278,78453
8960,boujrida,1,0.00127,51131,65.17405,78453
8961,bound2,1,0.00127,51132,65.17533,78453
8962,bourskov83,1,0.00127,51133,65.17660,78453
8963,bovinemagnet,1,0.00127,51134,65.17788,78453
8964,bowenisdum,1,0.00127,51135,65.17915,78453
8965,boycs007,1,0.00127,51136,65.18043,78453
8966,bpedersen2,1,0.00127,51137,65.18170,78453
8967,bpfoster,1,0.00127,51138,65.18298,78453
8968,bpourian,1,0.00127,51139,65.18425,78453
8969,BQDMDMN,1,0.00127,51140,65.18553,78453
8970,br1anbr1an,1,0.00127,51141,65.18680,78453
8971,bradbeck,1,0.00127,51142,65.18807,78453
8972,BradKnowles,1,0.00127,51143,65.18935,78453
8973,brainthinks,1,0.00127,51144,65.19062,78453
8974,bramnet,1,0.00127,51145,65.19190,78453
8975,Brandnamecarr,1,0.00127,51146,65.19317,78453
8976,BrandonDalton,1,0.00127,51147,65.19445,78453
8977,brandonfang06,1,0.00127,51148,65.19572,78453
8978,brandongodby78,1,0.00127,51149,65.19700,78453
8979,braucktoon,1,0.00127,51150,65.19827,78453
8980,braybaut,1,0.00127,51151,65.19955,78453
8981,breadly7,1,0.00127,51152,65.20082,78453
8982,brendar,1,0.00127,51153,65.20210,78453
8983,brentg-telus,1,0.00127,51154,65.20337,78453
8984,brentmjohnson,1,0.00127,51155,65.20464,78453
8985,brettstewart,1,0.00127,51156,65.20592,78453
8986,brian-at-epic,1,0.00127,51157,65.20719,78453
8987,brianbegy,1,0.00127,51158,65.20847,78453
8988,brianbrazil-seczetta,1,0.00127,51159,65.20974,78453
8989,BrianBreniser,1,0.00127,51160,65.21102,78453
8990,BrianDouglas,1,0.00127,51161,65.21229,78453
8991,brianzhang2101,1,0.00127,51162,65.21357,78453
8992,BrightXiaoHan,1,0.00127,51163,65.21484,78453
8993,Brijesh-09,1,0.00127,51164,65.21612,78453
8994,brijeshsinghNuance,1,0.00127,51165,65.21739,78453
8995,brimzi,1,0.00127,51166,65.21867,78453
8996,brjsp,1,0.00127,51167,65.21994,78453
8997,b-rohit,1,0.00127,51168,65.22122,78453
8998,bru73f0rc3,1,0.00127,51169,65.22249,78453
8999,brun0xff,1,0.00127,51170,65.22376,78453
9000,bruno-andrad,1,0.00127,51171,65.22504,78453
9001,brunomedeirosdedalus,1,0.00127,51172,65.22631,78453
9002,bruno-villa,1,0.00127,51173,65.22759,78453
9003,bruno-yamada,1,0.00127,51174,65.22886,78453
9004,bryanpaluch,1,0.00127,51175,65.23014,78453
9005,bryantbiggs,1,0.00127,51176,65.23141,78453
9006,bsarden,1,0.00127,51177,65.23269,78453
9007,bsauvajon,1,0.00127,51178,65.23396,78453
9008,bsdlme,1,0.00127,51179,65.23524,78453
9009,bshaaban,1,0.00127,51180,65.23651,78453
9010,bshramin,1,0.00127,51181,65.23779,78453
9011,bskrishna60,1,0.00127,51182,65.23906,78453
9012,bspeiser,1,0.00127,51183,65.24033,78453
9013,BT-22,1,0.00127,51184,65.24161,78453
9014,btat,1,0.00127,51185,65.24288,78453
9015,btkostner,1,0.00127,51186,65.24416,78453
9016,bturner,1,0.00127,51187,65.24543,78453
9017,bubu11e,1,0.00127,51188,65.24671,78453
9018,buchuitoudegou,1,0.00127,51189,65.24798,78453
9019,Buddhimah,1,0.00127,51190,65.24926,78453
9020,buding8,1,0.00127,51191,65.25053,78453
9021,buerobuettner,1,0.00127,51192,65.25181,78453
9022,bufo333,1,0.00127,51193,65.25308,78453
9023,Bug-001,1,0.00127,51194,65.25436,78453
9024,bugalwena,1,0.00127,51195,65.25563,78453
9025,bugie,1,0.00127,51196,65.25691,78453
9026,BugMakerPro,1,0.00127,51197,65.25818,78453
9027,bugra-derre,1,0.00127,51198,65.25945,78453
9028,bugslifesolutions,1,0.00127,51199,65.26073,78453
9029,BUHPS2261R,1,0.00127,51200,65.26200,78453
9030,bulbul-ismail,1,0.00127,51201,65.26328,78453
9031,bullwrinkle,1,0.00127,51202,65.26455,78453
9032,buptbubble,1,0.00127,51203,65.26583,78453
9033,burakovsky,1,0.00127,51204,65.26710,78453
9034,Burekasim,1,0.00127,51205,65.26838,78453
9035,burghard-britzke-drv,1,0.00127,51206,65.26965,78453
9036,burkesbi,1,0.00127,51207,65.27093,78453
9037,burke-ta,1,0.00127,51208,65.27220,78453
9038,burnedoutman,1,0.00127,51209,65.27348,78453
9039,burninmedia,1,0.00127,51210,65.27475,78453
9040,bustopsy777,1,0.00127,51211,65.27603,78453
9041,butavicius,1,0.00127,51212,65.27730,78453
9042,butlerx,1,0.00127,51213,65.27857,78453
9043,butson,1,0.00127,51214,65.27985,78453
9044,Buttires1984,1,0.00127,51215,65.28112,78453
9045,buu700,1,0.00127,51216,65.28240,78453
9046,bvarga,1,0.00127,51217,65.28367,78453
9047,b-viguier,1,0.00127,51218,65.28495,78453
9048,BWagenerGenerali,1,0.00127,51219,65.28622,78453
9049,bw-bmbarga,1,0.00127,51220,65.28750,78453
9050,BwL1289,1,0.00127,51221,65.28877,78453
9051,bwmills,1,0.00127,51222,65.29005,78453
9052,BWStearns,1,0.00127,51223,65.29132,78453
9053,bygmakavi,1,0.00127,51224,65.29260,78453
9054,byt3pool,1,0.00127,51225,65.29387,78453
9055,bytebae,1,0.00127,51226,65.29514,78453
9056,byteknacker,1,0.00127,51227,65.29642,78453
9057,bzupnick,1,0.00127,51228,65.29769,78453
9058,c054864,1,0.00127,51229,65.29897,78453
9059,c0depwn,1,0.00127,51230,65.30024,78453
9060,c0llab0rat0r,1,0.00127,51231,65.30152,78453
9061,c2dalark,1,0.00127,51232,65.30279,78453
9062,c4llous,1,0.00127,51233,65.30407,78453
9063,c835722,1,0.00127,51234,65.30534,78453
9064,CAaRrLl,1,0.00127,51235,65.30662,78453
9065,cablunar,1,0.00127,51236,65.30789,78453
9066,cabulafhy,1,0.00127,51237,65.30917,78453
9067,Caesurus,1,0.00127,51238,65.31044,78453
9068,caeugusmao,1,0.00127,51239,65.31172,78453
9069,cafecrema,1,0.00127,51240,65.31299,78453
9070,caishu97,1,0.00127,51241,65.31426,78453
9071,calbot,1,0.00127,51242,65.31554,78453
9072,calderonIrene,1,0.00127,51243,65.31681,78453
9073,calebmchenry,1,0.00127,51244,65.31809,78453
9074,calebxu-hcl,1,0.00127,51245,65.31936,78453
9075,callaertanthony,1,0.00127,51246,65.32064,78453
9076,callmexiaolu88,1,0.00127,51247,65.32191,78453
9077,calmitchell617,1,0.00127,51248,65.32319,78453
9078,Calvin0520,1,0.00127,51249,65.32446,78453
9079,calzoneman,1,0.00127,51250,65.32574,78453
9080,camfairchild,1,0.00127,51251,65.32701,78453
9081,camlee,1,0.00127,51252,65.32829,78453
9082,candoom,1,0.00127,51253,65.32956,78453
9083,canliuxiade2,1,0.00127,51254,65.33084,78453
9084,canove,1,0.00127,51255,65.33211,78453
9085,cantprogram01,1,0.00127,51256,65.33338,78453
9086,caobill,1,0.00127,51257,65.33466,78453
9087,caochong1004,1,0.00127,51258,65.33593,78453
9088,capacitacionfv,1,0.00127,51259,65.33721,78453
9089,capetonian,1,0.00127,51260,65.33848,78453
9090,capitanFlint129,1,0.00127,51261,65.33976,78453
9091,CaptainGopher,1,0.00127,51262,65.34103,78453
9092,cardiff1982,1,0.00127,51263,65.34231,78453
9093,carkrueger,1,0.00127,51264,65.34358,78453
9094,carleeto,1,0.00127,51265,65.34486,78453
9095,Carlimeunier,1,0.00127,51266,65.34613,78453
9096,carlin-q-scott,1,0.00127,51267,65.34741,78453
9097,CarlosMendozaB,1,0.00127,51268,65.34868,78453
9098,carmilea,1,0.00127,51269,65.34995,78453
9099,carolosf,1,0.00127,51270,65.35123,78453
9100,caromeva,1,0.00127,51271,65.35250,78453
9101,carsteneichelberger,1,0.00127,51272,65.35378,78453
9102,carzil,1,0.00127,51273,65.35505,78453
9103,cas--,1,0.00127,51274,65.35633,78453
9104,caseyscarborough,1,0.00127,51275,65.35760,78453
9105,Cassuis,1,0.00127,51276,65.35888,78453
9106,Castaglia,1,0.00127,51277,65.36015,78453
9107,castellanoj,1,0.00127,51278,65.36143,78453
9108,catalinbahrin,1,0.00127,51279,65.36270,78453
9109,catarse-natural,1,0.00127,51280,65.36398,78453
9110,CatfoodHeist,1,0.00127,51281,65.36525,78453
9111,cathei,1,0.00127,51282,65.36653,78453
9112,catnip-se,1,0.00127,51283,65.36780,78453
9113,catric96,1,0.00127,51284,65.36907,78453
9114,cbackstrom80,1,0.00127,51285,65.37035,78453
9115,cbcrouse,1,0.00127,51286,65.37162,78453
9116,cberg-aot,1,0.00127,51287,65.37290,78453
9117,cbirdcn,1,0.00127,51288,65.37417,78453
9118,cbm-gplassard,1,0.00127,51289,65.37545,78453
9119,cbndr,1,0.00127,51290,65.37672,78453
9120,cbonitz,1,0.00127,51291,65.37800,78453
9121,cbovar,1,0.00127,51292,65.37927,78453
9122,cbryant42,1,0.00127,51293,65.38055,78453
9123,cbusch-pivotal,1,0.00127,51294,65.38182,78453
9124,cbyad,1,0.00127,51295,65.38310,78453
9125,cchriso,1,0.00127,51296,65.38437,78453
9126,cciobanu98,1,0.00127,51297,65.38564,78453
9127,CC-Libby,1,0.00127,51298,65.38692,78453
9128,cc-michael-x,1,0.00127,51299,65.38819,78453
9129,ccoulombe,1,0.00127,51300,65.38947,78453
9130,cdanmar,1,0.00127,51301,65.39074,78453
9131,cdayjr,1,0.00127,51302,65.39202,78453
9132,cdeboeser,1,0.00127,51303,65.39329,78453
9133,cdestouni-fmp,1,0.00127,51304,65.39457,78453
9134,CDFN,1,0.00127,51305,65.39584,78453
9135,cdhesse,1,0.00127,51306,65.39712,78453
9136,cdiogo,1,0.00127,51307,65.39839,78453
9137,cdjomga,1,0.00127,51308,65.39967,78453
9138,cdkey22,1,0.00127,51309,65.40094,78453
9139,CDSRV,1,0.00127,51310,65.40222,78453
9140,cdy07341,1,0.00127,51311,65.40349,78453
9141,cedricjacobs,1,0.00127,51312,65.40476,78453
9142,CedricKassen,1,0.00127,51313,65.40604,78453
9143,cedricOL,1,0.00127,51314,65.40731,78453
9144,cegganesh84,1,0.00127,51315,65.40859,78453
9145,cellsbigoO,1,0.00127,51316,65.40986,78453
9146,certino-simonchapman,1,0.00127,51317,65.41114,78453
9147,Cesarla,1,0.00127,51318,65.41241,78453
9148,cfife-btig,1,0.00127,51319,65.41369,78453
9149,cgill27,1,0.00127,51320,65.41496,78453
9150,ch0ngsheng,1,0.00127,51321,65.41624,78453
9151,ch4dwick,1,0.00127,51322,65.41751,78453
9152,Ch4s3r,1,0.00127,51323,65.41879,78453
9153,chad-autry,1,0.00127,51324,65.42006,78453
9154,chadchristenson,1,0.00127,51325,65.42134,78453
9155,chadmarchand,1,0.00127,51326,65.42261,78453
9156,chadmiller,1,0.00127,51327,65.42388,78453
9157,chaehni,1,0.00127,51328,65.42516,78453
9158,ChainsDW,1,0.00127,51329,65.42643,78453
9159,chaizhiwen,1,0.00127,51330,65.42771,78453
9160,chakch,1,0.00127,51331,65.42898,78453
9161,chalko,1,0.00127,51332,65.43026,78453
9162,Challouf,1,0.00127,51333,65.43153,78453
9163,cham-d,1,0.00127,51334,65.43281,78453
9164,chamoda,1,0.00127,51335,65.43408,78453
9165,chanansh,1,0.00127,51336,65.43536,78453
9166,ChanceLi,1,0.00127,51337,65.43663,78453
9167,chandan-prakash,1,0.00127,51338,65.43791,78453
9168,ChandonPierre,1,0.00127,51339,65.43918,78453
9169,ChandraReddy97,1,0.00127,51340,65.44045,78453
9170,chandru9279,1,0.00127,51341,65.44173,78453
9171,chandumlg,1,0.00127,51342,65.44300,78453
9172,changanyyy,1,0.00127,51343,65.44428,78453
9173,chanyshev,1,0.00127,51344,65.44555,78453
9174,chaokw,1,0.00127,51345,65.44683,78453
9175,chaosreload,1,0.00127,51346,65.44810,78453
9176,ChardyT,1,0.00127,51347,65.44938,78453
9177,charithmadhuranga,1,0.00127,51348,65.45065,78453
9178,CharlieDigital,1,0.00127,51349,65.45193,78453
9179,charlielin,1,0.00127,51350,65.45320,78453
9180,charliemoweng,1,0.00127,51351,65.45448,78453
9181,charlietsai,1,0.00127,51352,65.45575,78453
9182,ChaseMor,1,0.00127,51353,65.45703,78453
9183,chatagiri,1,0.00127,51354,65.45830,78453
9184,chatchaisi,1,0.00127,51355,65.45957,78453
9185,chavalikesavanand,1,0.00127,51356,65.46085,78453
9186,Chaz6,1,0.00127,51357,65.46212,78453
9187,cheepsoot,1,0.00127,51358,65.46340,78453
9188,chefchanyu,1,0.00127,51359,65.46467,78453
9189,chen5041,1,0.00127,51360,65.46595,78453
9190,chendjoulevis,1,0.00127,51361,65.46722,78453
9191,chenele,1,0.00127,51362,65.46850,78453
9192,chengjianhua,1,0.00127,51363,65.46977,78453
9193,chengtg520,1,0.00127,51364,65.47105,78453
9194,ChenGuang0123,1,0.00127,51365,65.47232,78453
9195,chenhuaming,1,0.00127,51366,65.47360,78453
9196,chenkanhw,1,0.00127,51367,65.47487,78453
9197,chenqiuhao1997,1,0.00127,51368,65.47614,78453
9198,chenrulongmaster,1,0.00127,51369,65.47742,78453
9199,chenstrace,1,0.00127,51370,65.47869,78453
9200,chenwnicole,1,0.00127,51371,65.47997,78453
9201,chenya-zhang,1,0.00127,51372,65.48124,78453
9202,chenyue233,1,0.00127,51373,65.48252,78453
9203,Cheshirez,1,0.00127,51374,65.48379,78453
9204,chesire0myles,1,0.00127,51375,65.48507,78453
9205,Chetan77-hub,1,0.00127,51376,65.48634,78453
9206,chethan-devopsnow,1,0.00127,51377,65.48762,78453
9207,chetniks,1,0.00127,51378,65.48889,78453
9208,cheuklau,1,0.00127,51379,65.49017,78453
9209,cheynove,1,0.00127,51380,65.49144,78453
9210,chiku11,1,0.00127,51381,65.49272,78453
9211,chilingpan123,1,0.00127,51382,65.49399,78453
9212,chimurai,1,0.00127,51383,65.49526,78453
9213,chin1711,1,0.00127,51384,65.49654,78453
9214,chinatsu,1,0.00127,51385,65.49781,78453
9215,chinkung,1,0.00127,51386,65.49909,78453
9216,Chirag-786,1,0.00127,51387,65.50036,78453
9217,chiragch,1,0.00127,51388,65.50164,78453
9218,chiragramani,1,0.00127,51389,65.50291,78453
9219,chiru1221,1,0.00127,51390,65.50419,78453
9220,ChiscoIris,1,0.00127,51391,65.50546,78453
9221,chiselko6,1,0.00127,51392,65.50674,78453
9222,chiterdidine,1,0.00127,51393,65.50801,78453
9223,Chitransh9468,1,0.00127,51394,65.50929,78453
9224,ChitraRJ,1,0.00127,51395,65.51056,78453
9225,chklauser,1,0.00127,51396,65.51184,78453
9226,chlete,1,0.00127,51397,65.51311,78453
9227,chmr7,1,0.00127,51398,65.51438,78453
9228,CHN-WANGYU,1,0.00127,51399,65.51566,78453
9229,chong1144,1,0.00127,51400,65.51693,78453
9230,chongchaoyu,1,0.00127,51401,65.51821,78453
9231,chongkai,1,0.00127,51402,65.51948,78453
9232,chook,1,0.00127,51403,65.52076,78453
9233,choyri,1,0.00127,51404,65.52203,78453
9234,chris-67,1,0.00127,51405,65.52331,78453
9235,chrisc1122,1,0.00127,51406,65.52458,78453
9236,Chris-Carmichael,1,0.00127,51407,65.52586,78453
9237,chriscarpenter12,1,0.00127,51408,65.52713,78453
9238,ChrisFajardo-TRI,1,0.00127,51409,65.52841,78453
9239,chrishenley,1,0.00127,51410,65.52968,78453
9240,chrishiste,1,0.00127,51411,65.53095,78453
9241,chrisjkeenan,1,0.00127,51412,65.53223,78453
9242,chris-lsn,1,0.00127,51413,65.53350,78453
9243,chrisromano,1,0.00127,51414,65.53478,78453
9244,ChrisSteinbach,1,0.00127,51415,65.53605,78453
9245,ChristianGottinger,1,0.00127,51416,65.53733,78453
9246,christianlang,1,0.00127,51417,65.53860,78453
9247,ChristianOps,1,0.00127,51418,65.53988,78453
9248,christinax32,1,0.00127,51419,65.54115,78453
9249,Christophe73,1,0.00127,51420,65.54243,78453
9250,christopherdbull,1,0.00127,51421,65.54370,78453
9251,ChristopherFry,1,0.00127,51422,65.54498,78453
9252,christophkreutzer,1,0.00127,51423,65.54625,78453
9253,chromosomaly,1,0.00127,51424,65.54753,78453
9254,chrwoizi,1,0.00127,51425,65.54880,78453
9255,chrylis,1,0.00127,51426,65.55007,78453
9256,chuntaojun,1,0.00127,51427,65.55135,78453
9257,Chuxiaof,1,0.00127,51428,65.55262,78453
9258,chuyangliu,1,0.00127,51429,65.55390,78453
9259,chylex,1,0.00127,51430,65.55517,78453
9260,chyzzqo2,1,0.00127,51431,65.55645,78453
9261,CHzhangi,1,0.00127,51432,65.55772,78453
9262,chzhyang,1,0.00127,51433,65.55900,78453
9263,ciacon,1,0.00127,51434,65.56027,78453
9264,cicdteam,1,0.00127,51435,65.56155,78453
9265,Cindyxin228,1,0.00127,51436,65.56282,78453
9266,CindyXin8080,1,0.00127,51437,65.56410,78453
9267,cipribucur,1,0.00127,51438,65.56537,78453
9268,cixtor,1,0.00127,51439,65.56664,78453
9269,CJ-Johnson,1,0.00127,51440,65.56792,78453
9270,CJoder,1,0.00127,51441,65.56919,78453
9271,cjp421,1,0.00127,51442,65.57047,78453
9272,cjvirtucio87,1,0.00127,51443,65.57174,78453
9273,ckarageorgkaneen,1,0.00127,51444,65.57302,78453
9274,ckazimie,1,0.00127,51445,65.57429,78453
9275,ckjoris,1,0.00127,51446,65.57557,78453
9276,ckkz-it,1,0.00127,51447,65.57684,78453
9277,ckoredla,1,0.00127,51448,65.57812,78453
9278,ckuethe,1,0.00127,51449,65.57939,78453
9279,clarkfw,1,0.00127,51450,65.58067,78453
9280,Clasyc,1,0.00127,51451,65.58194,78453
9281,ClaudioConsolmagno,1,0.00127,51452,65.58322,78453
9282,claudiohs-inditex,1,0.00127,51453,65.58449,78453
9283,claudiumocanu,1,0.00127,51454,65.58576,78453
9284,claudiuvintila,1,0.00127,51455,65.58704,78453
9285,claw-real,1,0.00127,51456,65.58831,78453
9286,clear-ryan,1,0.00127,51457,65.58959,78453
9287,clebeaupin,1,0.00127,51458,65.59086,78453
9288,clementblaise,1,0.00127,51459,65.59214,78453
9289,cloudsapiens,1,0.00127,51460,65.59341,78453
9290,cloverheap,1,0.00127,51461,65.59469,78453
9291,clowa,1,0.00127,51462,65.59596,78453
9292,cm891237,1,0.00127,51463,65.59724,78453
9293,cmantsch,1,0.00127,51464,65.59851,78453
9294,cmarasescu,1,0.00127,51465,65.59979,78453
9295,cmartintlh,1,0.00127,51466,65.60106,78453
9296,cmdub,1,0.00127,51467,65.60234,78453
9297,cmengs,1,0.00127,51468,65.60361,78453
9298,cmlino,1,0.00127,51469,65.60488,78453
9299,cmoi936,1,0.00127,51470,65.60616,78453
9300,cmstack,1,0.00127,51471,65.60743,78453
9301,cniackz,1,0.00127,51472,65.60871,78453
9302,CNX-845589-00003-15455,1,0.00127,51473,65.60998,78453
9303,coachafei,1,0.00127,51474,65.61126,78453
9304,cober2019,1,0.00127,51475,65.61253,78453
9305,Cobesz,1,0.00127,51476,65.61381,78453
9306,Cobinja,1,0.00127,51477,65.61508,78453
9307,code-bringer,1,0.00127,51478,65.61636,78453
9308,CodeByEddy,1,0.00127,51479,65.61763,78453
9309,codecraft21,1,0.00127,51480,65.61891,78453
9310,codefalcon95,1,0.00127,51481,65.62018,78453
9311,CodeFarmer86,1,0.00127,51482,65.62145,78453
9312,codekid20,1,0.00127,51483,65.62273,78453
9313,codelang1,1,0.00127,51484,65.62400,78453
9314,codeliuer,1,0.00127,51485,65.62528,78453
9315,codemonstur,1,0.00127,51486,65.62655,78453
9316,code-R,1,0.00127,51487,65.62783,78453
9317,coder-faker,1,0.00127,51488,65.62910,78453
9318,codering,1,0.00127,51489,65.63038,78453
9319,coder-user,1,0.00127,51490,65.63165,78453
9320,CodeSammich,1,0.00127,51491,65.63293,78453
9321,codesInML,1,0.00127,51492,65.63420,78453
9322,codevski,1,0.00127,51493,65.63548,78453
9323,codimiracle,1,0.00127,51494,65.63675,78453
9324,coding-devops,1,0.00127,51495,65.63803,78453
9325,codingknees,1,0.00127,51496,65.63930,78453
9326,codingluke,1,0.00127,51497,65.64057,78453
9327,CodrinE,1,0.00127,51498,65.64185,78453
9328,CodyBuilder-dev,1,0.00127,51499,65.64312,78453
9329,cokepizza,1,0.00127,51500,65.64440,78453
9330,colakong,1,0.00127,51501,65.64567,78453
9331,Coldwings,1,0.00127,51502,65.64695,78453
9332,ColinBradley,1,0.00127,51503,65.64822,78453
9333,collectedview,1,0.00127,51504,65.64950,78453
9334,Collinbrown95,1,0.00127,51505,65.65077,78453
9335,collinhayden,1,0.00127,51506,65.65205,78453
9336,colobas,1,0.00127,51507,65.65332,78453
9337,comcalvi,1,0.00127,51508,65.65460,78453
9338,comeonyo,1,0.00127,51509,65.65587,78453
9339,Commifreak,1,0.00127,51510,65.65715,78453
9340,complib2891,1,0.00127,51511,65.65842,78453
9341,ComputerEscape,1,0.00127,51512,65.65969,78453
9342,comunidadio,1,0.00127,51513,65.66097,78453
9343,configuration-ninja,1,0.00127,51514,65.66224,78453
9344,connorbrinton,1,0.00127,51515,65.66352,78453
9345,connorkuehl,1,0.00127,51516,65.66479,78453
9346,Conspir3D,1,0.00127,51517,65.66607,78453
9347,contactpunit,1,0.00127,51518,65.66734,78453
9348,contactsai123,1,0.00127,51519,65.66862,78453
9349,convexquad,1,0.00127,51520,65.66989,78453
9350,coodoing,1,0.00127,51521,65.67117,78453
9351,cookew,1,0.00127,51522,65.67244,78453
9352,cooldudesam,1,0.00127,51523,65.67372,78453
9353,CoolLiuzw,1,0.00127,51524,65.67499,78453
9354,cooooooder,1,0.00127,51525,65.67626,78453
9355,coover-anovaa,1,0.00127,51526,65.67754,78453
9356,corey-cole,1,0.00127,51527,65.67881,78453
9357,Corey-J,1,0.00127,51528,65.68009,78453
9358,CormacLennon,1,0.00127,51529,65.68136,78453
9359,cory-at-confluent,1,0.00127,51530,65.68264,78453
9360,CosminBriscaru,1,0.00127,51531,65.68391,78453
9361,cosmin-constantin-oprea-db,1,0.00127,51532,65.68519,78453
9362,CourchesneA,1,0.00127,51533,65.68646,78453
9363,coutantal,1,0.00127,51534,65.68774,78453
9364,cowfoodbagman,1,0.00127,51535,65.68901,78453
9365,cpinochet,1,0.00127,51536,65.69029,78453
9366,cplinux,1,0.00127,51537,65.69156,78453
9367,cprak-nydig,1,0.00127,51538,65.69284,78453
9368,cptnnm,1,0.00127,51539,65.69411,78453
9369,cptTomato,1,0.00127,51540,65.69538,78453
9370,cra1gg,1,0.00127,51541,65.69666,78453
9371,crabvk,1,0.00127,51542,65.69793,78453
9372,craized,1,0.00127,51543,65.69921,78453
9373,crankl,1,0.00127,51544,65.70048,78453
9374,crasybest,1,0.00127,51545,65.70176,78453
9375,cray2015,1,0.00127,51546,65.70303,78453
9376,CrazyChief,1,0.00127,51547,65.70431,78453
9377,CreativityH,1,0.00127,51548,65.70558,78453
9378,creekpld,1,0.00127,51549,65.70686,78453
9379,creosonic,1,0.00127,51550,65.70813,78453
9380,crigas1,1,0.00127,51551,65.70941,78453
9381,crisdux,1,0.00127,51552,65.71068,78453
9382,cristianpetrula,1,0.00127,51553,65.71195,78453
9383,cristiansteib,1,0.00127,51554,65.71323,78453
9384,crowean,1,0.00127,51555,65.71450,78453
9385,cr-tech-repo,1,0.00127,51556,65.71578,78453
9386,cruggieri,1,0.00127,51557,65.71705,78453
9387,cryptoki,1,0.00127,51558,65.71833,78453
9388,CryptoNeutron,1,0.00127,51559,65.71960,78453
9389,CryptoRodeo,1,0.00127,51560,65.72088,78453
9390,csaba-g,1,0.00127,51561,65.72215,78453
9391,csabakos,1,0.00127,51562,65.72343,78453
9392,cschmatzler,1,0.00127,51563,65.72470,78453
9393,csdf-ssm,1,0.00127,51564,65.72598,78453
9394,csidiro,1,0.00127,51565,65.72725,78453
9395,csmehta,1,0.00127,51566,65.72853,78453
9396,cstefFlexin,1,0.00127,51567,65.72980,78453
9397,cswelin,1,0.00127,51568,65.73107,78453
9398,ctalau,1,0.00127,51569,65.73235,78453
9399,ct-dh,1,0.00127,51570,65.73362,78453
9400,ctudball,1,0.00127,51571,65.73490,78453
9401,ctyar,1,0.00127,51572,65.73617,78453
9402,cubanp3te,1,0.00127,51573,65.73745,78453
9403,cubinet-code,1,0.00127,51574,65.73872,78453
9404,cuestCloud,1,0.00127,51575,65.74000,78453
9405,cugu,1,0.00127,51576,65.74127,78453
9406,cuianbing,1,0.00127,51577,65.74255,78453
9407,cuiko,1,0.00127,51578,65.74382,78453
9408,cul-bsi,1,0.00127,51579,65.74510,78453
9409,Cuppojoe,1,0.00127,51580,65.74637,78453
9410,curiosport,1,0.00127,51581,65.74765,78453
9411,CuriousVini,1,0.00127,51582,65.74892,78453
9412,curtiscook,1,0.00127,51583,65.75019,78453
9413,cvrlnolan,1,0.00127,51584,65.75147,78453
9414,cwong-openfit,1,0.00127,51585,65.75274,78453
9415,cwood-uk,1,0.00127,51586,65.75402,78453
9416,cwtrex,1,0.00127,51587,65.75529,78453
9417,cxvisa,1,0.00127,51588,65.75657,78453
9418,cy8aer,1,0.00127,51589,65.75784,78453
9419,CyberFlameGO,1,0.00127,51590,65.75912,78453
9420,Cyc1ing1313,1,0.00127,51591,65.76039,78453
9421,cyckax,1,0.00127,51592,65.76167,78453
9422,CzBuCHi,1,0.00127,51593,65.76294,78453
9423,czcibson,1,0.00127,51594,65.76422,78453
9424,czi,1,0.00127,51595,65.76549,78453
9425,CZRZ,1,0.00127,51596,65.76676,78453
9426,czy006,1,0.00127,51597,65.76804,78453
9427,d14mittal,1,0.00127,51598,65.76931,78453
9428,d2k-klin,1,0.00127,51599,65.77059,78453
9429,d33psky,1,0.00127,51600,65.77186,78453
9430,D4rk4,1,0.00127,51601,65.77314,78453
9431,d80tb7,1,0.00127,51602,65.77441,78453
9432,dacioromero,1,0.00127,51603,65.77569,78453
9433,dacloutier,1,0.00127,51604,65.77696,78453
9434,dafzor,1,0.00127,51605,65.77824,78453
9435,daihanhle,1,0.00127,51606,65.77951,78453
9436,daimatz,1,0.00127,51607,65.78079,78453
9437,dajsn,1,0.00127,51608,65.78206,78453
9438,dakshrajgoyal,1,0.00127,51609,65.78334,78453
9439,daleiz,1,0.00127,51610,65.78461,78453
9440,dalkoran,1,0.00127,51611,65.78588,78453
9441,DAlperin,1,0.00127,51612,65.78716,78453
9442,dalvarezquiroga,1,0.00127,51613,65.78843,78453
9443,DamianFekete,1,0.00127,51614,65.78971,78453
9444,damiangene,1,0.00127,51615,65.79098,78453
9445,damian-keska,1,0.00127,51616,65.79226,78453
9446,damian-keska-f,1,0.00127,51617,65.79353,78453
9447,DamonLin1992,1,0.00127,51618,65.79481,78453
9448,damurashov,1,0.00127,51619,65.79608,78453
9449,Dan0x54,1,0.00127,51620,65.79736,78453
9450,DanailPenev,1,0.00127,51621,65.79863,78453
9451,dan-baxter,1,0.00127,51622,65.79991,78453
9452,danblaker,1,0.00127,51623,65.80118,78453
9453,dancmeyers,1,0.00127,51624,65.80245,78453
9454,danelowe,1,0.00127,51625,65.80373,78453
9455,danielarcari,1,0.00127,51626,65.80500,78453
9456,DanielB1990,1,0.00127,51627,65.80628,78453
9457,danielberecz,1,0.00127,51628,65.80755,78453
9458,DanielBruzualRW,1,0.00127,51629,65.80883,78453
9459,danieldavies99,1,0.00127,51630,65.81010,78453
9460,danieldonoghue,1,0.00127,51631,65.81138,78453
9461,danielerota,1,0.00127,51632,65.81265,78453
9462,danielgonzalez3,1,0.00127,51633,65.81393,78453
9463,DanielLund,1,0.00127,51634,65.81520,78453
9464,daniel-munch-cko,1,0.00127,51635,65.81648,78453
9465,danielnazareth89,1,0.00127,51636,65.81775,78453
9466,danielrubin1989,1,0.00127,51637,65.81903,78453
9467,daniel-samet,1,0.00127,51638,65.82030,78453
9468,danieltharp,1,0.00127,51639,65.82157,78453
9469,danieltmartin,1,0.00127,51640,65.82285,78453
9470,danielvrog,1,0.00127,51641,65.82412,78453
9471,danielwangksu,1,0.00127,51642,65.82540,78453
9472,danielwhite,1,0.00127,51643,65.82667,78453
9473,danilo11bruno,1,0.00127,51644,65.82795,78453
9474,danilo-patrucco,1,0.00127,51645,65.82922,78453
9475,danilosilvase,1,0.00127,51646,65.83050,78453
9476,danirisdiandita,1,0.00127,51647,65.83177,78453
9477,Danny200,1,0.00127,51648,65.83305,78453
9478,danny-larsen,1,0.00127,51649,65.83432,78453
9479,dan-redcupit,1,0.00127,51650,65.83560,78453
9480,dansanabria,1,0.00127,51651,65.83687,78453
9481,dantastisk,1,0.00127,51652,65.83815,78453
9482,danvy,1,0.00127,51653,65.83942,78453
9483,danybmx,1,0.00127,51654,65.84069,78453
9484,Danzig207,1,0.00127,51655,65.84197,78453
9485,daotoulangzi,1,0.00127,51656,65.84324,78453
9486,dapdelivery,1,0.00127,51657,65.84452,78453
9487,darashevcstbg,1,0.00127,51658,65.84579,78453
9488,dargenn,1,0.00127,51659,65.84707,78453
9489,darioxtx,1,0.00127,51660,65.84834,78453
9490,DariusX,1,0.00127,51661,65.84962,78453
9491,darkLord19,1,0.00127,51662,65.85089,78453
9492,DarkStar1,1,0.00127,51663,65.85217,78453
9493,DarkWugWug,1,0.00127,51664,65.85344,78453
9494,daro1337,1,0.00127,51665,65.85472,78453
9495,DarrenClevenger,1,0.00127,51666,65.85599,78453
9496,DarrenJiang13,1,0.00127,51667,65.85726,78453
9497,DarthJonathan,1,0.00127,51668,65.85854,78453
9498,darthmolen,1,0.00127,51669,65.85981,78453
9499,daryltucker,1,0.00127,51670,65.86109,78453
9500,DasCapschen,1,0.00127,51671,65.86236,78453
9501,dashohoxha,1,0.00127,51672,65.86364,78453
9502,dasu23,1,0.00127,51673,65.86491,78453
9503,data-henrik,1,0.00127,51674,65.86619,78453
9504,datashaman,1,0.00127,51675,65.86746,78453
9505,datdefboi,1,0.00127,51676,65.86874,78453
9506,daurrutia,1,0.00127,51677,65.87001,78453
9507,dav009,1,0.00127,51678,65.87129,78453
9508,dav9,1,0.00127,51679,65.87256,78453
9509,davclark,1,0.00127,51680,65.87384,78453
9510,davem-git,1,0.00127,51681,65.87511,78453
9511,DaveMullin,1,0.00127,51682,65.87638,78453
9512,daverstam,1,0.00127,51683,65.87766,78453
9513,davetisyan95,1,0.00127,51684,65.87893,78453
9514,david-0101,1,0.00127,51685,65.88021,78453
9515,david22swan,1,0.00127,51686,65.88148,78453
9516,david-bascom-ihm,1,0.00127,51687,65.88276,78453
9517,davidb-e4s,1,0.00127,51688,65.88403,78453
9518,davidbz,1,0.00127,51689,65.88531,78453
9519,daviddone,1,0.00127,51690,65.88658,78453
9520,davidema79,1,0.00127,51691,65.88786,78453
9521,davidgladstone,1,0.00127,51692,65.88913,78453
9522,Davidian1024,1,0.00127,51693,65.89041,78453
9523,davidmarne-wf,1,0.00127,51694,65.89168,78453
9524,davidmr,1,0.00127,51695,65.89296,78453
9525,david-pech-sestraemmy-cz,1,0.00127,51696,65.89423,78453
9526,david-rafay,1,0.00127,51697,65.89550,78453
9527,DavidRBanks,1,0.00127,51698,65.89678,78453
9528,DavidS-cloud,1,0.00127,51699,65.89805,78453
9529,david-uash,1,0.00127,51700,65.89933,78453
9530,daviduash,1,0.00127,51701,65.90060,78453
9531,davinder2385,1,0.00127,51702,65.90188,78453
9532,DaviSoares454,1,0.00127,51703,65.90315,78453
9533,davissclark,1,0.00127,51704,65.90443,78453
9534,dayyeung,1,0.00127,51705,65.90570,78453
9535,dazedavid,1,0.00127,51706,65.90698,78453
9536,Dazfl,1,0.00127,51707,65.90825,78453
9537,dazhiw,1,0.00127,51708,65.90953,78453
9538,dazmc,1,0.00127,51709,65.91080,78453
9539,dazuimao1990,1,0.00127,51710,65.91207,78453
9540,dazzzed,1,0.00127,51711,65.91335,78453
9541,dbaldwin-s1,1,0.00127,51712,65.91462,78453
9542,dbdocker,1,0.00127,51713,65.91590,78453
9543,dbmathis,1,0.00127,51714,65.91717,78453
9544,dbs-gong,1,0.00127,51715,65.91845,78453
9545,dbuchwald,1,0.00127,51716,65.91972,78453
9546,dbxkoro,1,0.00127,51717,65.92100,78453
9547,dcardellino,1,0.00127,51718,65.92227,78453
9548,dchernivetsky,1,0.00127,51719,65.92355,78453
9549,DCkQ6,1,0.00127,51720,65.92482,78453
9550,dclayton-godaddy,1,0.00127,51721,65.92610,78453
9551,dcriado,1,0.00127,51722,65.92737,78453
9552,ddave-440,1,0.00127,51723,65.92865,78453
9553,dddmityaMD,1,0.00127,51724,65.92992,78453
9554,ddewailly,1,0.00127,51725,65.93119,78453
9555,ddops2468,1,0.00127,51726,65.93247,78453
9556,ddpolyakov,1,0.00127,51727,65.93374,78453
9557,DeadLion,1,0.00127,51728,65.93502,78453
9558,deagon,1,0.00127,51729,65.93629,78453
9559,deanlinaras,1,0.00127,51730,65.93757,78453
9560,Death4mAb,1,0.00127,51731,65.93884,78453
9561,deba10106,1,0.00127,51732,65.94012,78453
9562,debasishdhar7,1,0.00127,51733,65.94139,78453
9563,debo,1,0.00127,51734,65.94267,78453
9564,Decade2014,1,0.00127,51735,65.94394,78453
9565,declanlong,1,0.00127,51736,65.94522,78453
9566,dedene,1,0.00127,51737,65.94649,78453
9567,deegupt4,1,0.00127,51738,65.94776,78453
9568,deepakgl,1,0.00127,51739,65.94904,78453
9569,deepakthakur143,1,0.00127,51740,65.95031,78453
9570,Deepanshu26,1,0.00127,51741,65.95159,78453
9571,deepdev1,1,0.00127,51742,65.95286,78453
9572,DeepDiver1975,1,0.00127,51743,65.95414,78453
9573,DeepSpace2,1,0.00127,51744,65.95541,78453
9574,Deer-WarLord,1,0.00127,51745,65.95669,78453
9575,defnqta,1,0.00127,51746,65.95796,78453
9576,deiucanta,1,0.00127,51747,65.95924,78453
9577,delacor,1,0.00127,51748,65.96051,78453
9578,delc006,1,0.00127,51749,65.96179,78453
9579,delgec,1,0.00127,51750,65.96306,78453
9580,deliver-iais,1,0.00127,51751,65.96434,78453
9581,dellekappa,1,0.00127,51752,65.96561,78453
9582,Delovelyeleven,1,0.00127,51753,65.96688,78453
9583,demian711,1,0.00127,51754,65.96816,78453
9584,demonccc,1,0.00127,51755,65.96943,78453
9585,demonfoo,1,0.00127,51756,65.97071,78453
9586,dengshenyu,1,0.00127,51757,65.97198,78453
9587,dengy2016,1,0.00127,51758,65.97326,78453
9588,denis-osipov,1,0.00127,51759,65.97453,78453
9589,DenisScherbakov,1,0.00127,51760,65.97581,78453
9590,denis-vogrincic,1,0.00127,51761,65.97708,78453
9591,denli8,1,0.00127,51762,65.97836,78453
9592,denrenchen,1,0.00127,51763,65.97963,78453
9593,deod,1,0.00127,51764,65.98091,78453
9594,DerFireWal,1,0.00127,51765,65.98218,78453
9595,dergeberl,1,0.00127,51766,65.98346,78453
9596,DeroSavage,1,0.00127,51767,65.98473,78453
9597,dervistalha,1,0.00127,51768,65.98600,78453
9598,deryoman,1,0.00127,51769,65.98728,78453
9599,Deseao,1,0.00127,51770,65.98855,78453
9600,DesireWithin,1,0.00127,51771,65.98983,78453
9601,Destarianon,1,0.00127,51772,65.99110,78453
9602,devansh-dbz,1,0.00127,51773,65.99238,78453
9603,DevDmitryHub,1,0.00127,51774,65.99365,78453
9604,Develbold,1,0.00127,51775,65.99493,78453
9605,developerdesigner18,1,0.00127,51776,65.99620,78453
9606,devendrapal-ag,1,0.00127,51777,65.99748,78453
9607,devendrasinghrawat,1,0.00127,51778,65.99875,78453
9608,Devesh21700Kumar,1,0.00127,51779,66.00003,78453
9609,devfbe,1,0.00127,51780,66.00130,78453
9610,devinmatte,1,0.00127,51781,66.00257,78453
9611,dev-jaegwan,1,0.00127,51782,66.00385,78453
9612,devminded,1,0.00127,51783,66.00512,78453
9613,devmoran,1,0.00127,51784,66.00640,78453
9614,devNaresh,1,0.00127,51785,66.00767,78453
9615,devnewton,1,0.00127,51786,66.00895,78453
9616,devops-in-lab,1,0.00127,51787,66.01022,78453
9617,devopsteam605,1,0.00127,51788,66.01150,78453
9618,devosonder,1,0.00127,51789,66.01277,78453
9619,devozs,1,0.00127,51790,66.01405,78453
9620,dev-slatto,1,0.00127,51791,66.01532,78453
9621,dewolfs,1,0.00127,51792,66.01660,78453
9622,dfisicaro,1,0.00127,51793,66.01787,78453
9623,DGBStarSky,1,0.00127,51794,66.01915,78453
9624,dgherman,1,0.00127,51795,66.02042,78453
9625,dgidwani-tibco,1,0.00127,51796,66.02169,78453
9626,dgocoder,1,0.00127,51797,66.02297,78453
9627,dgonzalo-sgt,1,0.00127,51798,66.02424,78453
9628,dgovindaraju1,1,0.00127,51799,66.02552,78453
9629,dgtrapeze,1,0.00127,51800,66.02679,78453
9630,dgzpg,1,0.00127,51801,66.02807,78453
9631,dhairya105,1,0.00127,51802,66.02934,78453
9632,dhanesh012,1,0.00127,51803,66.03062,78453
9633,dhankani,1,0.00127,51804,66.03189,78453
9634,dh-apporto,1,0.00127,51805,66.03317,78453
9635,DhayOfRedox,1,0.00127,51806,66.03444,78453
9636,dhelfgen,1,0.00127,51807,66.03572,78453
9637,DhemaiedRihab,1,0.00127,51808,66.03699,78453
9638,dheras-lmes,1,0.00127,51809,66.03826,78453
9639,dhermanns,1,0.00127,51810,66.03954,78453
9640,dhinesh-babu-bankbuddy,1,0.00127,51811,66.04081,78453
9641,dhiraj-bansal43,1,0.00127,51812,66.04209,78453
9642,dhlfs,1,0.00127,51813,66.04336,78453
9643,dhlpj,1,0.00127,51814,66.04464,78453
9644,dhuckmann,1,0.00127,51815,66.04591,78453
9645,Diablo2050,1,0.00127,51816,66.04719,78453
9646,dialogue-shreyas,1,0.00127,51817,66.04846,78453
9647,dickescheid,1,0.00127,51818,66.04974,78453
9648,diegoaguilar,1,0.00127,51819,66.05101,78453
9649,DiegoWong,1,0.00127,51820,66.05229,78453
9650,diezguerra,1,0.00127,51821,66.05356,78453
9651,digitalcraig,1,0.00127,51822,66.05484,78453
9652,DIG-TE,1,0.00127,51823,66.05611,78453
9653,digvijaysk19,1,0.00127,51824,66.05738,78453
9654,dileep-alla-by,1,0.00127,51825,66.05866,78453
9655,dileepyavan,1,0.00127,51826,66.05993,78453
9656,dimenon,1,0.00127,51827,66.06121,78453
9657,dimetron,1,0.00127,51828,66.06248,78453
9658,dimi-nk,1,0.00127,51829,66.06376,78453
9659,dimitarshenkov,1,0.00127,51830,66.06503,78453
9660,dimitrijevskiv,1,0.00127,51831,66.06631,78453
9661,Dim-P,1,0.00127,51832,66.06758,78453
9662,Dimylo,1,0.00127,51833,66.06886,78453
9663,dincciftci,1,0.00127,51834,66.07013,78453
9664,dinesh25cs,1,0.00127,51835,66.07141,78453
9665,dingus9,1,0.00127,51836,66.07268,78453
9666,Ding-Yifan-404,1,0.00127,51837,66.07396,78453
9667,dinoboy197,1,0.00127,51838,66.07523,78453
9668,Dionmm,1,0.00127,51839,66.07650,78453
9669,dipakparmar,1,0.00127,51840,66.07778,78453
9670,dipjyotimetia,1,0.00127,51841,66.07905,78453
9671,dipumonharidask,1,0.00127,51842,66.08033,78453
9672,dirajag1,1,0.00127,51843,66.08160,78453
9673,direwolf424,1,0.00127,51844,66.08288,78453
9674,dirkckau,1,0.00127,51845,66.08415,78453
9675,dirtyValera,1,0.00127,51846,66.08543,78453
9676,dispera,1,0.00127,51847,66.08670,78453
9677,ditissgithub,1,0.00127,51848,66.08798,78453
9678,divinesocial,1,0.00127,51849,66.08925,78453
9679,divm-dev,1,0.00127,51850,66.09053,78453
9680,divmid,1,0.00127,51851,66.09180,78453
9681,Divyakhatnar,1,0.00127,51852,66.09307,78453
9682,djangolo,1,0.00127,51853,66.09435,78453
9683,djl197,1,0.00127,51854,66.09562,78453
9684,djl777,1,0.00127,51855,66.09690,78453
9685,djmario-ro,1,0.00127,51856,66.09817,78453
9686,djmnnit10,1,0.00127,51857,66.09945,78453
9687,djru,1,0.00127,51858,66.10072,78453
9688,djtje12,1,0.00127,51859,66.10200,78453
9689,djtuBIG-MaliceX,1,0.00127,51860,66.10327,78453
9690,DJW-00000,1,0.00127,51861,66.10455,78453
9691,djw4,1,0.00127,51862,66.10582,78453
9692,dl13260888260,1,0.00127,51863,66.10710,78453
9693,dlaufer,1,0.00127,51864,66.10837,78453
9694,dlcrista,1,0.00127,51865,66.10965,78453
9695,dmcnmrk,1,0.00127,51866,66.11092,78453
9696,dmoeff,1,0.00127,51867,66.11219,78453
9697,dmsolow,1,0.00127,51868,66.11347,78453
9698,dmunne,1,0.00127,51869,66.11474,78453
9699,dnitschke-splunk,1,0.00127,51870,66.11602,78453
9700,dnmvisser,1,0.00127,51871,66.11729,78453
9701,dnv,1,0.00127,51872,66.11857,78453
9702,do87,1,0.00127,51873,66.11984,78453
9703,dobrevavictoria,1,0.00127,51874,66.12112,78453
9704,docv266,1,0.00127,51875,66.12239,78453
9705,DodgeCamaro,1,0.00127,51876,66.12367,78453
9706,doerflt,1,0.00127,51877,66.12494,78453
9707,doggan,1,0.00127,51878,66.12622,78453
9708,dogslee,1,0.00127,51879,66.12749,78453
9709,doker78,1,0.00127,51880,66.12876,78453
9710,dokmic,1,0.00127,51881,66.13004,78453
9711,dollarpo7,1,0.00127,51882,66.13131,78453
9712,dominbdg,1,0.00127,51883,66.13259,78453
9713,dominikhiebler,1,0.00127,51884,66.13386,78453
9714,dominik-riha,1,0.00127,51885,66.13514,78453
9715,domoran,1,0.00127,51886,66.13641,78453
9716,donaldtang2019,1,0.00127,51887,66.13769,78453
9717,DonatoHorn,1,0.00127,51888,66.13896,78453
9718,donelpedro,1,0.00127,51889,66.14024,78453
9719,dongbaolei,1,0.00127,51890,66.14151,78453
9720,donis88,1,0.00127,51891,66.14279,78453
9721,donistz,1,0.00127,51892,66.14406,78453
9722,donzee529,1,0.00127,51893,66.14534,78453
9723,dooferlad,1,0.00127,51894,66.14661,78453
9724,doortts,1,0.00127,51895,66.14788,78453
9725,doovemax,1,0.00127,51896,66.14916,78453
9726,dorjanshurdhi,1,0.00127,51897,66.15043,78453
9727,dorongold,1,0.00127,51898,66.15171,78453
9728,dotMikeH,1,0.00127,51899,66.15298,78453
9729,dotwest,1,0.00127,51900,66.15426,78453
9730,douglasawh,1,0.00127,51901,66.15553,78453
9731,dougvalenta,1,0.00127,51902,66.15681,78453
9732,dpedersen13,1,0.00127,51903,66.15808,78453
9733,dpertin,1,0.00127,51904,66.15936,78453
9734,dpfeif,1,0.00127,51905,66.16063,78453
9735,dpkemarsys,1,0.00127,51906,66.16191,78453
9736,dpogorzelski,1,0.00127,51907,66.16318,78453
9737,dpt4,1,0.00127,51908,66.16446,78453
9738,dracowf,1,0.00127,51909,66.16573,78453
9739,dradenvandewind,1,0.00127,51910,66.16700,78453
9740,dragon-zhang,1,0.00127,51911,66.16828,78453
9741,dragosdinu,1,0.00127,51912,66.16955,78453
9742,dramasamymsft,1,0.00127,51913,66.17083,78453
9743,drbennett,1,0.00127,51914,66.17210,78453
9744,dr-dime,1,0.00127,51915,66.17338,78453
9745,drduke1,1,0.00127,51916,66.17465,78453
9746,dream700,1,0.00127,51917,66.17593,78453
9747,dreamer,1,0.00127,51918,66.17720,78453
9748,Dreams-Ahlem,1,0.00127,51919,66.17848,78453
9749,drenusha79,1,0.00127,51920,66.17975,78453
9750,dreske,1,0.00127,51921,66.18103,78453
9751,drewmassey,1,0.00127,51922,66.18230,78453
9752,drfrink,1,0.00127,51923,66.18357,78453
9753,driedler,1,0.00127,51924,66.18485,78453
9754,DriveAthelete,1,0.00127,51925,66.18612,78453
9755,dromni,1,0.00127,51926,66.18740,78453
9756,droonee,1,0.00127,51927,66.18867,78453
9757,drop-rahul,1,0.00127,51928,66.18995,78453
9758,dropthemasquerade,1,0.00127,51929,66.19122,78453
9759,DRoystonSmith,1,0.00127,51930,66.19250,78453
9760,druchoo,1,0.00127,51931,66.19377,78453
9761,drunewin,1,0.00127,51932,66.19505,78453
9762,ds01efp1,1,0.00127,51933,66.19632,78453
9763,dsaintilma-flinks,1,0.00127,51934,66.19760,78453
9764,dsharkou,1,0.00127,51935,66.19887,78453
9765,dshipeng,1,0.00127,51936,66.20015,78453
9766,dshiryaev-plesk,1,0.00127,51937,66.20142,78453
9767,dsiguero,1,0.00127,51938,66.20269,78453
9768,dsmlily,1,0.00127,51939,66.20397,78453
9769,dsosale,1,0.00127,51940,66.20524,78453
9770,DS-Serafin,1,0.00127,51941,66.20652,78453
9771,dtodor,1,0.00127,51942,66.20779,78453
9772,dtrivedi-conga,1,0.00127,51943,66.20907,78453
9773,dttrian,1,0.00127,51944,66.21034,78453
9774,duament,1,0.00127,51945,66.21162,78453
9775,dubitor,1,0.00127,51946,66.21289,78453
9776,duck1123,1,0.00127,51947,66.21417,78453
9777,DucretJe,1,0.00127,51948,66.21544,78453
9778,dugalp,1,0.00127,51949,66.21672,78453
9779,durairajasivam,1,0.00127,51950,66.21799,78453
9780,durcon,1,0.00127,51951,66.21927,78453
9781,durgell-bl,1,0.00127,51952,66.22054,78453
9782,dusk125,1,0.00127,51953,66.22181,78453
9783,dustin-bingham,1,0.00127,51954,66.22309,78453
9784,dustin-bo,1,0.00127,51955,66.22436,78453
9785,DustinReagan,1,0.00127,51956,66.22564,78453
9786,duttonw,1,0.00127,51957,66.22691,78453
9787,duynguyende,1,0.00127,51958,66.22819,78453
9788,DVDripXvid,1,0.00127,51959,66.22946,78453
9789,dvdvorle,1,0.00127,51960,66.23074,78453
9790,DVMirchev,1,0.00127,51961,66.23201,78453
9791,dw96998,1,0.00127,51962,66.23329,78453
9792,dwcullop,1,0.00127,51963,66.23456,78453
9793,dwickr,1,0.00127,51964,66.23584,78453
9794,dyhack,1,0.00127,51965,66.23711,78453
9795,dynatrace-peterlang,1,0.00127,51966,66.23838,78453
9796,DZhuribeda,1,0.00127,51967,66.23966,78453
9797,dzitkowskik,1,0.00127,51968,66.24093,78453
9798,Dzoge,1,0.00127,51969,66.24221,78453
9799,e6c31d,1,0.00127,51970,66.24348,78453
9800,ealyn,1,0.00127,51971,66.24476,78453
9801,earlgrey88,1,0.00127,51972,66.24603,78453
9802,easayliu,1,0.00127,51973,66.24731,78453
9803,easternK,1,0.00127,51974,66.24858,78453
9804,eathtespagheti,1,0.00127,51975,66.24986,78453
9805,ebberholmes,1,0.00127,51976,66.25113,78453
9806,eblume,1,0.00127,51977,66.25241,78453
9807,ebraraktas,1,0.00127,51978,66.25368,78453
9808,eclipsewebmaster,1,0.00127,51979,66.25496,78453
9809,ecourreges,1,0.00127,51980,66.25623,78453
9810,EdAndrew,1,0.00127,51981,66.25750,78453
9811,edaouda,1,0.00127,51982,66.25878,78453
9812,ed-at-agari,1,0.00127,51983,66.26005,78453
9813,EddieEldridge,1,0.00127,51984,66.26133,78453
9814,EddieGarcia,1,0.00127,51985,66.26260,78453
9815,eddielishan,1,0.00127,51986,66.26388,78453
9816,eddiepavkovic,1,0.00127,51987,66.26515,78453
9817,eddietisma,1,0.00127,51988,66.26643,78453
9818,EDDYMENS,1,0.00127,51989,66.26770,78453
9819,edeati,1,0.00127,51990,66.26898,78453
9820,Edgarmejiav,1,0.00127,51991,66.27025,78453
9821,ediazmen,1,0.00127,51992,66.27153,78453
9822,edliu-wish,1,0.00127,51993,66.27280,78453
9823,edmangimelli,1,0.00127,51994,66.27407,78453
9824,edsheera,1,0.00127,51995,66.27535,78453
9825,eduardoaw,1,0.00127,51996,66.27662,78453
9826,eduardoj,1,0.00127,51997,66.27790,78453
9827,edvinasv,1,0.00127,51998,66.27917,78453
9828,EdwardCooke,1,0.00127,51999,66.28045,78453
9829,edward-pis-1670,1,0.00127,52000,66.28172,78453
9830,edwardrose946,1,0.00127,52001,66.28300,78453
9831,edwards-n,1,0.00127,52002,66.28427,78453
9832,edwbuck,1,0.00127,52003,66.28555,78453
9833,edw-eqix,1,0.00127,52004,66.28682,78453
9834,EE041B3-UnionInvestment,1,0.00127,52005,66.28810,78453
9835,eechava66,1,0.00127,52006,66.28937,78453
9836,eedjama,1,0.00127,52007,66.29065,78453
9837,ee-github,1,0.00127,52008,66.29192,78453
9838,eegseth,1,0.00127,52009,66.29319,78453
9839,Eerosal,1,0.00127,52010,66.29447,78453
9840,effyyvv,1,0.00127,52011,66.29574,78453
9841,egavard,1,0.00127,52012,66.29702,78453
9842,Egida,1,0.00127,52013,66.29829,78453
9843,egobude,1,0.00127,52014,66.29957,78453
9844,eg-ops,1,0.00127,52015,66.30084,78453
9845,egor43,1,0.00127,52016,66.30212,78453
9846,egzonzeneli,1,0.00127,52017,66.30339,78453
9847,ehabzaki,1,0.00127,52018,66.30467,78453
9848,ehazan,1,0.00127,52019,66.30594,78453
9849,ehcpdeveloper,1,0.00127,52020,66.30722,78453
9850,ehelvacikoylu,1,0.00127,52021,66.30849,78453
9851,EhizDanny,1,0.00127,52022,66.30977,78453
9852,ehjizao,1,0.00127,52023,66.31104,78453
9853,EHP4321,1,0.00127,52024,66.31231,78453
9854,ehtishammubarik,1,0.00127,52025,66.31359,78453
9855,ehudsh,1,0.00127,52026,66.31486,78453
9856,ehudyonasi,1,0.00127,52027,66.31614,78453
9857,ehyland,1,0.00127,52028,66.31741,78453
9858,eikc,1,0.00127,52029,66.31869,78453
9859,e-ivkov,1,0.00127,52030,66.31996,78453
9860,ejensen-mural,1,0.00127,52031,66.32124,78453
9861,ejsa13,1,0.00127,52032,66.32251,78453
9862,ejsealms,1,0.00127,52033,66.32379,78453
9863,ekkizogloy,1,0.00127,52034,66.32506,78453
9864,ekkoful,1,0.00127,52035,66.32634,78453
9865,ekoaripurnomo,1,0.00127,52036,66.32761,78453
9866,elarity,1,0.00127,52037,66.32888,78453
9867,elatov,1,0.00127,52038,66.33016,78453
9868,eledhwen,1,0.00127,52039,66.33143,78453
9869,elias4ty,1,0.00127,52040,66.33271,78453
9870,eliastsironis,1,0.00127,52041,66.33398,78453
9871,eliminyro,1,0.00127,52042,66.33526,78453
9872,eliran89c,1,0.00127,52043,66.33653,78453
9873,elliottsj,1,0.00127,52044,66.33781,78453
9874,elliot-xulei,1,0.00127,52045,66.33908,78453
9875,elmolinnell,1,0.00127,52046,66.34036,78453
9876,elongstreet88,1,0.00127,52047,66.34163,78453
9877,Elsvent,1,0.00127,52048,66.34291,78453
9878,EltonBraz,1,0.00127,52049,66.34418,78453
9879,elulcao,1,0.00127,52050,66.34546,78453
9880,elvince,1,0.00127,52051,66.34673,78453
9881,emacslisp,1,0.00127,52052,66.34800,78453
9882,emalpb,1,0.00127,52053,66.34928,78453
9883,emanuelioan,1,0.00127,52054,66.35055,78453
9884,embesozzi,1,0.00127,52055,66.35183,78453
9885,EmilijaDufresne,1,0.00127,52056,66.35310,78453
9886,emily-ganze,1,0.00127,52057,66.35438,78453
9887,emoritzx,1,0.00127,52058,66.35565,78453
9888,emouawad,1,0.00127,52059,66.35693,78453
9889,empty2fill,1,0.00127,52060,66.35820,78453
9890,emuggie,1,0.00127,52061,66.35948,78453
9891,endersonmaia,1,0.00127,52062,66.36075,78453
9892,endianjoakim,1,0.00127,52063,66.36203,78453
9893,endlesslycurious,1,0.00127,52064,66.36330,78453
9894,endrelovas,1,0.00127,52065,66.36457,78453
9895,energy2522,1,0.00127,52066,66.36585,78453
9896,energygreek,1,0.00127,52067,66.36712,78453
9897,enex,1,0.00127,52068,66.36840,78453
9898,engFelipeMonteiro,1,0.00127,52069,66.36967,78453
9899,Engrave-zz,1,0.00127,52070,66.37095,78453
9900,enifeilio,1,0.00127,52071,66.37222,78453
9901,Enna1,1,0.00127,52072,66.37350,78453
9902,ennru,1,0.00127,52073,66.37477,78453
9903,Enough7,1,0.00127,52074,66.37605,78453
9904,enricop,1,0.00127,52075,66.37732,78453
9905,Enrikerf,1,0.00127,52076,66.37860,78453
9906,enthusiva,1,0.00127,52077,66.37987,78453
9907,entigo-mart-erlenheim,1,0.00127,52078,66.38115,78453
9908,enzo-cappa,1,0.00127,52079,66.38242,78453
9909,eokorieFA,1,0.00127,52080,66.38369,78453
9910,eoneoff,1,0.00127,52081,66.38497,78453
9911,eouw0o83hf,1,0.00127,52082,66.38624,78453
9912,epabst,1,0.00127,52083,66.38752,78453
9913,ephemeralove,1,0.00127,52084,66.38879,78453
9914,epifanov6,1,0.00127,52085,66.39007,78453
9915,epmccormick,1,0.00127,52086,66.39134,78453
9916,epochsupport,1,0.00127,52087,66.39262,78453
9917,epollia,1,0.00127,52088,66.39389,78453
9918,eponymz,1,0.00127,52089,66.39517,78453
9919,epubreader,1,0.00127,52090,66.39644,78453
9920,eqsoft,1,0.00127,52091,66.39772,78453
9921,Eran-BenShahar,1,0.00127,52092,66.39899,78453
9922,eran-medan,1,0.00127,52093,66.40027,78453
9923,Erbureth,1,0.00127,52094,66.40154,78453
9924,erezyfntn,1,0.00127,52095,66.40281,78453
9925,ericfuxealth,1,0.00127,52096,66.40409,78453
9926,erickaby,1,0.00127,52097,66.40536,78453
9927,ErickJ3,1,0.00127,52098,66.40664,78453
9928,ericluoliu,1,0.00127,52099,66.40791,78453
9929,ericmenard,1,0.00127,52100,66.40919,78453
9930,erictraut,1,0.00127,52101,66.41046,78453
9931,eridiumdev,1,0.00127,52102,66.41174,78453
9932,erikanderson,1,0.00127,52103,66.41301,78453
9933,erikaxel,1,0.00127,52104,66.41429,78453
9934,erikmartino,1,0.00127,52105,66.41556,78453
9935,ErikSchierboom,1,0.00127,52106,66.41684,78453
9936,erispoe,1,0.00127,52107,66.41811,78453
9937,er-jagdish,1,0.00127,52108,66.41938,78453
9938,Erlichooo,1,0.00127,52109,66.42066,78453
9939,ermingpei,1,0.00127,52110,66.42193,78453
9940,erms77,1,0.00127,52111,66.42321,78453
9941,ernest97,1,0.00127,52112,66.42448,78453
9942,erno123,1,0.00127,52113,66.42576,78453
9943,ernongxizhu,1,0.00127,52114,66.42703,78453
9944,Erotemic,1,0.00127,52115,66.42831,78453
9945,erszcz,1,0.00127,52116,66.42958,78453
9946,ErwinRebergen,1,0.00127,52117,66.43086,78453
9947,esaumell,1,0.00127,52118,66.43213,78453
9948,esfitsMack,1,0.00127,52119,66.43341,78453
9949,eshandhawan51,1,0.00127,52120,66.43468,78453
9950,eskerda,1,0.00127,52121,66.43596,78453
9951,eslam-adel92,1,0.00127,52122,66.43723,78453
9952,eslap,1,0.00127,52123,66.43850,78453
9953,esolCrusador,1,0.00127,52124,66.43978,78453
9954,esphen,1,0.00127,52125,66.44105,78453
9955,espinm2,1,0.00127,52126,66.44233,78453
9956,e-St,1,0.00127,52127,66.44360,78453
9957,estiller,1,0.00127,52128,66.44488,78453
9958,eternal-dragon,1,0.00127,52129,66.44615,78453
9959,ethanchowell,1,0.00127,52130,66.44743,78453
9960,EthanH-Li,1,0.00127,52131,66.44870,78453
9961,etiescu,1,0.00127,52132,66.44998,78453
9962,etrexel,1,0.00127,52133,66.45125,78453
9963,eugene-f02,1,0.00127,52134,66.45253,78453
9964,EugenePeter,1,0.00127,52135,66.45380,78453
9965,eugenyuk,1,0.00127,52136,66.45508,78453
9966,Eugst,1,0.00127,52137,66.45635,78453
9967,EugZol,1,0.00127,52138,66.45762,78453
9968,ever4Kenny,1,0.00127,52139,66.45890,78453
9969,everops-matt,1,0.00127,52140,66.46017,78453
9970,evescn,1,0.00127,52141,66.46145,78453
9971,evijayan2,1,0.00127,52142,66.46272,78453
9972,evilgenius-jp,1,0.00127,52143,66.46400,78453
9973,evolutics,1,0.00127,52144,66.46527,78453
9974,ewan-chalmers,1,0.00127,52145,66.46655,78453
9975,ewawadr,1,0.00127,52146,66.46782,78453
9976,exabugs,1,0.00127,52147,66.46910,78453
9977,excalq,1,0.00127,52148,66.47037,78453
9978,expbk,1,0.00127,52149,66.47165,78453
9979,Expro,1,0.00127,52150,66.47292,78453
9980,eyearian-oak9,1,0.00127,52151,66.47419,78453
9981,eyouyou,1,0.00127,52152,66.47547,78453
9982,eyulf,1,0.00127,52153,66.47674,78453
9983,EZ4ZZW,1,0.00127,52154,66.47802,78453
9984,ezewena,1,0.00127,52155,66.47929,78453
9985,EzrealK,1,0.00127,52156,66.48057,78453
9986,EzzioMoreira,1,0.00127,52157,66.48184,78453
9987,f1tzpatrick,1,0.00127,52158,66.48312,78453
9988,F34th3R,1,0.00127,52159,66.48439,78453
9989,f9analytics,1,0.00127,52160,66.48567,78453
9990,fabian-braun,1,0.00127,52161,66.48694,78453
9991,fabianopimentel,1,0.00127,52162,66.48822,78453
9992,fabiendupont,1,0.00127,52163,66.48949,78453
9993,fabio-lapolla,1,0.00127,52164,66.49077,78453
9994,fabiovianadotcom,1,0.00127,52165,66.49204,78453
9995,fabioviana-hotmart,1,0.00127,52166,66.49331,78453
9996,fabriziolussana,1,0.00127,52167,66.49459,78453
9997,facundoalarcon,1,0.00127,52168,66.49586,78453
9998,fadesiderio,1,0.00127,52169,66.49714,78453
9999,fadi-artera,1,0.00127,52170,66.49841,78453
10000,fahadkh,1,0.00127,52171,66.49969,78453
10001,fakfa19,1,0.00127,52172,66.50096,78453
10002,falk0069,1,0.00127,52173,66.50224,78453
10003,falkrist,1,0.00127,52174,66.50351,78453
10004,Falseclock,1,0.00127,52175,66.50479,78453
10005,fandradeg,1,0.00127,52176,66.50606,78453
10006,fangj99,1,0.00127,52177,66.50734,78453
10007,fangxingfu,1,0.00127,52178,66.50861,78453
10008,fanjianfeng2014,1,0.00127,52179,66.50988,78453
10009,fanmaoyang,1,0.00127,52180,66.51116,78453
10010,fanxin92,1,0.00127,52181,66.51243,78453
10011,farhanangullia,1,0.00127,52182,66.51371,78453
10012,farhanJR,1,0.00127,52183,66.51498,78453
10013,Fatpa,1,0.00127,52184,66.51626,78453
10014,fatz,1,0.00127,52185,66.51753,78453
10015,fauh45,1,0.00127,52186,66.51881,78453
10016,fawaf,1,0.00127,52187,66.52008,78453
10017,fazilhero,1,0.00127,52188,66.52136,78453
10018,fbacker,1,0.00127,52189,66.52263,78453
10019,fbrodrigorezino,1,0.00127,52190,66.52391,78453
10020,fcamarro,1,0.00127,52191,66.52518,78453
10021,fcharlier,1,0.00127,52192,66.52646,78453
10022,Fcmam5,1,0.00127,52193,66.52773,78453
10023,fcosta-td,1,0.00127,52194,66.52900,78453
10024,fdelucchijr,1,0.00127,52195,66.53028,78453
10025,fdsig,1,0.00127,52196,66.53155,78453
10026,febytanzil,1,0.00127,52197,66.53283,78453
10027,federicopires,1,0.00127,52198,66.53410,78453
10028,federico-sysdig,1,0.00127,52199,66.53538,78453
10029,feher-melos,1,0.00127,52200,66.53665,78453
10030,fei-deng,1,0.00127,52201,66.53793,78453
10031,feiniao886,1,0.00127,52202,66.53920,78453
10032,felderi,1,0.00127,52203,66.54048,78453
10033,felipegutierrez,1,0.00127,52204,66.54175,78453
10034,felipewatanabe-openco,1,0.00127,52205,66.54303,78453
10035,felix28,1,0.00127,52206,66.54430,78453
10036,felixb,1,0.00127,52207,66.54558,78453
10037,felixfarquharson,1,0.00127,52208,66.54685,78453
10038,FelixHarvey,1,0.00127,52209,66.54812,78453
10039,FelixJacobsen,1,0.00127,52210,66.54940,78453
10040,felixtoe,1,0.00127,52211,66.55067,78453
10041,fenfir,1,0.00127,52212,66.55195,78453
10042,fengchenghu,1,0.00127,52213,66.55322,78453
10043,feng-crazy,1,0.00127,52214,66.55450,78453
10044,fengling-aat,1,0.00127,52215,66.55577,78453
10045,fenniedaddy,1,0.00127,52216,66.55705,78453
10046,FerandoGH,1,0.00127,52217,66.55832,78453
10047,ferantoMSFT,1,0.00127,52218,66.55960,78453
10048,ferdinan97,1,0.00127,52219,66.56087,78453
10049,ferdyrurka,1,0.00127,52220,66.56215,78453
10050,ferhatying,1,0.00127,52221,66.56342,78453
10051,ferhatys,1,0.00127,52222,66.56469,78453
10052,FeroVolar,1,0.00127,52223,66.56597,78453
10053,ferpizza,1,0.00127,52224,66.56724,78453
10054,FeryET,1,0.00127,52225,66.56852,78453
10055,fethibilog,1,0.00127,52226,66.56979,78453
10056,ffatghub,1,0.00127,52227,66.57107,78453
10057,FfffatAss,1,0.00127,52228,66.57234,78453
10058,fflores97,1,0.00127,52229,66.57362,78453
10059,FGasper,1,0.00127,52230,66.57489,78453
10060,fharris,1,0.00127,52231,66.57617,78453
10061,fhera,1,0.00127,52232,66.57744,78453
10062,fhptech,1,0.00127,52233,66.57872,78453
10063,fibert,1,0.00127,52234,66.57999,78453
10064,fighter321,1,0.00127,52235,66.58127,78453
10065,filipc,1,0.00127,52236,66.58254,78453
10066,FilipposKaragiannis,1,0.00127,52237,66.58381,78453
10067,Filter94,1,0.00127,52238,66.58509,78453
10068,Fine0830,1,0.00127,52239,66.58636,78453
10069,FinnRG,1,0.00127,52240,66.58764,78453
10070,finnrodus,1,0.00127,52241,66.58891,78453
10071,firdavsich,1,0.00127,52242,66.59019,78453
10072,fireflycons,1,0.00127,52243,66.59146,78453
10073,firemanxbr,1,0.00127,52244,66.59274,78453
10074,firewiththeflames,1,0.00127,52245,66.59401,78453
10075,fish0373,1,0.00127,52246,66.59529,78453
10076,fishANDdog,1,0.00127,52247,66.59656,78453
10077,fishpen0,1,0.00127,52248,66.59784,78453
10078,fjcrabiffosse,1,0.00127,52249,66.59911,78453
10079,flagfunker,1,0.00127,52250,66.60038,78453
10080,flakeman2,1,0.00127,52251,66.60166,78453
10081,flamein,1,0.00127,52252,66.60293,78453
10082,flanger001,1,0.00127,52253,66.60421,78453
10083,FlatterKang,1,0.00127,52254,66.60548,78453
10084,flavono123,1,0.00127,52255,66.60676,78453
10085,fleckert,1,0.00127,52256,66.60803,78453
10086,flerpo,1,0.00127,52257,66.60931,78453
10087,fleshin,1,0.00127,52258,66.61058,78453
10088,floka94,1,0.00127,52259,66.61186,78453
10089,floknip,1,0.00127,52260,66.61313,78453
10090,florath,1,0.00127,52261,66.61441,78453
10091,FlorentFlament,1,0.00127,52262,66.61568,78453
10092,florentinadolf,1,0.00127,52263,66.61696,78453
10093,florimm,1,0.00127,52264,66.61823,78453
10094,flowly,1,0.00127,52265,66.61950,78453
10095,flowscolors,1,0.00127,52266,66.62078,78453
10096,flweber,1,0.00127,52267,66.62205,78453
10097,flypolarbear,1,0.00127,52268,66.62333,78453
10098,fm100,1,0.00127,52269,66.62460,78453
10099,fockboi-lgtm,1,0.00127,52270,66.62588,78453
10100,FofM,1,0.00127,52271,66.62715,78453
10101,fokolo,1,0.00127,52272,66.62843,78453
10102,folex,1,0.00127,52273,66.62970,78453
10103,FonzTech,1,0.00127,52274,66.63098,78453
10104,fooflington,1,0.00127,52275,66.63225,78453
10105,ForeversKing,1,0.00127,52276,66.63353,78453
10106,ForeverSRC,1,0.00127,52277,66.63480,78453
10107,forthgate,1,0.00127,52278,66.63608,78453
10108,forumsheth15,1,0.00127,52279,66.63735,78453
10109,fotstrt,1,0.00127,52280,66.63862,78453
10110,Fournier605,1,0.00127,52281,66.63990,78453
10111,FoxAmes,1,0.00127,52282,66.64117,78453
10112,FozzeY,1,0.00127,52283,66.64245,78453
10113,fr3man1,1,0.00127,52284,66.64372,78453
10114,frakev,1,0.00127,52285,66.64500,78453
10115,FranCao,1,0.00127,52286,66.64627,78453
10116,francescocarzaniga,1,0.00127,52287,66.64755,78453
10117,francisc-neculau,1,0.00127,52288,66.64882,78453
10118,franco-caylent,1,0.00127,52289,66.65010,78453
10119,FrancoisPoinsot,1,0.00127,52290,66.65137,78453
10120,frandelgado,1,0.00127,52291,66.65265,78453
10121,FrankAnk,1,0.00127,52292,66.65392,78453
10122,frankbranham,1,0.00127,52293,66.65519,78453
10123,franksec42,1,0.00127,52294,66.65647,78453
10124,fransf-wtax,1,0.00127,52295,66.65774,78453
10125,frasercchristie,1,0.00127,52296,66.65902,78453
10126,FrauElster,1,0.00127,52297,66.66029,78453
10127,frbor,1,0.00127,52298,66.66157,78453
10128,Freakazoid182,1,0.00127,52299,66.66284,78453
10129,fredrb,1,0.00127,52300,66.66412,78453
10130,fredrikaverpil,1,0.00127,52301,66.66539,78453
10131,freemenakk,1,0.00127,52302,66.66667,78453
10132,fregie,1,0.00127,52303,66.66794,78453
10133,Friz-zy,1,0.00127,52304,66.66922,78453
10134,frostyslav,1,0.00127,52305,66.67049,78453
10135,FryderykFranciszekChopin,1,0.00127,52306,66.67177,78453
10136,fsantoyo01,1,0.00127,52307,66.67304,78453
10137,fsedarkalex,1,0.00127,52308,66.67431,78453
10138,fsilvani92,1,0.00127,52309,66.67559,78453
10139,fsjones,1,0.00127,52310,66.67686,78453
10140,fsrv-xyz,1,0.00127,52311,66.67814,78453
10141,FTwOoO,1,0.00127,52312,66.67941,78453
10142,fudankenshin,1,0.00127,52313,66.68069,78453
10143,fulhaq,1,0.00127,52314,66.68196,78453
10144,fumaluca,1,0.00127,52315,66.68324,78453
10145,fun-sudeep,1,0.00127,52316,66.68451,78453
10146,FuPengCheng1,1,0.00127,52317,66.68579,78453
10147,fvde,1,0.00127,52318,66.68706,78453
10148,fvelaayl,1,0.00127,52319,66.68834,78453
10149,fwdolegp,1,0.00127,52320,66.68961,78453
10150,fxshlein,1,0.00127,52321,66.69088,78453
10151,fyrchik,1,0.00127,52322,66.69216,78453
10152,fy-stripe,1,0.00127,52323,66.69343,78453
10153,g0a019a,1,0.00127,52324,66.69471,78453
10154,g0dil,1,0.00127,52325,66.69598,78453
10155,ga0x1ang,1,0.00127,52326,66.69726,78453
10156,gabguy,1,0.00127,52327,66.69853,78453
10157,gabor-lbl,1,0.00127,52328,66.69981,78453
10158,gaborsinko,1,0.00127,52329,66.70108,78453
10159,gabrielemontano,1,0.00127,52330,66.70236,78453
10160,Gabrielmadrid73,1,0.00127,52331,66.70363,78453
10161,Gabriel-rd2,1,0.00127,52332,66.70491,78453
10162,gabrieltomasrizzo,1,0.00127,52333,66.70618,78453
10163,gabriel-viviani,1,0.00127,52334,66.70746,78453
10164,gadicohen,1,0.00127,52335,66.70873,78453
10165,GaeGreco,1,0.00127,52336,66.71000,78453
10166,gaelgatelement,1,0.00127,52337,66.71128,78453
10167,Gaen,1,0.00127,52338,66.71255,78453
10168,gaffeyQiu,1,0.00127,52339,66.71383,78453
10169,gagbo,1,0.00127,52340,66.71510,78453
10170,gagzm,1,0.00127,52341,66.71638,78453
10171,gaigelama,1,0.00127,52342,66.71765,78453
10172,gaja-hp,1,0.00127,52343,66.71893,78453
10173,gajda-b,1,0.00127,52344,66.72020,78453
10174,Galactic21,1,0.00127,52345,66.72148,78453
10175,gallomas,1,0.00127,52346,66.72275,78453
10176,Gambero81,1,0.00127,52347,66.72403,78453
10177,gamechanger3,1,0.00127,52348,66.72530,78453
10178,ganchito55,1,0.00127,52349,66.72658,78453
10179,ganezasan,1,0.00127,52350,66.72785,78453
10180,gangxie112,1,0.00127,52351,66.72912,78453
10181,ganniterix,1,0.00127,52352,66.73040,78453
10182,gaody9527,1,0.00127,52353,66.73167,78453
10183,garc33,1,0.00127,52354,66.73295,78453
10184,Garnaalkroket,1,0.00127,52355,66.73422,78453
10185,garrett-compass,1,0.00127,52356,66.73550,78453
10186,garrison-stauffer,1,0.00127,52357,66.73677,78453
10187,garrypedersen,1,0.00127,52358,66.73805,78453
10188,garrysanders,1,0.00127,52359,66.73932,78453
10189,garymoon,1,0.00127,52360,66.74060,78453
10190,garyparrot,1,0.00127,52361,66.74187,78453
10191,gary-RR,1,0.00127,52362,66.74315,78453
10192,Gashmore1,1,0.00127,52363,66.74442,78453
10193,gastonborba,1,0.00127,52364,66.74569,78453
10194,gaurav2721,1,0.00127,52365,66.74697,78453
10195,gauravmishra0,1,0.00127,52366,66.74824,78453
10196,gauravpbankar,1,0.00127,52367,66.74952,78453
10197,gaurav-thakur-aurea,1,0.00127,52368,66.75079,78453
10198,gaure,1,0.00127,52369,66.75207,78453
10199,gauthier-roebroeck-mox,1,0.00127,52370,66.75334,78453
10200,gawsoftpl,1,0.00127,52371,66.75462,78453
10201,gazben,1,0.00127,52372,66.75589,78453
10202,gbaker21,1,0.00127,52373,66.75717,78453
10203,gbavoz1,1,0.00127,52374,66.75844,78453
10204,GBBx,1,0.00127,52375,66.75972,78453
10205,gbeyer3,1,0.00127,52376,66.76099,78453
10206,gbhosal,1,0.00127,52377,66.76227,78453
10207,gbragi,1,0.00127,52378,66.76354,78453
10208,gbstan92,1,0.00127,52379,66.76481,78453
10209,gbvanrenswoude,1,0.00127,52380,66.76609,78453
10210,gcaban,1,0.00127,52381,66.76736,78453
10211,g-chang,1,0.00127,52382,66.76864,78453
10212,gcharnock,1,0.00127,52383,66.76991,78453
10213,gcjensen,1,0.00127,52384,66.77119,78453
10214,gc-jro,1,0.00127,52385,66.77246,78453
10215,gcOssi,1,0.00127,52386,66.77374,78453
10216,gcs278,1,0.00127,52387,66.77501,78453
10217,gcsfred2,1,0.00127,52388,66.77629,78453
10218,gDaugirdas,1,0.00127,52389,66.77756,78453
10219,gdhaworth,1,0.00127,52390,66.77884,78453
10220,gdifilippo-ca,1,0.00127,52391,66.78011,78453
10221,gdox,1,0.00127,52392,66.78139,78453
10222,gdubicki,1,0.00127,52393,66.78266,78453
10223,gdville,1,0.00127,52394,66.78393,78453
10224,geek-bit,1,0.00127,52395,66.78521,78453
10225,geekdk,1,0.00127,52396,66.78648,78453
10226,geetikakay,1,0.00127,52397,66.78776,78453
10227,geijerhaeggstrom,1,0.00127,52398,66.78903,78453
10228,genarks,1,0.00127,52399,66.79031,78453
10229,gengzongjie,1,0.00127,52400,66.79158,78453
10230,genie88,1,0.00127,52401,66.79286,78453
10231,geoghegk,1,0.00127,52402,66.79413,78453
10232,georg007,1,0.00127,52403,66.79541,78453
10233,georgestoica-prive,1,0.00127,52404,66.79668,78453
10234,geotho,1,0.00127,52405,66.79796,78453
10235,geraldmayr,1,0.00127,52406,66.79923,78453
10236,gerardkok,1,0.00127,52407,66.80050,78453
10237,gerardquinn43,1,0.00127,52408,66.80178,78453
10238,GermanSVG,1,0.00127,52409,66.80305,78453
10239,gesarki,1,0.00127,52410,66.80433,78453
10240,geshan,1,0.00127,52411,66.80560,78453
10241,Gezx,1,0.00127,52412,66.80688,78453
10242,gfuzz-asplos,1,0.00127,52413,66.80815,78453
10243,gf-zhangdd,1,0.00127,52414,66.80943,78453
10244,gga-kialo,1,0.00127,52415,66.81070,78453
10245,ggalakhov,1,0.00127,52416,66.81198,78453
10246,gh4dp,1,0.00127,52417,66.81325,78453
10247,ghadi2005,1,0.00127,52418,66.81453,78453
10248,ghdiska,1,0.00127,52419,66.81580,78453
10249,ghoneimy,1,0.00127,52420,66.81708,78453
10250,ghughes,1,0.00127,52421,66.81835,78453
10251,giangnh92,1,0.00127,52422,66.81962,78453
10252,gianna7wu,1,0.00127,52423,66.82090,78453
10253,GianniGiglio,1,0.00127,52424,66.82217,78453
10254,giaptx,1,0.00127,52425,66.82345,78453
10255,giatule,1,0.00127,52426,66.82472,78453
10256,Gibstick,1,0.00127,52427,66.82600,78453
10257,giepa,1,0.00127,52428,66.82727,78453
10258,gigashiro,1,0.00127,52429,66.82855,78453
10259,gilkremer123,1,0.00127,52430,66.82982,78453
10260,gingercat-maki,1,0.00127,52431,66.83110,78453
10261,ginn13,1,0.00127,52432,66.83237,78453
10262,ginoledesma,1,0.00127,52433,66.83365,78453
10263,GinoSahagun,1,0.00127,52434,66.83492,78453
10264,giorgiomondauto,1,0.00127,52435,66.83619,78453
10265,GiovanniZotta,1,0.00127,52436,66.83747,78453
10266,girlpunk,1,0.00127,52437,66.83874,78453
10267,gitank007,1,0.00127,52438,66.84002,78453
10268,gitarns,1,0.00127,52439,66.84129,78453
10269,gitbeiji,1,0.00127,52440,66.84257,78453
10270,github-amine-kherbouche,1,0.00127,52441,66.84384,78453
10271,GithubApprovalTest,1,0.00127,52442,66.84512,78453
10272,GithubRyze,1,0.00127,52443,66.84639,78453
10273,Gitleyla,1,0.00127,52444,66.84767,78453
10274,Git-Raghunandan,1,0.00127,52445,66.84894,78453
10275,gitricko,1,0.00127,52446,66.85022,78453
10276,gjfzjj1995,1,0.00127,52447,66.85149,78453
10277,gjirm,1,0.00127,52448,66.85277,78453
10278,gjkloosterman,1,0.00127,52449,66.85404,78453
10279,gjmveloso,1,0.00127,52450,66.85531,78453
10280,gjp0609,1,0.00127,52451,66.85659,78453
10281,gkampitakis,1,0.00127,52452,66.85786,78453
10282,gkaskonas,1,0.00127,52453,66.85914,78453
10283,gkjsa,1,0.00127,52454,66.86041,78453
10284,gkmahendran09,1,0.00127,52455,66.86169,78453
10285,gkranasinghe,1,0.00127,52456,66.86296,78453
10286,gladhiola,1,0.00127,52457,66.86424,78453
10287,glanchow,1,0.00127,52458,66.86551,78453
10288,glasgow,1,0.00127,52459,66.86679,78453
10289,glaxman,1,0.00127,52460,66.86806,78453
10290,glmdev,1,0.00127,52461,66.86934,78453
10291,gloscott,1,0.00127,52462,66.87061,78453
10292,GLTSC,1,0.00127,52463,66.87189,78453
10293,gluefactory,1,0.00127,52464,66.87316,78453
10294,GLZjd4NMPVucBIvbWs,1,0.00127,52465,66.87443,78453
10295,gmairi,1,0.00127,52466,66.87571,78453
10296,Gmanweb,1,0.00127,52467,66.87698,78453
10297,gmoirod,1,0.00127,52468,66.87826,78453
10298,gnanasalten,1,0.00127,52469,66.87953,78453
10299,gnm3000,1,0.00127,52470,66.88081,78453
10300,gnozil,1,0.00127,52471,66.88208,78453
10301,gnubibi33,1,0.00127,52472,66.88336,78453
10302,GNUGradyn,1,0.00127,52473,66.88463,78453
10303,gnuheidix,1,0.00127,52474,66.88591,78453
10304,GO2D77,1,0.00127,52475,66.88718,78453
10305,goatfryed-holos,1,0.00127,52476,66.88846,78453
10306,GodLoveMinch,1,0.00127,52477,66.88973,78453
10307,goelaashima,1,0.00127,52478,66.89100,78453
10308,gogogotest,1,0.00127,52479,66.89228,78453
10309,gogreen53,1,0.00127,52480,66.89355,78453
10310,gokhan721,1,0.00127,52481,66.89483,78453
10311,gokhankocak,1,0.00127,52482,66.89610,78453
10312,goldytech,1,0.00127,52483,66.89738,78453
10313,gomain,1,0.00127,52484,66.89865,78453
10314,goncafab,1,0.00127,52485,66.89993,78453
10315,GoncaloHit,1,0.00127,52486,66.90120,78453
10316,gongzhun,1,0.00127,52487,66.90248,78453
10317,gontzalson,1,0.00127,52488,66.90375,78453
10318,gooman-uk,1,0.00127,52489,66.90503,78453
10319,gopherpro,1,0.00127,52490,66.90630,78453
10320,gopihc,1,0.00127,52491,66.90758,78453
10321,goququ,1,0.00127,52492,66.90885,78453
10322,gorjan-mishevski,1,0.00127,52493,66.91012,78453
10323,gormal,1,0.00127,52494,66.91140,78453
10324,GoSiddhartha,1,0.00127,52495,66.91267,78453
10325,gotosre,1,0.00127,52496,66.91395,78453
10326,Goulart,1,0.00127,52497,66.91522,78453
10327,GOVINDBHAVAN,1,0.00127,52498,66.91650,78453
10328,Govraskirill,1,0.00127,52499,66.91777,78453
10329,Gowlar,1,0.00127,52500,66.91905,78453
10330,Gowtham029,1,0.00127,52501,66.92032,78453
10331,GoZippy,1,0.00127,52502,66.92160,78453
10332,gpierard,1,0.00127,52503,66.92287,78453
10333,gpothier,1,0.00127,52504,66.92415,78453
10334,gradyela,1,0.00127,52505,66.92542,78453
10335,grahambunce,1,0.00127,52506,66.92669,78453
10336,Grankvist,1,0.00127,52507,66.92797,78453
10337,grantral,1,0.00127,52508,66.92924,78453
10338,grascioni,1,0.00127,52509,66.93052,78453
10339,GrassShrimp,1,0.00127,52510,66.93179,78453
10340,gravity-hole,1,0.00127,52511,66.93307,78453
10341,graydon,1,0.00127,52512,66.93434,78453
10342,GrayWinst,1,0.00127,52513,66.93562,78453
10343,greed2411,1,0.00127,52514,66.93689,78453
10344,greggameplayer,1,0.00127,52515,66.93817,78453
10345,greggroth,1,0.00127,52516,66.93944,78453
10346,greghao,1,0.00127,52517,66.94072,78453
10347,greg-mcnamara,1,0.00127,52518,66.94199,78453
10348,gregorybleiker,1,0.00127,52519,66.94327,78453
10349,gregpavl,1,0.00127,52520,66.94454,78453
10350,GregTheHun,1,0.00127,52521,66.94581,78453
10351,grepme,1,0.00127,52522,66.94709,78453
10352,grezar,1,0.00127,52523,66.94836,78453
10353,gricec,1,0.00127,52524,66.94964,78453
10354,griffinchoe,1,0.00127,52525,66.95091,78453
10355,griffinz123,1,0.00127,52526,66.95219,78453
10356,griseau,1,0.00127,52527,66.95346,78453
10357,groschi24,1,0.00127,52528,66.95474,78453
10358,ground7,1,0.00127,52529,66.95601,78453
10359,gruberrichard,1,0.00127,52530,66.95729,78453
10360,Gruntdav,1,0.00127,52531,66.95856,78453
10361,grzegorz-bielski,1,0.00127,52532,66.95984,78453
10362,gSerP1983,1,0.00127,52533,66.96111,78453
10363,gsmanigandan,1,0.00127,52534,66.96239,78453
10364,gsthamu,1,0.00127,52535,66.96366,78453
10365,GSZoominfo,1,0.00127,52536,66.96493,78453
10366,gtarnaras,1,0.00127,52537,66.96621,78453
10367,gtdzx,1,0.00127,52538,66.96748,78453
10368,gthvidsten,1,0.00127,52539,66.96876,78453
10369,gtuk,1,0.00127,52540,66.97003,78453
10370,Guajin7,1,0.00127,52541,66.97131,78453
10371,gubasza,1,0.00127,52542,66.97258,78453
10372,guchao0318,1,0.00127,52543,66.97386,78453
10373,guevarabrik24,1,0.00127,52544,66.97513,78453
10374,gufranmirza,1,0.00127,52545,66.97641,78453
10375,guihehans,1,0.00127,52546,66.97768,78453
10376,GuilhermeFernandesFaria,1,0.00127,52547,66.97896,78453
10377,guiliguili,1,0.00127,52548,66.98023,78453
10378,guipichina,1,0.00127,52549,66.98150,78453
10379,GunaKKIBM,1,0.00127,52550,66.98278,78453
10380,gungnir888,1,0.00127,52551,66.98405,78453
10381,guobingithub,1,0.00127,52552,66.98533,78453
10382,GuoChanghe0220,1,0.00127,52553,66.98660,78453
10383,guodawn,1,0.00127,52554,66.98788,78453
10384,guoxun19,1,0.00127,52555,66.98915,78453
10385,guptavip,1,0.00127,52556,66.99043,78453
10386,gurbansuleyman,1,0.00127,52557,66.99170,78453
10387,gurdeep82,1,0.00127,52558,66.99298,78453
10388,guruguruguru,1,0.00127,52559,66.99425,78453
10389,gusior,1,0.00127,52560,66.99553,78453
10390,guspio,1,0.00127,52561,66.99680,78453
10391,gus-reis-dojo,1,0.00127,52562,66.99808,78453
10392,gustaff-weldon,1,0.00127,52563,66.99935,78453
10393,GustavJaner,1,0.00127,52564,67.00062,78453
10394,gustavotsuji,1,0.00127,52565,67.00190,78453
10395,GusTheSadGeek,1,0.00127,52566,67.00317,78453
10396,gustysap,1,0.00127,52567,67.00445,78453
10397,GuyGrin,1,0.00127,52568,67.00572,78453
10398,guyrleech,1,0.00127,52569,67.00700,78453
10399,guzelcihad,1,0.00127,52570,67.00827,78453
10400,gvanto,1,0.00127,52571,67.00955,78453
10401,gvelez17,1,0.00127,52572,67.01082,78453
10402,gvengel,1,0.00127,52573,67.01210,78453
10403,gvensan,1,0.00127,52574,67.01337,78453
10404,Gwen2,1,0.00127,52575,67.01465,78453
10405,GWTNixon,1,0.00127,52576,67.01592,78453
10406,gyaozhou,1,0.00127,52577,67.01720,78453
10407,gyeongsikjang,1,0.00127,52578,67.01847,78453
10408,h0730303779,1,0.00127,52579,67.01974,78453
10409,h3n4l,1,0.00127,52580,67.02102,78453
10410,ha36d,1,0.00127,52581,67.02229,78453
10411,haandude,1,0.00127,52582,67.02357,78453
10412,HaBaLeS,1,0.00127,52583,67.02484,78453
10413,habarahonaa,1,0.00127,52584,67.02612,78453
10414,HabbyChen,1,0.00127,52585,67.02739,78453
10415,habinaya28,1,0.00127,52586,67.02867,78453
10416,hackpk,1,0.00127,52587,67.02994,78453
10417,hadi-mansoori,1,0.00127,52588,67.03122,78453
10418,hadogenes,1,0.00127,52589,67.03249,78453
10419,hadrienk,1,0.00127,52590,67.03377,78453
10420,haeringer,1,0.00127,52591,67.03504,78453
10421,hagaivcita,1,0.00127,52592,67.03631,78453
10422,haibara4869,1,0.00127,52593,67.03759,78453
10423,Haim-Barilan,1,0.00127,52594,67.03886,78453
10424,haipengzzz,1,0.00127,52595,67.04014,78453
10425,haithamshahin333,1,0.00127,52596,67.04141,78453
10426,hajovonta,1,0.00127,52597,67.04269,78453
10427,Hakulaku,1,0.00127,52598,67.04396,78453
10428,halfbaked,1,0.00127,52599,67.04524,78453
10429,halfhoney,1,0.00127,52600,67.04651,78453
10430,Halomaple,1,0.00127,52601,67.04779,78453
10431,halorgium,1,0.00127,52602,67.04906,78453
10432,hamedprog,1,0.00127,52603,67.05034,78453
10433,hamedsol,1,0.00127,52604,67.05161,78453
10434,hamx0r,1,0.00127,52605,67.05289,78453
10435,HamzaMalik95,1,0.00127,52606,67.05416,78453
10436,haneefmubarak,1,0.00127,52607,67.05543,78453
10437,hanfanwen,1,0.00127,52608,67.05671,78453
10438,HankVeal12,1,0.00127,52609,67.05798,78453
10439,hannahtaub,1,0.00127,52610,67.05926,78453
10440,hannahyeates,1,0.00127,52611,67.06053,78453
10441,hansaya,1,0.00127,52612,67.06181,78453
10442,HansKre,1,0.00127,52613,67.06308,78453
10443,Hantiaotiaoz,1,0.00127,52614,67.06436,78453
10444,Hanyman8,1,0.00127,52615,67.06563,78453
10445,haoguanjun,1,0.00127,52616,67.06691,78453
10446,haoyangdeng,1,0.00127,52617,67.06818,78453
10447,hapatrick,1,0.00127,52618,67.06946,78453
10448,Happylinzy,1,0.00127,52619,67.07073,78453
10449,hardik-epifi,1,0.00127,52620,67.07200,78453
10450,hardikmdev,1,0.00127,52621,67.07328,78453
10451,hardproblems,1,0.00127,52622,67.07455,78453
10452,hareeshmu,1,0.00127,52623,67.07583,78453
10453,harishks,1,0.00127,52624,67.07710,78453
10454,harochen75,1,0.00127,52625,67.07838,78453
10455,Harrier007,1,0.00127,52626,67.07965,78453
10456,harri-omarBish,1,0.00127,52627,67.08093,78453
10457,HarrisonTotty,1,0.00127,52628,67.08220,78453
10458,harryfeng72,1,0.00127,52629,67.08348,78453
10459,harsh-cldcvr,1,0.00127,52630,67.08475,78453
10460,HarshdeepGupta,1,0.00127,52631,67.08603,78453
10461,harshi1122,1,0.00127,52632,67.08730,78453
10462,Harshil-Jani,1,0.00127,52633,67.08858,78453
10463,harshit-work,1,0.00127,52634,67.08985,78453
10464,Harshmori,1,0.00127,52635,67.09112,78453
10465,harvell,1,0.00127,52636,67.09240,78453
10466,harvendra2022,1,0.00127,52637,67.09367,78453
10467,hasanhakkaev,1,0.00127,52638,67.09495,78453
10468,hasanlik,1,0.00127,52639,67.09622,78453
10469,hashCode1,1,0.00127,52640,67.09750,78453
10470,hassanSRE,1,0.00127,52641,67.09877,78453
10471,hatshepsut-working,1,0.00127,52642,67.10005,78453
10472,haunted-pancakes,1,0.00127,52643,67.10132,78453
10473,hausanstreicha,1,0.00127,52644,67.10260,78453
10474,hayou,1,0.00127,52645,67.10387,78453
10475,Hazmo,1,0.00127,52646,67.10515,78453
10476,hbakkerit,1,0.00127,52647,67.10642,78453
10477,hbhadvankar,1,0.00127,52648,67.10770,78453
10478,hbomark,1,0.00127,52649,67.10897,78453
10479,hcgrove,1,0.00127,52650,67.11024,78453
10480,HChenCBRE,1,0.00127,52651,67.11152,78453
10481,heavelock,1,0.00127,52652,67.11279,78453
10482,heavenlxj,1,0.00127,52653,67.11407,78453
10483,hebbarr,1,0.00127,52654,67.11534,78453
10484,hechunping,1,0.00127,52655,67.11662,78453
10485,Hecim1984,1,0.00127,52656,67.11789,78453
10486,Hector242,1,0.00127,52657,67.11917,78453
10487,hectorjsmith,1,0.00127,52658,67.12044,78453
10488,heduxar,1,0.00127,52659,67.12172,78453
10489,hee-c,1,0.00127,52660,67.12299,78453
10490,hef,1,0.00127,52661,67.12427,78453
10491,hehe04,1,0.00127,52662,67.12554,78453
10492,heiderich,1,0.00127,52663,67.12681,78453
10493,Heimschmiede,1,0.00127,52664,67.12809,78453
10494,heipepper,1,0.00127,52665,67.12936,78453
10495,hejufang,1,0.00127,52666,67.13064,78453
10496,hellertang,1,0.00127,52667,67.13191,78453
10497,hellochenpc,1,0.00127,52668,67.13319,78453
10498,hellojack123,1,0.00127,52669,67.13446,78453
10499,HelloPb,1,0.00127,52670,67.13574,78453
10500,helloxz,1,0.00127,52671,67.13701,78453
10501,he-mans,1,0.00127,52672,67.13829,78453
10502,hemeda3,1,0.00127,52673,67.13956,78453
10503,HenkVanMaanen,1,0.00127,52674,67.14084,78453
10504,henriquebremenkanp,1,0.00127,52675,67.14211,78453
10505,henry1111,1,0.00127,52676,67.14339,78453
10506,HenryBeWell,1,0.00127,52677,67.14466,78453
10507,henryezeanya,1,0.00127,52678,67.14593,78453
10508,henryto-happymoney,1,0.00127,52679,67.14721,78453
10509,henrywu2019,1,0.00127,52680,67.14848,78453
10510,HenryYanTR,1,0.00127,52681,67.14976,78453
10511,hentzels,1,0.00127,52682,67.15103,78453
10512,hepengfei-ml,1,0.00127,52683,67.15231,78453
10513,herberton,1,0.00127,52684,67.15358,78453
10514,herbw,1,0.00127,52685,67.15486,78453
10515,heresie,1,0.00127,52686,67.15613,78453
10516,herlon214,1,0.00127,52687,67.15741,78453
10517,hermitmaster,1,0.00127,52688,67.15868,78453
10518,HeroesLament,1,0.00127,52689,67.15996,78453
10519,HerrInformatiker,1,0.00127,52690,67.16123,78453
10520,hetaoguilai,1,0.00127,52691,67.16250,78453
10521,hetian-github,1,0.00127,52692,67.16378,78453
10522,hexclover,1,0.00127,52693,67.16505,78453
10523,hextechpal,1,0.00127,52694,67.16633,78453
10524,hey333,1,0.00127,52695,67.16760,78453
10525,HeyAdityaPatidar,1,0.00127,52696,67.16888,78453
10526,heyitsmekishore,1,0.00127,52697,67.17015,78453
10527,hfreire,1,0.00127,52698,67.17143,78453
10528,hgkjshegfskef,1,0.00127,52699,67.17270,78453
10529,hhannani,1,0.00127,52700,67.17398,78453
10530,hhcgit,1,0.00127,52701,67.17525,78453
10531,HHobeck,1,0.00127,52702,67.17653,78453
10532,hichamov,1,0.00127,52703,67.17780,78453
10533,hieutruong-sym,1,0.00127,52704,67.17908,78453
10534,hightechrdn,1,0.00127,52705,67.18035,78453
10535,highwayliu,1,0.00127,52706,67.18162,78453
10536,hijmen,1,0.00127,52707,67.18290,78453
10537,hilbertglm,1,0.00127,52708,67.18417,78453
10538,hilman-k8n,1,0.00127,52709,67.18545,78453
10539,hilmialf,1,0.00127,52710,67.18672,78453
10540,himani-dangwal,1,0.00127,52711,67.18800,78453
10541,hi-ma-ns-hu,1,0.00127,52712,67.18927,78453
10542,Himanshu2107,1,0.00127,52713,67.19055,78453
10543,himanshugarg,1,0.00127,52714,67.19182,78453
10544,Himenon,1,0.00127,52715,67.19310,78453
10545,hippopos,1,0.00127,52716,67.19437,78453
10546,h-j-ashman,1,0.00127,52717,67.19565,78453
10547,hjiea,1,0.00127,52718,67.19692,78453
10548,hjweddie,1,0.00127,52719,67.19820,78453
10549,hkapasi,1,0.00127,52720,67.19947,78453
10550,hkharmfulbear,1,0.00127,52721,67.20074,78453
10551,hkuersten,1,0.00127,52722,67.20202,78453
10552,hlalli,1,0.00127,52723,67.20329,78453
10553,HLeithner,1,0.00127,52724,67.20457,78453
10554,hlmuludiang,1,0.00127,52725,67.20584,78453
10555,hmaiabrex,1,0.00127,52726,67.20712,78453
10556,hmbyl,1,0.00127,52727,67.20839,78453
10557,hmettendorf,1,0.00127,52728,67.20967,78453
10558,hmilkovi,1,0.00127,52729,67.21094,78453
10559,hm-pendula,1,0.00127,52730,67.21222,78453
10560,hmz777,1,0.00127,52731,67.21349,78453
10561,hoani,1,0.00127,52732,67.21477,78453
10562,hoklet,1,0.00127,52733,67.21604,78453
10563,holstvoogd,1,0.00127,52734,67.21731,78453
10564,honeis,1,0.00127,52735,67.21859,78453
10565,hongxinweiqi,1,0.00127,52736,67.21986,78453
10566,honne23,1,0.00127,52737,67.22114,78453
10567,hooverdc,1,0.00127,52738,67.22241,78453
10568,hoozgomk,1,0.00127,52739,67.22369,78453
10569,hoppla20,1,0.00127,52740,67.22496,78453
10570,horca,1,0.00127,52741,67.22624,78453
10571,hornv,1,0.00127,52742,67.22751,78453
10572,hors,1,0.00127,52743,67.22879,78453
10573,HoseinGhanbari,1,0.00127,52744,67.23006,78453
10574,hotinherre01,1,0.00127,52745,67.23134,78453
10575,houmuxia,1,0.00127,52746,67.23261,78453
10576,houshijie-2020,1,0.00127,52747,67.23389,78453
10577,howz97,1,0.00127,52748,67.23516,78453
10578,hppsc1215,1,0.00127,52749,67.23643,78453
10579,Hptux,1,0.00127,52750,67.23771,78453
10580,Hramkanvas,1,0.00127,52751,67.23898,78453
10581,hrkumaran,1,0.00127,52752,67.24026,78453
10582,hromao,1,0.00127,52753,67.24153,78453
10583,hroussez,1,0.00127,52754,67.24281,78453
10584,HRusby,1,0.00127,52755,67.24408,78453
10585,HrushikeshAITDIAN,1,0.00127,52756,67.24536,78453
10586,hsargsyan,1,0.00127,52757,67.24663,78453
10587,hsiang-ever,1,0.00127,52758,67.24791,78453
10588,hspens,1,0.00127,52759,67.24918,78453
10589,hsuchifeng,1,0.00127,52760,67.25046,78453
10590,HtHuanChen,1,0.00127,52761,67.25173,78453
10591,huaizhengu,1,0.00127,52762,67.25300,78453
10592,HuangYejing,1,0.00127,52763,67.25428,78453
10593,huangzhuxing,1,0.00127,52764,67.25555,78453
10594,huangzixun123,1,0.00127,52765,67.25683,78453
10595,huanhuan6666,1,0.00127,52766,67.25810,78453
10596,huaraz,1,0.00127,52767,67.25938,78453
10597,HuaweiDonor,1,0.00127,52768,67.26065,78453
10598,hubert-associates,1,0.00127,52769,67.26193,78453
10599,HuboryChen,1,0.00127,52770,67.26320,78453
10600,hudzy,1,0.00127,52771,67.26448,78453
10601,hughhan1,1,0.00127,52772,67.26575,78453
10602,HugoChanD,1,0.00127,52773,67.26703,78453
10603,hugodutka,1,0.00127,52774,67.26830,78453
10604,HugoLei,1,0.00127,52775,67.26958,78453
10605,hugolurat,1,0.00127,52776,67.27085,78453
10606,hugo-zhang-uipath,1,0.00127,52777,67.27212,78453
10607,huhan110,1,0.00127,52778,67.27340,78453
10608,huizhifan,1,0.00127,52779,67.27467,78453
10609,hujun-open,1,0.00127,52780,67.27595,78453
10610,humbertoc-silva,1,0.00127,52781,67.27722,78453
10611,hunghip95,1,0.00127,52782,67.27850,78453
10612,huntedhappy,1,0.00127,52783,67.27977,78453
10613,huoyingdk,1,0.00127,52784,67.28105,78453
10614,huoyongpeng,1,0.00127,52785,67.28232,78453
10615,husam212,1,0.00127,52786,67.28360,78453
10616,husamrahman,1,0.00127,52787,67.28487,78453
10617,hussainanjar,1,0.00127,52788,67.28615,78453
10618,hussam-qasem,1,0.00127,52789,67.28742,78453
10619,huy7070,1,0.00127,52790,67.28870,78453
10620,huyyyyIan,1,0.00127,52791,67.28997,78453
10621,hwyan,1,0.00127,52792,67.29124,78453
10622,hxw226,1,0.00127,52793,67.29252,78453
10623,Hyacinth0211,1,0.00127,52794,67.29379,78453
10624,Hyaxia,1,0.00127,52795,67.29507,78453
10625,hydaizd,1,0.00127,52796,67.29634,78453
10626,hydridity,1,0.00127,52797,67.29762,78453
10627,hyeokyoon-chang,1,0.00127,52798,67.29889,78453
10628,hyl24lee,1,0.00127,52799,67.30017,78453
10629,hywhuangyuwei,1,0.00127,52800,67.30144,78453
10630,hzde0128,1,0.00127,52801,67.30272,78453
10631,i035249,1,0.00127,52802,67.30399,78453
10632,i2rulloa,1,0.00127,52803,67.30527,78453
10633,iagotomas,1,0.00127,52804,67.30654,78453
10634,iamacarpet,1,0.00127,52805,67.30781,78453
10635,iamcan13,1,0.00127,52806,67.30909,78453
10636,i-amelia,1,0.00127,52807,67.31036,78453
10637,iameskild,1,0.00127,52808,67.31164,78453
10638,iamjoseph331,1,0.00127,52809,67.31291,78453
10639,iampava,1,0.00127,52810,67.31419,78453
10640,iampetrovpavel,1,0.00127,52811,67.31546,78453
10641,IamRFC1918,1,0.00127,52812,67.31674,78453
10642,iamsingularity,1,0.00127,52813,67.31801,78453
10643,iamsourishdhar,1,0.00127,52814,67.31929,78453
10644,ianbarker,1,0.00127,52815,67.32056,78453
10645,ianlevesque,1,0.00127,52816,67.32184,78453
10646,ian-llewellyn,1,0.00127,52817,67.32311,78453
10647,ianmcorvidae,1,0.00127,52818,67.32439,78453
10648,IanTeda,1,0.00127,52819,67.32566,78453
10649,ianutin,1,0.00127,52820,67.32693,78453
10650,ian-whitestone,1,0.00127,52821,67.32821,78453
10651,ibizdevops,1,0.00127,52822,67.32948,78453
10652,iborko,1,0.00127,52823,67.33076,78453
10653,ibrahimalihc,1,0.00127,52824,67.33203,78453
10654,ibrambe,1,0.00127,52825,67.33331,78453
10655,icecreamhead,1,0.00127,52826,67.33458,78453
10656,ichbinfrog,1,0.00127,52827,67.33586,78453
10657,ichikata,1,0.00127,52828,67.33713,78453
10658,ichundu,1,0.00127,52829,67.33841,78453
10659,IcoveJ,1,0.00127,52830,67.33968,78453
10660,icu5545,1,0.00127,52831,67.34096,78453
10661,Icybiubiubiu,1,0.00127,52832,67.34223,78453
10662,idanb-qwak,1,0.00127,52833,67.34351,78453
10663,idankish,1,0.00127,52834,67.34478,78453
10664,Idan-Maimon,1,0.00127,52835,67.34605,78453
10665,idawson-gl,1,0.00127,52836,67.34733,78453
10666,idc77,1,0.00127,52837,67.34860,78453
10667,idemery,1,0.00127,52838,67.34988,78453
10668,identifysun,1,0.00127,52839,67.35115,78453
10669,idev1990,1,0.00127,52840,67.35243,78453
10670,igibek,1,0.00127,52841,67.35370,78453
10671,IgorEulalio,1,0.00127,52842,67.35498,78453
10672,igor-petrik-invitae,1,0.00127,52843,67.35625,78453
10673,ihatecodingaf,1,0.00127,52844,67.35753,78453
10674,iinfotech006,1,0.00127,52845,67.35880,78453
10675,ikaryoti,1,0.00127,52846,67.36008,78453
10676,ikashifullah,1,0.00127,52847,67.36135,78453
10677,ikegentz,1,0.00127,52848,67.36262,78453
10678,ikerreyes,1,0.00127,52849,67.36390,78453
10679,ikuegelgen,1,0.00127,52850,67.36517,78453
10680,ilanKushnir,1,0.00127,52851,67.36645,78453
10681,ILikeCoding65,1,0.00127,52852,67.36772,78453
10682,ILikeIneine,1,0.00127,52853,67.36900,78453
10683,iljoong,1,0.00127,52854,67.37027,78453
10684,illidanzen163,1,0.00127,52855,67.37155,78453
10685,IlSocio,1,0.00127,52856,67.37282,78453
10686,ILyaCyclone,1,0.00127,52857,67.37410,78453
10687,ilyapisany,1,0.00127,52858,67.37537,78453
10688,IlyaShestakov,1,0.00127,52859,67.37665,78453
10689,ilya-yarets,1,0.00127,52860,67.37792,78453
10690,imad44,1,0.00127,52861,67.37920,78453
10691,imenazizov-vr,1,0.00127,52862,67.38047,78453
10692,Imhven,1,0.00127,52863,67.38174,78453
10693,imhwli,1,0.00127,52864,67.38302,78453
10694,immense055,1,0.00127,52865,67.38429,78453
10695,IMMORTALxJO,1,0.00127,52866,67.38557,78453
10696,impact-maker,1,0.00127,52867,67.38684,78453
10697,imxw,1,0.00127,52868,67.38812,78453
10698,in-cloud-opensource,1,0.00127,52869,67.38939,78453
10699,IndeedNotJames,1,0.00127,52870,67.39067,78453
10700,infa-amohanda,1,0.00127,52871,67.39194,78453
10701,infa-eansari,1,0.00127,52872,67.39322,78453
10702,infiniityr,1,0.00127,52873,67.39449,78453
10703,inforedaster,1,0.00127,52874,67.39577,78453
10704,ingvaldlorentzen,1,0.00127,52875,67.39704,78453
10705,initbar,1,0.00127,52876,67.39831,78453
10706,inkinworld,1,0.00127,52877,67.39959,78453
10707,Inokenty90,1,0.00127,52878,67.40086,78453
10708,insanebaba,1,0.00127,52879,67.40214,78453
10709,interceptor,1,0.00127,52880,67.40341,78453
10710,Invader007,1,0.00127,52881,67.40469,78453
10711,InverMN,1,0.00127,52882,67.40596,78453
10712,inversionhourglass,1,0.00127,52883,67.40724,78453
10713,Inx51,1,0.00127,52884,67.40851,78453
10714,ioanna-ki,1,0.00127,52885,67.40979,78453
10715,ioitiki,1,0.00127,52886,67.41106,78453
10716,iomarmochtar,1,0.00127,52887,67.41234,78453
10717,ionicc,1,0.00127,52888,67.41361,78453
10718,ipomoealba,1,0.00127,52889,67.41489,78453
10719,ipv1337,1,0.00127,52890,67.41616,78453
10720,iqbalme,1,0.00127,52891,67.41743,78453
10721,iranthau,1,0.00127,52892,67.41871,78453
10722,irevoire,1,0.00127,52893,67.41998,78453
10723,IronLung7,1,0.00127,52894,67.42126,78453
10724,Iryna-Slynko,1,0.00127,52895,67.42253,78453
10725,ischenxin,1,0.00127,52896,67.42381,78453
10726,ishan2790,1,0.00127,52897,67.42508,78453
10727,Ishan-Saini,1,0.00127,52898,67.42636,78453
10728,ishworg,1,0.00127,52899,67.42763,78453
10729,ishworkhanal900,1,0.00127,52900,67.42891,78453
10730,iskandergaba,1,0.00127,52901,67.43018,78453
10731,Isma001,1,0.00127,52902,67.43146,78453
10732,ismaeljpv,1,0.00127,52903,67.43273,78453
10733,ismailazerty,1,0.00127,52904,67.43401,78453
10734,israel-gonzalezmedina,1,0.00127,52905,67.43528,78453
10735,Israel-Shav,1,0.00127,52906,67.43655,78453
10736,issamahmoud355,1,0.00127,52907,67.43783,78453
10737,istvancaluser,1,0.00127,52908,67.43910,78453
10738,istvansc,1,0.00127,52909,67.44038,78453
10739,IstvanSzilagyi,1,0.00127,52910,67.44165,78453
10740,isXuXH,1,0.00127,52911,67.44293,78453
10741,ita1024,1,0.00127,52912,67.44420,78453
10742,Itanvee,1,0.00127,52913,67.44548,78453
10743,itaranto,1,0.00127,52914,67.44675,78453
10744,itayankri,1,0.00127,52915,67.44803,78453
10745,ithildir-paypal,1,0.00127,52916,67.44930,78453
10746,ithilgore,1,0.00127,52917,67.45058,78453
10747,ith-yurybebsh,1,0.00127,52918,67.45185,78453
10748,itiulkanov,1,0.00127,52919,67.45312,78453
10749,IT-Luka,1,0.00127,52920,67.45440,78453
10750,itobby,1,0.00127,52921,67.45567,78453
10751,itsnitish22,1,0.00127,52922,67.45695,78453
10752,itssumitrai,1,0.00127,52923,67.45822,78453
10753,ittus,1,0.00127,52924,67.45950,78453
10754,iustin,1,0.00127,52925,67.46077,78453
10755,ivan-freedomfi,1,0.00127,52926,67.46205,78453
10756,ivan-golub,1,0.00127,52927,67.46332,78453
10757,ivaniotchenko,1,0.00127,52928,67.46460,78453
10758,ivanmagdic,1,0.00127,52929,67.46587,78453
10759,ivansharamok,1,0.00127,52930,67.46715,78453
10760,IvanTopolcic,1,0.00127,52931,67.46842,78453
10761,ivar891,1,0.00127,52932,67.46970,78453
10762,ivaske,1,0.00127,52933,67.47097,78453
10763,ivellios,1,0.00127,52934,67.47224,78453
10764,ivoba,1,0.00127,52935,67.47352,78453
10765,iwanczuk,1,0.00127,52936,67.47479,78453
10766,IwanSE,1,0.00127,52937,67.47607,78453
10767,IWANTBAT,1,0.00127,52938,67.47734,78453
10768,iwarriorgit,1,0.00127,52939,67.47862,78453
10769,iWebi,1,0.00127,52940,67.47989,78453
10770,ixchelruiz,1,0.00127,52941,67.48117,78453
10771,ixniz,1,0.00127,52942,67.48244,78453
10772,iYerw,1,0.00127,52943,67.48372,78453
10773,iyuroch,1,0.00127,52944,67.48499,78453
10774,izderadicka,1,0.00127,52945,67.48627,78453
10775,izersoft,1,0.00127,52946,67.48754,78453
10776,izhakjakov,1,0.00127,52947,67.48881,78453
10777,IzhakJakov,1,0.00127,52948,67.49009,78453
10778,j0nl1,1,0.00127,52949,67.49136,78453
10779,j3zz3r,1,0.00127,52950,67.49264,78453
10780,j4real2208,1,0.00127,52951,67.49391,78453
10781,jaak-pruulmann-sympower,1,0.00127,52952,67.49519,78453
10782,JaanJah,1,0.00127,52953,67.49646,78453
10783,jacek-miloszewski-form3,1,0.00127,52954,67.49774,78453
10784,jacekszlachtass,1,0.00127,52955,67.49901,78453
10785,jackdsite,1,0.00127,52956,67.50029,78453
10786,jackliusr,1,0.00127,52957,67.50156,78453
10787,jack-ra,1,0.00127,52958,67.50284,78453
10788,jacksonicson,1,0.00127,52959,67.50411,78453
10789,jacktd9,1,0.00127,52960,67.50539,78453
10790,jacobgad,1,0.00127,52961,67.50666,78453
10791,jacobleesinger,1,0.00127,52962,67.50793,78453
10792,jacoovan,1,0.00127,52963,67.50921,78453
10793,jacy450,1,0.00127,52964,67.51048,78453
10794,jadiaheno,1,0.00127,52965,67.51176,78453
10795,jagadishn,1,0.00127,52966,67.51303,78453
10796,jagitch,1,0.00127,52967,67.51431,78453
10797,JagveerGagaan,1,0.00127,52968,67.51558,78453
10798,jahed-uddin-82,1,0.00127,52969,67.51686,78453
10799,Jaimefdlp,1,0.00127,52970,67.51813,78453
10800,jain-tt,1,0.00127,52971,67.51941,78453
10801,jaipalkomakula,1,0.00127,52972,67.52068,78453
10802,jajaislanina,1,0.00127,52973,67.52196,78453
10803,jakaye80,1,0.00127,52974,67.52323,78453
10804,jakefhyde,1,0.00127,52975,67.52451,78453
10805,jakelee8,1,0.00127,52976,67.52578,78453
10806,jakepage,1,0.00127,52977,67.52705,78453
10807,JakeReise,1,0.00127,52978,67.52833,78453
10808,jakesmolka,1,0.00127,52979,67.52960,78453
10809,jaketerrito,1,0.00127,52980,67.53088,78453
10810,jakub-klapka,1,0.00127,52981,67.53215,78453
10811,jali-clarke,1,0.00127,52982,67.53343,78453
10812,jaliyetti-appian,1,0.00127,52983,67.53470,78453
10813,jallen-frb,1,0.00127,52984,67.53598,78453
10814,jallirs,1,0.00127,52985,67.53725,78453
10815,jamesarosen,1,0.00127,52986,67.53853,78453
10816,jamesstojan1,1,0.00127,52987,67.53980,78453
10817,jamesw201,1,0.00127,52988,67.54108,78453
10818,james-wilson-kidsloop,1,0.00127,52989,67.54235,78453
10819,jamiedick,1,0.00127,52990,67.54362,78453
10820,jamslinger,1,0.00127,52991,67.54490,78453
10821,jamuro77,1,0.00127,52992,67.54617,78453
10822,jamurtag,1,0.00127,52993,67.54745,78453
10823,janardhanpulivarthi,1,0.00127,52994,67.54872,78453
10824,janbe-ts,1,0.00127,52995,67.55000,78453
10825,janbols,1,0.00127,52996,67.55127,78453
10826,jan-di,1,0.00127,52997,67.55255,78453
10827,janelioo,1,0.00127,52998,67.55382,78453
10828,janethavi,1,0.00127,52999,67.55510,78453
10829,jan-kantert,1,0.00127,53000,67.55637,78453
10830,ja-nko,1,0.00127,53001,67.55765,78453
10831,janmesh81,1,0.00127,53002,67.55892,78453
10832,Janneman84,1,0.00127,53003,67.56020,78453
10833,jan-safranek,1,0.00127,53004,67.56147,78453
10834,janskto1,1,0.00127,53005,67.56274,78453
10835,janstarke,1,0.00127,53006,67.56402,78453
10836,jan-sykora,1,0.00127,53007,67.56529,78453
10837,janusheide,1,0.00127,53008,67.56657,78453
10838,janvanveldhuizen,1,0.00127,53009,67.56784,78453
10839,japem,1,0.00127,53010,67.56912,78453
10840,jaredweinfurtner,1,0.00127,53011,67.57039,78453
10841,jarl-haggerty,1,0.00127,53012,67.57167,78453
10842,jarlva,1,0.00127,53013,67.57294,78453
10843,jarzyna63,1,0.00127,53014,67.57422,78453
10844,jasal82,1,0.00127,53015,67.57549,78453
10845,jasalgado,1,0.00127,53016,67.57677,78453
10846,jasger228,1,0.00127,53017,67.57804,78453
10847,jasminehung,1,0.00127,53018,67.57932,78453
10848,JasmineJ1230,1,0.00127,53019,67.58059,78453
10849,jason-gideon,1,0.00127,53020,67.58186,78453
10850,JasonKeirstead,1,0.00127,53021,67.58314,78453
10851,jasonkim-datadog,1,0.00127,53022,67.58441,78453
10852,JasonMars,1,0.00127,53023,67.58569,78453
10853,jason-matthew,1,0.00127,53024,67.58696,78453
10854,jasonmit,1,0.00127,53025,67.58824,78453
10855,jason-visotrust,1,0.00127,53026,67.58951,78453
10856,jasperjonker,1,0.00127,53027,67.59079,78453
10857,jastabiletech,1,0.00127,53028,67.59206,78453
10858,javahwh,1,0.00127,53029,67.59334,78453
10859,javier-diaz-ppro,1,0.00127,53030,67.59461,78453
10860,javiroman,1,0.00127,53031,67.59589,78453
10861,jawadqur,1,0.00127,53032,67.59716,78453
10862,JawnnyB,1,0.00127,53033,67.59843,78453
10863,jawsper,1,0.00127,53034,67.59971,78453
10864,jaxklag,1,0.00127,53035,67.60098,78453
10865,Jayasheel,1,0.00127,53036,67.60226,78453
10866,JayJay-K,1,0.00127,53037,67.60353,78453
10867,jayjaytay,1,0.00127,53038,67.60481,78453
10868,JayLog22,1,0.00127,53039,67.60608,78453
10869,jayninja,1,0.00127,53040,67.60736,78453
10870,jayrp11,1,0.00127,53041,67.60863,78453
10871,jayzhenghan,1,0.00127,53042,67.60991,78453
10872,jazeem-azeez,1,0.00127,53043,67.61118,78453
10873,j-baker,1,0.00127,53044,67.61246,78453
10874,jbaribeault,1,0.00127,53045,67.61373,78453
10875,jb-contino,1,0.00127,53046,67.61501,78453
10876,jbdell,1,0.00127,53047,67.61628,78453
10877,jbeere,1,0.00127,53048,67.61755,78453
10878,jbenninghoff,1,0.00127,53049,67.61883,78453
10879,JBogossianKH,1,0.00127,53050,67.62010,78453
10880,jbonet,1,0.00127,53051,67.62138,78453
10881,jbonzo,1,0.00127,53052,67.62265,78453
10882,jcadavez,1,0.00127,53053,67.62393,78453
10883,jcafarelli-chwy,1,0.00127,53054,67.62520,78453
10884,jcageman,1,0.00127,53055,67.62648,78453
10885,jcairney,1,0.00127,53056,67.62775,78453
10886,jcam,1,0.00127,53057,67.62903,78453
10887,j-carvalho,1,0.00127,53058,67.63030,78453
10888,jck,1,0.00127,53059,67.63158,78453
10889,jcoleman,1,0.00127,53060,67.63285,78453
10890,jcometki,1,0.00127,53061,67.63412,78453
10891,jcostom,1,0.00127,53062,67.63540,78453
10892,jcputter,1,0.00127,53063,67.63667,78453
10893,jdahlq,1,0.00127,53064,67.63795,78453
10894,jdato,1,0.00127,53065,67.63922,78453
10895,jdblack,1,0.00127,53066,67.64050,78453
10896,jdbPAC2387,1,0.00127,53067,67.64177,78453
10897,jdcloudconformance,1,0.00127,53068,67.64305,78453
10898,JDiGiglio,1,0.00127,53069,67.64432,78453
10899,jdiglesias,1,0.00127,53070,67.64560,78453
10900,JDKnobloch,1,0.00127,53071,67.64687,78453
10901,jeanmarc,1,0.00127,53072,67.64815,78453
10902,jeansey,1,0.00127,53073,67.64942,78453
10903,jebe2009,1,0.00127,53074,67.65070,78453
10904,jedimt,1,0.00127,53075,67.65197,78453
10905,jeferson-ls-ribeiro,1,0.00127,53076,67.65324,78453
10906,jeff4747,1,0.00127,53077,67.65452,78453
10907,jeffaryhe,1,0.00127,53078,67.65579,78453
10908,jefferycline1,1,0.00127,53079,67.65707,78453
10909,jeffhem,1,0.00127,53080,67.65834,78453
10910,JeffreyGarrett,1,0.00127,53081,67.65962,78453
10911,jeffreygolden,1,0.00127,53082,67.66089,78453
10912,jeffro94,1,0.00127,53083,67.66217,78453
10913,jegadjame,1,0.00127,53084,67.66344,78453
10914,jeliseocd,1,0.00127,53085,67.66472,78453
10915,jenglund,1,0.00127,53086,67.66599,78453
10916,jenniferpinder,1,0.00127,53087,67.66727,78453
10917,jensentanlo,1,0.00127,53088,67.66854,78453
10918,jeongukjae,1,0.00127,53089,67.66982,78453
10919,JeremyAlosio,1,0.00127,53090,67.67109,78453
10920,jeremychase,1,0.00127,53091,67.67236,78453
10921,jeremypuchta,1,0.00127,53092,67.67364,78453
10922,JeroenBos,1,0.00127,53093,67.67491,78453
10923,jeroenherczeg,1,0.00127,53094,67.67619,78453
10924,jeroenrnl,1,0.00127,53095,67.67746,78453
10925,jeromewaibel,1,0.00127,53096,67.67874,78453
10926,jerousseau,1,0.00127,53097,67.68001,78453
10927,jerroldgao,1,0.00127,53098,67.68129,78453
10928,jerry-shao,1,0.00127,53099,67.68256,78453
10929,JerryYanisLuo,1,0.00127,53100,67.68384,78453
10930,JerusJ,1,0.00127,53101,67.68511,78453
10931,jesmith026,1,0.00127,53102,67.68639,78453
10932,Jesse0Michael,1,0.00127,53103,67.68766,78453
10933,jesseadev,1,0.00127,53104,67.68893,78453
10934,jessie-txt,1,0.00127,53105,67.69021,78453
10935,jesusalvb,1,0.00127,53106,67.69148,78453
10936,jeubis,1,0.00127,53107,67.69276,78453
10937,jeunito,1,0.00127,53108,67.69403,78453
10938,jevyzhu,1,0.00127,53109,67.69531,78453
10939,JeyShaw,1,0.00127,53110,67.69658,78453
10940,jfach,1,0.00127,53111,67.69786,78453
10941,jfauske,1,0.00127,53112,67.69913,78453
10942,jfbourner,1,0.00127,53113,67.70041,78453
10943,jfilipcz,1,0.00127,53114,67.70168,78453
10944,jfmeachum,1,0.00127,53115,67.70296,78453
10945,jgminer,1,0.00127,53116,67.70423,78453
10946,jgourmelen,1,0.00127,53117,67.70551,78453
10947,jgsamblas,1,0.00127,53118,67.70678,78453
10948,jh5pzj3p,1,0.00127,53119,67.70805,78453
10949,jhandguy,1,0.00127,53120,67.70933,78453
10950,jhanos,1,0.00127,53121,67.71060,78453
10951,JHeilCoveo,1,0.00127,53122,67.71188,78453
10952,jheinitz,1,0.00127,53123,67.71315,78453
10953,jhenriquez-ax,1,0.00127,53124,67.71443,78453
10954,JheSue,1,0.00127,53125,67.71570,78453
10955,jhisse,1,0.00127,53126,67.71698,78453
10956,jhmadhav,1,0.00127,53127,67.71825,78453
10957,jhoenger,1,0.00127,53128,67.71953,78453
10958,jhonDoe15,1,0.00127,53129,67.72080,78453
10959,jhskone,1,0.00127,53130,67.72208,78453
10960,jiachinzhao,1,0.00127,53131,67.72335,78453
10961,jiajiangnan,1,0.00127,53132,67.72462,78453
10962,jiangfoxi,1,0.00127,53133,67.72590,78453
10963,jiangguoqing,1,0.00127,53134,67.72717,78453
10964,jianglinjian,1,0.00127,53135,67.72845,78453
10965,jiangyingforSH,1,0.00127,53136,67.72972,78453
10966,JianwenSun,1,0.00127,53137,67.73100,78453
10967,jianyuan,1,0.00127,53138,67.73227,78453
10968,JiaoYinger,1,0.00127,53139,67.73355,78453
10969,jiawentao83,1,0.00127,53140,67.73482,78453
10970,jibinqb,1,0.00127,53141,67.73610,78453
10971,jichaofdu,1,0.00127,53142,67.73737,78453
10972,jieun1128,1,0.00127,53143,67.73865,78453
10973,jimafrost,1,0.00127,53144,67.73992,78453
10974,jimdouglasarmory,1,0.00127,53145,67.74120,78453
10975,jimisaacs,1,0.00127,53146,67.74247,78453
10976,jindalshivam09,1,0.00127,53147,67.74374,78453
10977,Jingyuma,1,0.00127,53148,67.74502,78453
10978,jinkang23,1,0.00127,53149,67.74629,78453
10979,JinPengCN,1,0.00127,53150,67.74757,78453
10980,jintaiyong,1,0.00127,53151,67.74884,78453
10981,jintusebastian,1,0.00127,53152,67.75012,78453
10982,jinwendaiya,1,0.00127,53153,67.75139,78453
10983,jinxuan-LY,1,0.00127,53154,67.75267,78453
10984,jinyunboss,1,0.00127,53155,67.75394,78453
10985,jionghongli,1,0.00127,53156,67.75522,78453
10986,jippeholwerda,1,0.00127,53157,67.75649,78453
10987,jitendrabehera2,1,0.00127,53158,67.75777,78453
10988,jiujiujiujiujiuaia,1,0.00127,53159,67.75904,78453
10989,jiushiyaojinqu,1,0.00127,53160,67.76032,78453
10990,jixox,1,0.00127,53161,67.76159,78453
10991,jizi,1,0.00127,53162,67.76286,78453
10992,JJ11teen,1,0.00127,53163,67.76414,78453
10993,jjaw,1,0.00127,53164,67.76541,78453
10994,jjclemens1,1,0.00127,53165,67.76669,78453
10995,jjia605,1,0.00127,53166,67.76796,78453
10996,jjjan,1,0.00127,53167,67.76924,78453
10997,jjjjose,1,0.00127,53168,67.77051,78453
10998,JJ-Kamminga,1,0.00127,53169,67.77179,78453
10999,jjkim0816,1,0.00127,53170,67.77306,78453
11000,jjournet,1,0.00127,53171,67.77434,78453
11001,jjq-spirit,1,0.00127,53172,67.77561,78453
11002,jjworren,1,0.00127,53173,67.77689,78453
11003,jk5228,1,0.00127,53174,67.77816,78453
11004,jkdihenkar,1,0.00127,53175,67.77943,78453
11005,jk-f5,1,0.00127,53176,67.78071,78453
11006,jkstenzel95,1,0.00127,53177,67.78198,78453
11007,jkulak,1,0.00127,53178,67.78326,78453
11008,jleandrocr,1,0.00127,53179,67.78453,78453
11009,jlemaes,1,0.00127,53180,67.78581,78453
11010,jlirochon,1,0.00127,53181,67.78708,78453
11011,jlvallelonga,1,0.00127,53182,67.78836,78453
11012,jm3dedalus,1,0.00127,53183,67.78963,78453
11013,jmayse,1,0.00127,53184,67.79091,78453
11014,jmcrawford45,1,0.00127,53185,67.79218,78453
11015,jmhands,1,0.00127,53186,67.79346,78453
11016,jmhopla,1,0.00127,53187,67.79473,78453
11017,jmorrim3,1,0.00127,53188,67.79601,78453
11018,jmorsecode,1,0.00127,53189,67.79728,78453
11019,jmpf2019,1,0.00127,53190,67.79855,78453
11020,jmwri,1,0.00127,53191,67.79983,78453
11021,jna3,1,0.00127,53192,67.80110,78453
11022,jnahelou,1,0.00127,53193,67.80238,78453
11023,jnimety,1,0.00127,53194,67.80365,78453
11024,joaoborsoi,1,0.00127,53195,67.80493,78453
11025,joao-dantas,1,0.00127,53196,67.80620,78453
11026,joaofnds,1,0.00127,53197,67.80748,78453
11027,joaogui1,1,0.00127,53198,67.80875,78453
11028,joaquinjsb,1,0.00127,53199,67.81003,78453
11029,joaquinza,1,0.00127,53200,67.81130,78453
11030,Joava,1,0.00127,53201,67.81258,78453
11031,jobetinfosec,1,0.00127,53202,67.81385,78453
11032,jochembroekhoff,1,0.00127,53203,67.81512,78453
11033,jochristian,1,0.00127,53204,67.81640,78453
11034,jodhi,1,0.00127,53205,67.81767,78453
11035,joecrop,1,0.00127,53206,67.81895,78453
11036,joegraviton,1,0.00127,53207,67.82022,78453
11037,joehorsnell,1,0.00127,53208,67.82150,78453
11038,joekrill,1,0.00127,53209,67.82277,78453
11039,joelcox22,1,0.00127,53210,67.82405,78453
11040,joelerbork,1,0.00127,53211,67.82532,78453
11041,joel-simonsson,1,0.00127,53212,67.82660,78453
11042,JoelTrain,1,0.00127,53213,67.82787,78453
11043,JoeMinty,1,0.00127,53214,67.82915,78453
11044,JoePassanante,1,0.00127,53215,67.83042,78453
11045,joeratos,1,0.00127,53216,67.83170,78453
11046,joerghoh,1,0.00127,53217,67.83297,78453
11047,joes,1,0.00127,53218,67.83424,78453
11048,JoeTheVoices,1,0.00127,53219,67.83552,78453
11049,joeynaor,1,0.00127,53220,67.83679,78453
11050,joey-yoonsung,1,0.00127,53221,67.83807,78453
11051,joggeli34,1,0.00127,53222,67.83934,78453
11052,johannes85,1,0.00127,53223,67.84062,78453
11053,JohanRyberg,1,0.00127,53224,67.84189,78453
11054,John4266,1,0.00127,53225,67.84317,78453
11055,JohnBjrk,1,0.00127,53226,67.84444,78453
11056,john-jun,1,0.00127,53227,67.84572,78453
11057,johnkk84,1,0.00127,53228,67.84699,78453
11058,johnmacdowall,1,0.00127,53229,67.84827,78453
11059,JohnnyLufa,1,0.00127,53230,67.84954,78453
11060,johnrichardrinehart,1,0.00127,53231,67.85082,78453
11061,johnsmclay,1,0.00127,53232,67.85209,78453
11062,johnson2677,1,0.00127,53233,67.85336,78453
11063,johnyeoh,1,0.00127,53234,67.85464,78453
11064,join2ashish,1,0.00127,53235,67.85591,78453
11065,joinvimals,1,0.00127,53236,67.85719,78453
11066,jojolb,1,0.00127,53237,67.85846,78453
11067,jokicnikola07,1,0.00127,53238,67.85974,78453
11068,jon-abdulloev-globality,1,0.00127,53239,67.86101,78453
11069,jonasem,1,0.00127,53240,67.86229,78453
11070,jonathan-albrecht-ibm,1,0.00127,53241,67.86356,78453
11071,jonathan-foxx,1,0.00127,53242,67.86484,78453
11072,Jonaz1982,1,0.00127,53243,67.86611,78453
11073,Jon-Call,1,0.00127,53244,67.86739,78453
11074,joncoelloaccess,1,0.00127,53245,67.86866,78453
11075,joneug,1,0.00127,53246,67.86993,78453
11076,Jon-Gaara,1,0.00127,53247,67.87121,78453
11077,jon-grey,1,0.00127,53248,67.87248,78453
11078,jonlar,1,0.00127,53249,67.87376,78453
11079,jonmchu,1,0.00127,53250,67.87503,78453
11080,jonmikeli,1,0.00127,53251,67.87631,78453
11081,jonnybell895,1,0.00127,53252,67.87758,78453
11082,jonschwartz,1,0.00127,53253,67.87886,78453
11083,joojscript,1,0.00127,53254,67.88013,78453
11084,JoostvdB94,1,0.00127,53255,67.88141,78453
11085,jopapo,1,0.00127,53256,67.88268,78453
11086,joppino,1,0.00127,53257,67.88396,78453
11087,jorcelinojunior,1,0.00127,53258,67.88523,78453
11088,jordangullen,1,0.00127,53259,67.88651,78453
11089,JordanPawlett,1,0.00127,53260,67.88778,78453
11090,jordanrule,1,0.00127,53261,67.88905,78453
11091,jordan-seemplicity,1,0.00127,53262,67.89033,78453
11092,JordyWTC,1,0.00127,53263,67.89160,78453
11093,Jorge-Zed,1,0.00127,53264,67.89288,78453
11094,jorimvanhove,1,0.00127,53265,67.89415,78453
11095,jorisaxual,1,0.00127,53266,67.89543,78453
11096,joriskt,1,0.00127,53267,67.89670,78453
11097,jornh,1,0.00127,53268,67.89798,78453
11098,josandstrom,1,0.00127,53269,67.89925,78453
11099,JoseAlvarezSonos,1,0.00127,53270,67.90053,78453
11100,JoseAntonioConde,1,0.00127,53271,67.90180,78453
11101,josegarridoa,1,0.00127,53272,67.90308,78453
11102,JosemyDuarte,1,0.00127,53273,67.90435,78453
11103,josenetoo,1,0.00127,53274,67.90563,78453
11104,josephearl,1,0.00127,53275,67.90690,78453
11105,Joseph-Hong,1,0.00127,53276,67.90817,78453
11106,josephvano,1,0.00127,53277,67.90945,78453
11107,joseph-woodward-form3,1,0.00127,53278,67.91072,78453
11108,josephykwang,1,0.00127,53279,67.91200,78453
11109,joshbressers,1,0.00127,53280,67.91327,78453
11110,joshcass,1,0.00127,53281,67.91455,78453
11111,JoshInLisbon,1,0.00127,53282,67.91582,78453
11112,Josh-Meyer,1,0.00127,53283,67.91710,78453
11113,joshsten,1,0.00127,53284,67.91837,78453
11114,JoshuaFox,1,0.00127,53285,67.91965,78453
11115,joshuakarp,1,0.00127,53286,67.92092,78453
11116,joshua-sp,1,0.00127,53287,67.92220,78453
11117,joshunger,1,0.00127,53288,67.92347,78453
11118,JotaCruz20,1,0.00127,53289,67.92474,78453
11119,jotka,1,0.00127,53290,67.92602,78453
11120,jovalle,1,0.00127,53291,67.92729,78453
11121,jowrjowr,1,0.00127,53292,67.92857,78453
11122,joy2323,1,0.00127,53293,67.92984,78453
11123,joyalvarghese,1,0.00127,53294,67.93112,78453
11124,joyce-ma,1,0.00127,53295,67.93239,78453
11125,joyceol,1,0.00127,53296,67.93367,78453
11126,joyyir,1,0.00127,53297,67.93494,78453
11127,jozefhalgas,1,0.00127,53298,67.93622,78453
11128,jpc,1,0.00127,53299,67.93749,78453
11129,jpellman,1,0.00127,53300,67.93877,78453
11130,jperttul,1,0.00127,53301,67.94004,78453
11131,jpflick,1,0.00127,53302,67.94132,78453
11132,jpic,1,0.00127,53303,67.94259,78453
11133,jpikoulas,1,0.00127,53304,67.94386,78453
11134,jpp06,1,0.00127,53305,67.94514,78453
11135,jps1215,1,0.00127,53306,67.94641,78453
11136,jpthompson23,1,0.00127,53307,67.94769,78453
11137,jpveritone,1,0.00127,53308,67.94896,78453
11138,jpwijbenga,1,0.00127,53309,67.95024,78453
11139,jr64,1,0.00127,53310,67.95151,78453
11140,jradikk,1,0.00127,53311,67.95279,78453
11141,jr-araujo,1,0.00127,53312,67.95406,78453
11142,jrcampbell2,1,0.00127,53313,67.95534,78453
11143,jreamy,1,0.00127,53314,67.95661,78453
11144,jrehnen,1,0.00127,53315,67.95789,78453
11145,JReverse,1,0.00127,53316,67.95916,78453
11146,jrgongora,1,0.00127,53317,67.96043,78453
11147,jrsdav,1,0.00127,53318,67.96171,78453
11148,jrsherry,1,0.00127,53319,67.96298,78453
11149,jrsmroz,1,0.00127,53320,67.96426,78453
11150,js0cha,1,0.00127,53321,67.96553,78453
11151,jsammut1976,1,0.00127,53322,67.96681,78453
11152,jsburckhardt,1,0.00127,53323,67.96808,78453
11153,jschwanz,1,0.00127,53324,67.96936,78453
11154,jsnbuchanan,1,0.00127,53325,67.97063,78453
11155,jsntmaoxx,1,0.00127,53326,67.97191,78453
11156,jspaith,1,0.00127,53327,67.97318,78453
11157,jspeed-meyers,1,0.00127,53328,67.97446,78453
11158,jstastny,1,0.00127,53329,67.97573,78453
11159,jstdips,1,0.00127,53330,67.97701,78453
11160,jsuarezm,1,0.00127,53331,67.97828,78453
11161,JTBlanchard,1,0.00127,53332,67.97955,78453
11162,jthunderbird,1,0.00127,53333,67.98083,78453
11163,jtrbs,1,0.00127,53334,67.98210,78453
11164,Jt-Va,1,0.00127,53335,67.98338,78453
11165,jtzell,1,0.00127,53336,67.98465,78453
11166,juadk,1,0.00127,53337,67.98593,78453
11167,juanantoniocid,1,0.00127,53338,67.98720,78453
11168,juchom,1,0.00127,53339,67.98848,78453
11169,JudeSafo,1,0.00127,53340,67.98975,78453
11170,judyliu-ms,1,0.00127,53341,67.99103,78453
11171,jufabeck2202,1,0.00127,53342,67.99230,78453
11172,jufantozzi,1,0.00127,53343,67.99358,78453
11173,juhongwu,1,0.00127,53344,67.99485,78453
11174,juiceppe,1,0.00127,53345,67.99613,78453
11175,jukelly,1,0.00127,53346,67.99740,78453
11176,julealgon,1,0.00127,53347,67.99867,78453
11177,Juliahahaha,1,0.00127,53348,67.99995,78453
11178,JuliaJia,1,0.00127,53349,68.00122,78453
11179,Julia-Melgare,1,0.00127,53350,68.00250,78453
11180,julianhahn,1,0.00127,53351,68.00377,78453
11181,julian-hecker,1,0.00127,53352,68.00505,78453
11182,julianogv,1,0.00127,53353,68.00632,78453
11183,julianrubino,1,0.00127,53354,68.00760,78453
11184,julianseeger,1,0.00127,53355,68.00887,78453
11185,julienbonastre,1,0.00127,53356,68.01015,78453
11186,julienlavergne,1,0.00127,53357,68.01142,78453
11187,jume-dev,1,0.00127,53358,68.01270,78453
11188,jundizhou,1,0.00127,53359,68.01397,78453
11189,June1991,1,0.00127,53360,68.01524,78453
11190,junekhan,1,0.00127,53361,68.01652,78453
11191,Junfeng-CMU,1,0.00127,53362,68.01779,78453
11192,jungan21,1,0.00127,53363,68.01907,78453
11193,jungle-gym-ac,1,0.00127,53364,68.02034,78453
11194,JunjieLl,1,0.00127,53365,68.02162,78453
11195,Junkern,1,0.00127,53366,68.02289,78453
11196,junydania,1,0.00127,53367,68.02417,78453
11197,jurabek,1,0.00127,53368,68.02544,78453
11198,JUST1CEjohnson,1,0.00127,53369,68.02672,78453
11199,justas147,1,0.00127,53370,68.02799,78453
11200,justinrosenthal,1,0.00127,53371,68.02927,78453
11201,JustinT01,1,0.00127,53372,68.03054,78453
11202,justinwujian,1,0.00127,53373,68.03182,78453
11203,justme-sports,1,0.00127,53374,68.03309,78453
11204,JustynaMisiak-TomTom,1,0.00127,53375,68.03436,78453
11205,justyntemme,1,0.00127,53376,68.03564,78453
11206,juur,1,0.00127,53377,68.03691,78453
11207,juzy,1,0.00127,53378,68.03819,78453
11208,jvaesteves,1,0.00127,53379,68.03946,78453
11209,jvdrean,1,0.00127,53380,68.04074,78453
11210,jvinceller,1,0.00127,53381,68.04201,78453
11211,jvitor03,1,0.00127,53382,68.04329,78453
11212,jvlahari,1,0.00127,53383,68.04456,78453
11213,jwarfieldpwny,1,0.00127,53384,68.04584,78453
11214,jwdonahue,1,0.00127,53385,68.04711,78453
11215,jweschenfelder,1,0.00127,53386,68.04839,78453
11216,jwgukr,1,0.00127,53387,68.04966,78453
11217,jwlawrence,1,0.00127,53388,68.05093,78453
11218,jwnmulder,1,0.00127,53389,68.05221,78453
11219,jw-websensa,1,0.00127,53390,68.05348,78453
11220,JYlag,1,0.00127,53391,68.05476,78453
11221,jynolen,1,0.00127,53392,68.05603,78453
11222,jzcq89,1,0.00127,53393,68.05731,78453
11223,jzyrobert,1,0.00127,53394,68.05858,78453
11224,k2patel,1,0.00127,53395,68.05986,78453
11225,k4u5hik,1,0.00127,53396,68.06113,78453
11226,k725,1,0.00127,53397,68.06241,78453
11227,K890,1,0.00127,53398,68.06368,78453
11228,kadamanas93,1,0.00127,53399,68.06496,78453
11229,kadeatfox,1,0.00127,53400,68.06623,78453
11230,kadtendulkar,1,0.00127,53401,68.06751,78453
11231,kagemusha-sgs,1,0.00127,53402,68.06878,78453
11232,KagurazakaNyaa,1,0.00127,53403,68.07005,78453
11233,kaikash,1,0.00127,53404,68.07133,78453
11234,Kailash-Ramco,1,0.00127,53405,68.07260,78453
11235,KaiOdenthal,1,0.00127,53406,68.07388,78453
11236,KairenP,1,0.00127,53407,68.07515,78453
11237,KaiserKarel,1,0.00127,53408,68.07643,78453
11238,kajla,1,0.00127,53409,68.07770,78453
11239,kaka1365,1,0.00127,53410,68.07898,78453
11240,kakkakak,1,0.00127,53411,68.08025,78453
11241,Kaktor,1,0.00127,53412,68.08153,78453
11242,KalaRaja,1,0.00127,53413,68.08280,78453
11243,kaliberr44,1,0.00127,53414,68.08408,78453
11244,kallusakar,1,0.00127,53415,68.08535,78453
11245,KALoftin,1,0.00127,53416,68.08663,78453
11246,kalooza074,1,0.00127,53417,68.08790,78453
11247,kalpeshhpatel,1,0.00127,53418,68.08917,78453
11248,Kamalesh3112,1,0.00127,53419,68.09045,78453
11249,kambei,1,0.00127,53420,68.09172,78453
11250,kamikyo,1,0.00127,53421,68.09300,78453
11251,Kamil10p,1,0.00127,53422,68.09427,78453
11252,KamilKBR,1,0.00127,53423,68.09555,78453
11253,kamil-wojcik,1,0.00127,53424,68.09682,78453
11254,kamiNaranjo,1,0.00127,53425,68.09810,78453
11255,kaminzo,1,0.00127,53426,68.09937,78453
11256,kanchwala-yusuf,1,0.00127,53427,68.10065,78453
11257,kangclzjc,1,0.00127,53428,68.10192,78453
11258,kaniini,1,0.00127,53429,68.10320,78453
11259,KanikaBishnoi,1,0.00127,53430,68.10447,78453
11260,kanwarysingh,1,0.00127,53431,68.10574,78453
11261,kanxoramesh,1,0.00127,53432,68.10702,78453
11262,kaorihinata,1,0.00127,53433,68.10829,78453
11263,kapad,1,0.00127,53434,68.10957,78453
11264,kapec94,1,0.00127,53435,68.11084,78453
11265,KapilYadava,1,0.00127,53436,68.11212,78453
11266,Kar1na90,1,0.00127,53437,68.11339,78453
11267,karagog,1,0.00127,53438,68.11467,78453
11268,karanalang,1,0.00127,53439,68.11594,78453
11269,Kareemkamel,1,0.00127,53440,68.11722,78453
11270,kareemshahin,1,0.00127,53441,68.11849,78453
11271,karegoie,1,0.00127,53442,68.11977,78453
11272,Karelweb,1,0.00127,53443,68.12104,78453
11273,karianna,1,0.00127,53444,68.12232,78453
11274,karimib,1,0.00127,53445,68.12359,78453
11275,karlmuscat-dpg,1,0.00127,53446,68.12486,78453
11276,karlroberts,1,0.00127,53447,68.12614,78453
11277,karol-bisztyga,1,0.00127,53448,68.12741,78453
11278,karol-cybul-bis,1,0.00127,53449,68.12869,78453
11279,karolmigo,1,0.00127,53450,68.12996,78453
11280,karthikvarada0204,1,0.00127,53451,68.13124,78453
11281,Kartikeya99,1,0.00127,53452,68.13251,78453
11282,karuboniru,1,0.00127,53453,68.13379,78453
11283,kashapovd,1,0.00127,53454,68.13506,78453
11284,KashmiraGhom,1,0.00127,53455,68.13634,78453
11285,KastenMike,1,0.00127,53456,68.13761,78453
11286,kasteph,1,0.00127,53457,68.13889,78453
11287,KateCatlin,1,0.00127,53458,68.14016,78453
11288,Kausik-A,1,0.00127,53459,68.14143,78453
11289,kavaldeep,1,0.00127,53460,68.14271,78453
11290,kavinkumarc,1,0.00127,53461,68.14398,78453
11291,Kay1234567890,1,0.00127,53462,68.14526,78453
11292,kayceeDev,1,0.00127,53463,68.14653,78453
11293,kaysond,1,0.00127,53464,68.14781,78453
11294,KazakovDenis,1,0.00127,53465,68.14908,78453
11295,kbiernat,1,0.00127,53466,68.15036,78453
11296,kbychu,1,0.00127,53467,68.15163,78453
11297,kcasas,1,0.00127,53468,68.15291,78453
11298,kcftech-coding-challenge,1,0.00127,53469,68.15418,78453
11299,kcollasarundell,1,0.00127,53470,68.15546,78453
11300,kCyborg,1,0.00127,53471,68.15673,78453
11301,kdessai19,1,0.00127,53472,68.15801,78453
11302,kdhamric,1,0.00127,53473,68.15928,78453
11303,ke1satsu,1,0.00127,53474,68.16055,78453
11304,keeganwinchester-shipt,1,0.00127,53475,68.16183,78453
11305,Keep-working-enthusiasm,1,0.00127,53476,68.16310,78453
11306,KeerthiYandaOS,1,0.00127,53477,68.16438,78453
11307,kefik,1,0.00127,53478,68.16565,78453
11308,keith0591,1,0.00127,53479,68.16693,78453
11309,Keith-Hon,1,0.00127,53480,68.16820,78453
11310,Keloran,1,0.00127,53481,68.16948,78453
11311,KelvinVenancio,1,0.00127,53482,68.17075,78453
11312,Kenme1234,1,0.00127,53483,68.17203,78453
11313,kenny-heyi,1,0.00127,53484,68.17330,78453
11314,kenodressel,1,0.00127,53485,68.17458,78453
11315,kerberosmansour,1,0.00127,53486,68.17585,78453
11316,kernle32dll,1,0.00127,53487,68.17713,78453
11317,keshandrr,1,0.00127,53488,68.17840,78453
11318,ketankr9,1,0.00127,53489,68.17967,78453
11319,kethahel99,1,0.00127,53490,68.18095,78453
11320,keunlee,1,0.00127,53491,68.18222,78453
11321,kevinantonythomas,1,0.00127,53492,68.18350,78453
11322,KevinBdev,1,0.00127,53493,68.18477,78453
11323,kevinharing,1,0.00127,53494,68.18605,78453
11324,kevinlinglesas,1,0.00127,53495,68.18732,78453
11325,kevinlul,1,0.00127,53496,68.18860,78453
11326,kevintatro,1,0.00127,53497,68.18987,78453
11327,kevinwangcn,1,0.00127,53498,68.19115,78453
11328,kevinxxq,1,0.00127,53499,68.19242,78453
11329,keviny11,1,0.00127,53500,68.19370,78453
11330,Kewei-Lu,1,0.00127,53501,68.19497,78453
11331,kgalli,1,0.00127,53502,68.19624,78453
11332,kgeipel-retail7,1,0.00127,53503,68.19752,78453
11333,kgyovai,1,0.00127,53504,68.19879,78453
11334,khaldelshiekh,1,0.00127,53505,68.20007,78453
11335,khalilj,1,0.00127,53506,68.20134,78453
11336,khalilnechi,1,0.00127,53507,68.20262,78453
11337,Khancancancan,1,0.00127,53508,68.20389,78453
11338,khanh-nguyen-code,1,0.00127,53509,68.20517,78453
11339,khayong,1,0.00127,53510,68.20644,78453
11340,Khodesaeed,1,0.00127,53511,68.20772,78453
11341,kilimar,1,0.00127,53512,68.20899,78453
11342,killercoda-github,1,0.00127,53513,68.21027,78453
11343,killerwhile,1,0.00127,53514,68.21154,78453
11344,killerzwelch,1,0.00127,53515,68.21282,78453
11345,killua202,1,0.00127,53516,68.21409,78453
11346,kimlehtinen,1,0.00127,53517,68.21536,78453
11347,KimSeongIl,1,0.00127,53518,68.21664,78453
11348,kimte124,1,0.00127,53519,68.21791,78453
11349,kimvu3010,1,0.00127,53520,68.21919,78453
11350,kimyongyeon,1,0.00127,53521,68.22046,78453
11351,kingalok,1,0.00127,53522,68.22174,78453
11352,kingbling,1,0.00127,53523,68.22301,78453
11353,kinglong08,1,0.00127,53524,68.22429,78453
11354,kingofdisasterr,1,0.00127,53525,68.22556,78453
11355,kingsxiaoz,1,0.00127,53526,68.22684,78453
11356,kingyang,1,0.00127,53527,68.22811,78453
11357,kinihun,1,0.00127,53528,68.22939,78453
11358,kinoute,1,0.00127,53529,68.23066,78453
11359,Kinrany,1,0.00127,53530,68.23194,78453
11360,KiranHighNote,1,0.00127,53531,68.23321,78453
11361,kirt13,1,0.00127,53532,68.23448,78453
11362,kirtisagar,1,0.00127,53533,68.23576,78453
11363,Kirubason,1,0.00127,53534,68.23703,78453
11364,KishinNext,1,0.00127,53535,68.23831,78453
11365,kiskesis,1,0.00127,53536,68.23958,78453
11366,kjagiello,1,0.00127,53537,68.24086,78453
11367,kjpark,1,0.00127,53538,68.24213,78453
11368,kkroening,1,0.00127,53539,68.24341,78453
11369,kky-fury,1,0.00127,53540,68.24468,78453
11370,kkyu-art,1,0.00127,53541,68.24596,78453
11371,klauern,1,0.00127,53542,68.24723,78453
11372,klerick,1,0.00127,53543,68.24851,78453
11373,kliarist,1,0.00127,53544,68.24978,78453
11374,klolik,1,0.00127,53545,68.25105,78453
11375,kmahelona,1,0.00127,53546,68.25233,78453
11376,kmaheswar,1,0.00127,53547,68.25360,78453
11377,kmannuz,1,0.00127,53548,68.25488,78453
11378,kmcarol26,1,0.00127,53549,68.25615,78453
11379,kmdnexusvsts,1,0.00127,53550,68.25743,78453
11380,kmoppel-cognite,1,0.00127,53551,68.25870,78453
11381,knarewski,1,0.00127,53552,68.25998,78453
11382,kniec,1,0.00127,53553,68.26125,78453
11383,Knittybird,1,0.00127,53554,68.26253,78453
11384,knksmith57,1,0.00127,53555,68.26380,78453
11385,ko185061,1,0.00127,53556,68.26508,78453
11386,Kobidav,1,0.00127,53557,68.26635,78453
11387,Kogs,1,0.00127,53558,68.26763,78453
11388,kokolight,1,0.00127,53559,68.26890,78453
11389,kokoska69,1,0.00127,53560,68.27017,78453
11390,kollachaitanyakrishna,1,0.00127,53561,68.27145,78453
11391,kollurukailash,1,0.00127,53562,68.27272,78453
11392,kolovo,1,0.00127,53563,68.27400,78453
11393,komalgade,1,0.00127,53564,68.27527,78453
11394,kon-angelo,1,0.00127,53565,68.27655,78453
11395,konrad945,1,0.00127,53566,68.27782,78453
11396,korcky,1,0.00127,53567,68.27910,78453
11397,Korusuke,1,0.00127,53568,68.28037,78453
11398,koschos,1,0.00127,53569,68.28165,78453
11399,kothabindu,1,0.00127,53570,68.28292,78453
11400,kot-pilot,1,0.00127,53571,68.28420,78453
11401,koushyk,1,0.00127,53572,68.28547,78453
11402,kousikrv,1,0.00127,53573,68.28674,78453
11403,KoVaLsKy2010,1,0.00127,53574,68.28802,78453
11404,kpalaparthi,1,0.00127,53575,68.28929,78453
11405,kpaningipalli,1,0.00127,53576,68.29057,78453
11406,kpinarci,1,0.00127,53577,68.29184,78453
11407,kprateep,1,0.00127,53578,68.29312,78453
11408,krabradosty,1,0.00127,53579,68.29439,78453
11409,kratkyzobak,1,0.00127,53580,68.29567,78453
11410,krayne,1,0.00127,53581,68.29694,78453
11411,Krebsmar,1,0.00127,53582,68.29822,78453
11412,krfong916,1,0.00127,53583,68.29949,78453
11413,Krijger,1,0.00127,53584,68.30077,78453
11414,krim404,1,0.00127,53585,68.30204,78453
11415,krisand,1,0.00127,53586,68.30332,78453
11416,KrishAryan,1,0.00127,53587,68.30459,78453
11417,krishnakumar797,1,0.00127,53588,68.30586,78453
11418,KrisLau,1,0.00127,53589,68.30714,78453
11419,kristianpaynova,1,0.00127,53590,68.30841,78453
11420,kristina-hager,1,0.00127,53591,68.30969,78453
11421,KritR,1,0.00127,53592,68.31096,78453
11422,Krizz,1,0.00127,53593,68.31224,78453
11423,kroehre,1,0.00127,53594,68.31351,78453
11424,krohila,1,0.00127,53595,68.31479,78453
11425,kromnomo,1,0.00127,53596,68.31606,78453
11426,krsaurav044,1,0.00127,53597,68.31734,78453
11427,krsnvijay,1,0.00127,53598,68.31861,78453
11428,krushnakantb,1,0.00127,53599,68.31989,78453
11429,KRV25,1,0.00127,53600,68.32116,78453
11430,ksanislo,1,0.00127,53601,68.32244,78453
11431,kseckinc,1,0.00127,53602,68.32371,78453
11432,ksharif-ac,1,0.00127,53603,68.32498,78453
11433,ksmiller-dispatch,1,0.00127,53604,68.32626,78453
11434,ksooner,1,0.00127,53605,68.32753,78453
11435,kstephan-wescale,1,0.00127,53606,68.32881,78453
11436,kstest1,1,0.00127,53607,68.33008,78453
11437,ks-yim,1,0.00127,53608,68.33136,78453
11438,k-szortyka,1,0.00127,53609,68.33263,78453
11439,ktoolss,1,0.00127,53610,68.33391,78453
11440,kuacuia2,1,0.00127,53611,68.33518,78453
11441,kuanwwang,1,0.00127,53612,68.33646,78453
11442,kubabialy,1,0.00127,53613,68.33773,78453
11443,kubeguide,1,0.00127,53614,68.33901,78453
11444,kubernegit,1,0.00127,53615,68.34028,78453
11445,kubino148,1,0.00127,53616,68.34155,78453
11446,kubixcloud,1,0.00127,53617,68.34283,78453
11447,KubraOzkann,1,0.00127,53618,68.34410,78453
11448,kuhlman-labs,1,0.00127,53619,68.34538,78453
11449,kulavvy,1,0.00127,53620,68.34665,78453
11450,kulbirsaini30,1,0.00127,53621,68.34793,78453
11451,kulsoomzahra,1,0.00127,53622,68.34920,78453
11452,Kumaravinash9,1,0.00127,53623,68.35048,78453
11453,Kumassy,1,0.00127,53624,68.35175,78453
11454,kungfupanda792,1,0.00127,53625,68.35303,78453
11455,kun-hackle,1,0.00127,53626,68.35430,78453
11456,Kunkunprince,1,0.00127,53627,68.35558,78453
11457,kuntal1996,1,0.00127,53628,68.35685,78453
11458,kuraleb,1,0.00127,53629,68.35813,78453
11459,kurtb,1,0.00127,53630,68.35940,78453
11460,kurtseifried,1,0.00127,53631,68.36067,78453
11461,kuskoman,1,0.00127,53632,68.36195,78453
11462,kutovoy,1,0.00127,53633,68.36322,78453
11463,Kuzbekov,1,0.00127,53634,68.36450,78453
11464,kvijay1918,1,0.00127,53635,68.36577,78453
11465,kvmukhin,1,0.00127,53636,68.36705,78453
11466,kvspb,1,0.00127,53637,68.36832,78453
11467,kwaicsse,1,0.00127,53638,68.36960,78453
11468,Kwaiseec,1,0.00127,53639,68.37087,78453
11469,kwkgaya,1,0.00127,53640,68.37215,78453
11470,kxs-jnadeau,1,0.00127,53641,68.37342,78453
11471,Kybeer,1,0.00127,53642,68.37470,78453
11472,kylegibbons,1,0.00127,53643,68.37597,78453
11473,kylezhang,1,0.00127,53644,68.37724,78453
11474,KyongSik-Yoon,1,0.00127,53645,68.37852,78453
11475,kyorav,1,0.00127,53646,68.37979,78453
11476,kz33,1,0.00127,53647,68.38107,78453
11477,kzvonov,1,0.00127,53648,68.38234,78453
11478,l0u1sg,1,0.00127,53649,68.38362,78453
11479,labdidi,1,0.00127,53650,68.38489,78453
11480,lachezar,1,0.00127,53651,68.38617,78453
11481,Ladcjh04,1,0.00127,53652,68.38744,78453
11482,lado-golijashvili-rft,1,0.00127,53653,68.38872,78453
11483,lahuman,1,0.00127,53654,68.38999,78453
11484,laiwubangzi,1,0.00127,53655,68.39127,78453
11485,lakhansamani,1,0.00127,53656,68.39254,78453
11486,lakshmisivareddy,1,0.00127,53657,68.39382,78453
11487,LanceSandino,1,0.00127,53658,68.39509,78453
11488,landrunner,1,0.00127,53659,68.39636,78453
11489,langsamu,1,0.00127,53660,68.39764,78453
11490,laptimus,1,0.00127,53661,68.39891,78453
11491,larkintuckerllc,1,0.00127,53662,68.40019,78453
11492,larmar,1,0.00127,53663,68.40146,78453
11493,larryli2,1,0.00127,53664,68.40274,78453
11494,larsl-net,1,0.00127,53665,68.40401,78453
11495,laskdjlaskdj12,1,0.00127,53666,68.40529,78453
11496,Lattice-zjj,1,0.00127,53667,68.40656,78453
11497,laundy,1,0.00127,53668,68.40784,78453
11498,laupse,1,0.00127,53669,68.40911,78453
11499,Laurens-T,1,0.00127,53670,68.41039,78453
11500,LaurensVanAcker,1,0.00127,53671,68.41166,78453
11501,Lavanya-Anbalagan,1,0.00127,53672,68.41294,78453
11502,lavcraft,1,0.00127,53673,68.41421,78453
11503,lavih,1,0.00127,53674,68.41548,78453
11504,lawrenceong,1,0.00127,53675,68.41676,78453
11505,lawschlosser,1,0.00127,53676,68.41803,78453
11506,lazorfuzz,1,0.00127,53677,68.41931,78453
11507,Lazzu,1,0.00127,53678,68.42058,78453
11508,lbarnkow,1,0.00127,53679,68.42186,78453
11509,lbednaszynski,1,0.00127,53680,68.42313,78453
11510,lbodtke,1,0.00127,53681,68.42441,78453
11511,lborisevich-clgx,1,0.00127,53682,68.42568,78453
11512,lbw611,1,0.00127,53683,68.42696,78453
11513,lc-bitsec,1,0.00127,53684,68.42823,78453
11514,lcharest-godaddy,1,0.00127,53685,68.42951,78453
11515,ldawert-sys11,1,0.00127,53686,68.43078,78453
11516,ldevore-indigoag,1,0.00127,53687,68.43205,78453
11517,ldh761,1,0.00127,53688,68.43333,78453
11518,ldichiro,1,0.00127,53689,68.43460,78453
11519,ldimitrov,1,0.00127,53690,68.43588,78453
11520,le0nard01,1,0.00127,53691,68.43715,78453
11521,le2sky,1,0.00127,53692,68.43843,78453
11522,leafs99,1,0.00127,53693,68.43970,78453
11523,leandroaur,1,0.00127,53694,68.44098,78453
11524,Leandroschwab,1,0.00127,53695,68.44225,78453
11525,learnernk,1,0.00127,53696,68.44353,78453
11526,leavesster,1,0.00127,53697,68.44480,78453
11527,lechaimwilson,1,0.00127,53698,68.44608,78453
11528,ledergec,1,0.00127,53699,68.44735,78453
11529,lee-count-from-zero,1,0.00127,53700,68.44863,78453
11530,LeedomX,1,0.00127,53701,68.44990,78453
11531,Leedwing,1,0.00127,53702,68.45117,78453
11532,leehanel,1,0.00127,53703,68.45245,78453
11533,leejean-wq,1,0.00127,53704,68.45372,78453
11534,leemeichin,1,0.00127,53705,68.45500,78453
11535,leemos-xx,1,0.00127,53706,68.45627,78453
11536,Leenie,1,0.00127,53707,68.45755,78453
11537,leforthomas,1,0.00127,53708,68.45882,78453
11538,Legomegger,1,0.00127,53709,68.46010,78453
11539,leguellec,1,0.00127,53710,68.46137,78453
11540,leibnitz85,1,0.00127,53711,68.46265,78453
11541,Leidrin,1,0.00127,53712,68.46392,78453
11542,leisurelyclouds,1,0.00127,53713,68.46520,78453
11543,LeiZhuYe,1,0.00127,53714,68.46647,78453
11544,lemmikens,1,0.00127,53715,68.46775,78453
11545,LemmyHuang,1,0.00127,53716,68.46902,78453
11546,lemongarbage,1,0.00127,53717,68.47029,78453
11547,LennartTimmers,1,0.00127,53718,68.47157,78453
11548,leokhachatorians,1,0.00127,53719,68.47284,78453
11549,leoll2,1,0.00127,53720,68.47412,78453
11550,Leomuuu,1,0.00127,53721,68.47539,78453
11551,leonelvsc,1,0.00127,53722,68.47667,78453
11552,leonK-DI,1,0.00127,53723,68.47794,78453
11553,leonstafford,1,0.00127,53724,68.47922,78453
11554,leonwiddershoven,1,0.00127,53725,68.48049,78453
11555,leonwind,1,0.00127,53726,68.48177,78453
11556,Leovilhena,1,0.00127,53727,68.48304,78453
11557,lephuongbg,1,0.00127,53728,68.48432,78453
11558,leroyZTE,1,0.00127,53729,68.48559,78453
11559,Lesaria,1,0.00127,53730,68.48686,78453
11560,letmewearshoes,1,0.00127,53731,68.48814,78453
11561,LetoLetoD,1,0.00127,53732,68.48941,78453
11562,letseeqiji,1,0.00127,53733,68.49069,78453
11563,leungtimothy,1,0.00127,53734,68.49196,78453
11564,LevanJ,1,0.00127,53735,68.49324,78453
11565,levanlongktmt,1,0.00127,53736,68.49451,78453
11566,LeviLong01,1,0.00127,53737,68.49579,78453
11567,levincarmel,1,0.00127,53738,68.49706,78453
11568,LevitatingKraken,1,0.00127,53739,68.49834,78453
11569,levitomer,1,0.00127,53740,68.49961,78453
11570,levleontiev,1,0.00127,53741,68.50089,78453
11571,lewandowskim1988,1,0.00127,53742,68.50216,78453
11572,lewiseason,1,0.00127,53743,68.50344,78453
11573,Le-Zheng,1,0.00127,53744,68.50471,78453
11574,lftgl,1,0.00127,53745,68.50598,78453
11575,lgandras,1,0.00127,53746,68.50726,78453
11576,lgelisio,1,0.00127,53747,68.50853,78453
11577,lgov,1,0.00127,53748,68.50981,78453
11578,lhauspicious,1,0.00127,53749,68.51108,78453
11579,lholland421,1,0.00127,53750,68.51236,78453
11580,lhorie,1,0.00127,53751,68.51363,78453
11581,liamchzh,1,0.00127,53752,68.51491,78453
11582,liangxj8,1,0.00127,53753,68.51618,78453
11583,libanglang,1,0.00127,53754,68.51746,78453
11584,libbkmz,1,0.00127,53755,68.51873,78453
11585,libcthorne,1,0.00127,53756,68.52001,78453
11586,liborui,1,0.00127,53757,68.52128,78453
11587,liboz,1,0.00127,53758,68.52255,78453
11588,librah,1,0.00127,53759,68.52383,78453
11589,lichti81,1,0.00127,53760,68.52510,78453
11590,LiddersUK,1,0.00127,53761,68.52638,78453
11591,li-ding,1,0.00127,53762,68.52765,78453
11592,lifighter,1,0.00127,53763,68.52893,78453
11593,lihaosheng191240022,1,0.00127,53764,68.53020,78453
11594,LijieZhou,1,0.00127,53765,68.53148,78453
11595,LiJinJinJIn,1,0.00127,53766,68.53275,78453
11596,lijok,1,0.00127,53767,68.53403,78453
11597,lilianghao8,1,0.00127,53768,68.53530,78453
11598,liluo1990,1,0.00127,53769,68.53658,78453
11599,lily-es,1,0.00127,53770,68.53785,78453
11600,lime008,1,0.00127,53771,68.53913,78453
11601,liminxufen,1,0.00127,53772,68.54040,78453
11602,lindblombr,1,0.00127,53773,68.54167,78453
11603,Lin-ermao,1,0.00127,53774,68.54295,78453
11604,lingdor,1,0.00127,53775,68.54422,78453
11605,linhnvhicts,1,0.00127,53776,68.54550,78453
11606,linhuatan,1,0.00127,53777,68.54677,78453
11607,linjian2022,1,0.00127,53778,68.54805,78453
11608,linkafsar,1,0.00127,53779,68.54932,78453
11609,LinPin7994,1,0.00127,53780,68.55060,78453
11610,linqianye,1,0.00127,53781,68.55187,78453
11611,LinRds,1,0.00127,53782,68.55315,78453
11612,linuxeryt,1,0.00127,53783,68.55442,78453
11613,linuxhatto,1,0.00127,53784,68.55570,78453
11614,linuxmaniac,1,0.00127,53785,68.55697,78453
11615,liofko,1,0.00127,53786,68.55825,78453
11616,lioneltidjon,1,0.00127,53787,68.55952,78453
11617,LionH,1,0.00127,53788,68.56079,78453
11618,LionOnTheChase,1,0.00127,53789,68.56207,78453
11619,LiorAmram,1,0.00127,53790,68.56334,78453
11620,lipenodias,1,0.00127,53791,68.56462,78453
11621,lipovsek,1,0.00127,53792,68.56589,78453
11622,LironKS,1,0.00127,53793,68.56717,78453
11623,lironmo,1,0.00127,53794,68.56844,78453
11624,liruisee,1,0.00127,53795,68.56972,78453
11625,lishunyao97,1,0.00127,53796,68.57099,78453
11626,litianxi,1,0.00127,53797,68.57227,78453
11627,LittleCVR,1,0.00127,53798,68.57354,78453
11628,little-eyes,1,0.00127,53799,68.57482,78453
11629,LiuFang07,1,0.00127,53800,68.57609,78453
11630,liuflylove666,1,0.00127,53801,68.57736,78453
11631,liugb1029,1,0.00127,53802,68.57864,78453
11632,LiuShuaiyi,1,0.00127,53803,68.57991,78453
11633,liuweibing7,1,0.00127,53804,68.58119,78453
11634,liuwnzh,1,0.00127,53805,68.58246,78453
11635,liuxiang88,1,0.00127,53806,68.58374,78453
11636,liuyingshanx,1,0.00127,53807,68.58501,78453
11637,liuzheng1990,1,0.00127,53808,68.58629,78453
11638,liveej,1,0.00127,53809,68.58756,78453
11639,LIVelasco,1,0.00127,53810,68.58884,78453
11640,lixajh,1,0.00127,53811,68.59011,78453
11641,lixiangzzz2017,1,0.00127,53812,68.59139,78453
11642,liyaodev,1,0.00127,53813,68.59266,78453
11643,liyihuang,1,0.00127,53814,68.59394,78453
11644,liz1989,1,0.00127,53815,68.59521,78453
11645,li-zeyuan,1,0.00127,53816,68.59648,78453
11646,LiZhang19817,1,0.00127,53817,68.59776,78453
11647,lizhe19,1,0.00127,53818,68.59903,78453
11648,lizhenhuan,1,0.00127,53819,68.60031,78453
11649,lk7777,1,0.00127,53820,68.60158,78453
11650,lkj19zpdiDDe,1,0.00127,53821,68.60286,78453
11651,lkladnit,1,0.00127,53822,68.60413,78453
11652,llinvokerl,1,0.00127,53823,68.60541,78453
11653,lloydcotten,1,0.00127,53824,68.60668,78453
11654,llsJllsJ,1,0.00127,53825,68.60796,78453
11655,LLZPP,1,0.00127,53826,68.60923,78453
11656,lmanzke,1,0.00127,53827,68.61051,78453
11657,lmcgartland,1,0.00127,53828,68.61178,78453
11658,lmuench,1,0.00127,53829,68.61305,78453
11659,lmussier,1,0.00127,53830,68.61433,78453
11660,ln3333,1,0.00127,53831,68.61560,78453
11661,lochanRV,1,0.00127,53832,68.61688,78453
11662,LockDownPT,1,0.00127,53833,68.61815,78453
11663,loeken,1,0.00127,53834,68.61943,78453
11664,loganwedwards,1,0.00127,53835,68.62070,78453
11665,loicmagne,1,0.00127,53836,68.62198,78453
11666,lokegustafsson,1,0.00127,53837,68.62325,78453
11667,lokeshkumarbalu,1,0.00127,53838,68.62453,78453
11668,lokesh-wise,1,0.00127,53839,68.62580,78453
11669,loliveiracodacy,1,0.00127,53840,68.62708,78453
11670,longlongyang,1,0.00127,53841,68.62835,78453
11671,longtian,1,0.00127,53842,68.62963,78453
11672,longting,1,0.00127,53843,68.63090,78453
11673,longxinH,1,0.00127,53844,68.63217,78453
11674,lonwern,1,0.00127,53845,68.63345,78453
11675,lopesdasilva,1,0.00127,53846,68.63472,78453
11676,lorand-plensys,1,0.00127,53847,68.63600,78453
11677,lordigon,1,0.00127,53848,68.63727,78453
11678,lorelei-rupp-imprivata,1,0.00127,53849,68.63855,78453
11679,loristo,1,0.00127,53850,68.63982,78453
11680,losadacris71,1,0.00127,53851,68.64110,78453
11681,losha228,1,0.00127,53852,68.64237,78453
11682,LostInDarkMath,1,0.00127,53853,68.64365,78453
11683,lotus-x,1,0.00127,53854,68.64492,78453
11684,louis-cuny,1,0.00127,53855,68.64620,78453
11685,louismrose,1,0.00127,53856,68.64747,78453
11686,Lovejeets,1,0.00127,53857,68.64875,78453
11687,lovelinuxalot,1,0.00127,53858,68.65002,78453
11688,Lovepreetlavi,1,0.00127,53859,68.65129,78453
11689,LoveraSantiago,1,0.00127,53860,68.65257,78453
11690,lovinrain,1,0.00127,53861,68.65384,78453
11691,loyldg,1,0.00127,53862,68.65512,78453
11692,loynoir,1,0.00127,53863,68.65639,78453
11693,lpapudippu,1,0.00127,53864,68.65767,78453
11694,lpashos,1,0.00127,53865,68.65894,78453
11695,lpf32,1,0.00127,53866,68.66022,78453
11696,lphu,1,0.00127,53867,68.66149,78453
11697,lqychange,1,0.00127,53868,68.66277,78453
11698,lrbnew,1,0.00127,53869,68.66404,78453
11699,lseshan,1,0.00127,53870,68.66532,78453
11700,lsgrep,1,0.00127,53871,68.66659,78453
11701,lsnan,1,0.00127,53872,68.66786,78453
11702,LStuker,1,0.00127,53873,68.66914,78453
11703,lszxb,1,0.00127,53874,68.67041,78453
11704,ltartarini,1,0.00127,53875,68.67169,78453
11705,LtChae,1,0.00127,53876,68.67296,78453
11706,luca992,1,0.00127,53877,68.67424,78453
11707,lucasarrudatrustly,1,0.00127,53878,68.67551,78453
11708,LucasBorges4,1,0.00127,53879,68.67679,78453
11709,lucasdc6,1,0.00127,53880,68.67806,78453
11710,lucaserafini-dev,1,0.00127,53881,68.67934,78453
11711,lucasff,1,0.00127,53882,68.68061,78453
11712,lucaslobolp,1,0.00127,53883,68.68189,78453
11713,LucasVeloso2017,1,0.00127,53884,68.68316,78453
11714,LucaWolf,1,0.00127,53885,68.68444,78453
11715,lucca,1,0.00127,53886,68.68571,78453
11716,lucianiz,1,0.00127,53887,68.68698,78453
11717,lucianokrebs,1,0.00127,53888,68.68826,78453
11718,lucianoqueiroz,1,0.00127,53889,68.68953,78453
11719,lud97x,1,0.00127,53890,68.69081,78453
11720,lugray,1,0.00127,53891,68.69208,78453
11721,luigigubello,1,0.00127,53892,68.69336,78453
11722,luis-alen,1,0.00127,53893,68.69463,78453
11723,luis-a-sanchez,1,0.00127,53894,68.69591,78453
11724,luis-garza,1,0.00127,53895,68.69718,78453
11725,luisgc93,1,0.00127,53896,68.69846,78453
11726,LuisRodri21,1,0.00127,53897,68.69973,78453
11727,luisteran1,1,0.00127,53898,68.70101,78453
11728,luisvicentesanchez,1,0.00127,53899,68.70228,78453
11729,luisvillalobossalgado1987,1,0.00127,53900,68.70355,78453
11730,LukasBommes,1,0.00127,53901,68.70483,78453
11731,lukaslihotzki,1,0.00127,53902,68.70610,78453
11732,lukasmuller10,1,0.00127,53903,68.70738,78453
11733,lukasnalezenec,1,0.00127,53904,68.70865,78453
11734,lukasstanek,1,0.00127,53905,68.70993,78453
11735,LukaszWasko,1,0.00127,53906,68.71120,78453
11736,luke-beep,1,0.00127,53907,68.71248,78453
11737,luked-mappedin,1,0.00127,53908,68.71375,78453
11738,LukeIGS,1,0.00127,53909,68.71503,78453
11739,lukelove,1,0.00127,53910,68.71630,78453
11740,lukemilby,1,0.00127,53911,68.71758,78453
11741,lukerogers,1,0.00127,53912,68.71885,78453
11742,lukevs,1,0.00127,53913,68.72013,78453
11743,luk-sam,1,0.00127,53914,68.72140,78453
11744,lulukas86,1,0.00127,53915,68.72267,78453
11745,l-umaca,1,0.00127,53916,68.72395,78453
11746,LunaTK,1,0.00127,53917,68.72522,78453
11747,Lunchee85,1,0.00127,53918,68.72650,78453
11748,luoch,1,0.00127,53919,68.72777,78453
11749,luodianhanxuan,1,0.00127,53920,68.72905,78453
11750,luojieio,1,0.00127,53921,68.73032,78453
11751,LuoRongLuoRong,1,0.00127,53922,68.73160,78453
11752,LupoOnGitHub,1,0.00127,53923,68.73287,78453
11753,lusor,1,0.00127,53924,68.73415,78453
11754,luuhai48,1,0.00127,53925,68.73542,78453
11755,luvpreet-poriyaalar,1,0.00127,53926,68.73670,78453
11756,luvukr,1,0.00127,53927,68.73797,78453
11757,luyui,1,0.00127,53928,68.73925,78453
11758,luzxiang,1,0.00127,53929,68.74052,78453
11759,lvenugopal,1,0.00127,53930,68.74179,78453
11760,lvidarte,1,0.00127,53931,68.74307,78453
11761,lvsizhe,1,0.00127,53932,68.74434,78453
11762,lwdragon,1,0.00127,53933,68.74562,78453
11763,lx30011,1,0.00127,53934,68.74689,78453
11764,lxc902,1,0.00127,53935,68.74817,78453
11765,lxzjd,1,0.00127,53936,68.74944,78453
11766,Lykos153,1,0.00127,53937,68.75072,78453
11767,LykxSassinator,1,0.00127,53938,68.75199,78453
11768,LyleScott,1,0.00127,53939,68.75327,78453
11769,lynxamor,1,0.00127,53940,68.75454,78453
11770,lyoshakarpenko,1,0.00127,53941,68.75582,78453
11771,lyphilip,1,0.00127,53942,68.75709,78453
11772,LyraC42,1,0.00127,53943,68.75836,78453
11773,Lyrositor,1,0.00127,53944,68.75964,78453
11774,Lyudmila-Maltsev-8451,1,0.00127,53945,68.76091,78453
11775,lzadjsf,1,0.00127,53946,68.76219,78453
11776,Lz-Gustavo,1,0.00127,53947,68.76346,78453
11777,lzl01,1,0.00127,53948,68.76474,78453
11778,LZorglub,1,0.00127,53949,68.76601,78453
11779,M0dj0,1,0.00127,53950,68.76729,78453
11780,m62534,1,0.00127,53951,68.76856,78453
11781,Ma2lik,1,0.00127,53952,68.76984,78453
11782,maatumo,1,0.00127,53953,68.77111,78453
11783,maayanshem,1,0.00127,53954,68.77239,78453
11784,macche80,1,0.00127,53955,68.77366,78453
11785,machinaexdeo,1,0.00127,53956,68.77494,78453
11786,maciejtulaza,1,0.00127,53957,68.77621,78453
11787,macman31,1,0.00127,53958,68.77748,78453
11788,macripps,1,0.00127,53959,68.77876,78453
11789,macsmax,1,0.00127,53960,68.78003,78453
11790,macstevens-bread,1,0.00127,53961,68.78131,78453
11791,Madaditya,1,0.00127,53962,68.78258,78453
11792,Madara789,1,0.00127,53963,68.78386,78453
11793,Madaspe,1,0.00127,53964,68.78513,78453
11794,madeelibm,1,0.00127,53965,68.78641,78453
11795,madeline-brennan,1,0.00127,53966,68.78768,78453
11796,madhusarma,1,0.00127,53967,68.78896,78453
11797,madmarcinadamski,1,0.00127,53968,68.79023,78453
11798,madpsy,1,0.00127,53969,68.79151,78453
11799,Madzee,1,0.00127,53970,68.79278,78453
11800,maegul,1,0.00127,53971,68.79406,78453
11801,Maelstromeous,1,0.00127,53972,68.79533,78453
11802,magandrez,1,0.00127,53973,68.79660,78453
11803,magichan,1,0.00127,53974,68.79788,78453
11804,Magier,1,0.00127,53975,68.79915,78453
11805,magnezone150,1,0.00127,53976,68.80043,78453
11806,magnushernegren,1,0.00127,53977,68.80170,78453
11807,MahaZaid,1,0.00127,53978,68.80298,78453
11808,mahdiadnan,1,0.00127,53979,68.80425,78453
11809,maiconbaum,1,0.00127,53980,68.80553,78453
11810,maidol,1,0.00127,53981,68.80680,78453
11811,maikebing,1,0.00127,53982,68.80808,78453
11812,maikereis,1,0.00127,53983,68.80935,78453
11813,mail4kjr,1,0.00127,53984,68.81063,78453
11814,mainey,1,0.00127,53985,68.81190,78453
11815,Mainintowhile,1,0.00127,53986,68.81317,78453
11816,MajorHe1,1,0.00127,53987,68.81445,78453
11817,makeittotop,1,0.00127,53988,68.81572,78453
11818,maknop,1,0.00127,53989,68.81700,78453
11819,makoto-engineer,1,0.00127,53990,68.81827,78453
11820,makotoshimazu,1,0.00127,53991,68.81955,78453
11821,Malik0411,1,0.00127,53992,68.82082,78453
11822,malvinpatrick,1,0.00127,53993,68.82210,78453
11823,malyBobr,1,0.00127,53994,68.82337,78453
11824,malyem,1,0.00127,53995,68.82465,78453
11825,mamaigubasty,1,0.00127,53996,68.82592,78453
11826,Managejino,1,0.00127,53997,68.82720,78453
11827,manasjain0699,1,0.00127,53998,68.82847,78453
11828,MandaloreLC,1,0.00127,53999,68.82975,78453
11829,Mangaal,1,0.00127,54000,68.83102,78453
11830,manik9910,1,0.00127,54001,68.83229,78453
11831,manikandankaliraj,1,0.00127,54002,68.83357,78453
11832,manishpython,1,0.00127,54003,68.83484,78453
11833,manjinder-mckc,1,0.00127,54004,68.83612,78453
11834,manjukashyap,1,0.00127,54005,68.83739,78453
11835,manju-priyadharshini,1,0.00127,54006,68.83867,78453
11836,mankhakb,1,0.00127,54007,68.83994,78453
11837,Manny27nyc,1,0.00127,54008,68.84122,78453
11838,Mansalol,1,0.00127,54009,68.84249,78453
11839,mansoncui,1,0.00127,54010,68.84377,78453
11840,mantori,1,0.00127,54011,68.84504,78453
11841,manu0996,1,0.00127,54012,68.84632,78453
11842,manu2melvin,1,0.00127,54013,68.84759,78453
11843,manuelbs88,1,0.00127,54014,68.84886,78453
11844,manuelfedele,1,0.00127,54015,68.85014,78453
11845,ManuelMueller1st,1,0.00127,54016,68.85141,78453
11846,manuganji,1,0.00127,54017,68.85269,78453
11847,ManuStoessel,1,0.00127,54018,68.85396,78453
11848,ManveerBhullar,1,0.00127,54019,68.85524,78453
11849,manyfacegod,1,0.00127,54020,68.85651,78453
11850,Manzanit0,1,0.00127,54021,68.85779,78453
11851,manzato,1,0.00127,54022,68.85906,78453
11852,maokomioko,1,0.00127,54023,68.86034,78453
11853,mapadhi,1,0.00127,54024,68.86161,78453
11854,maradwan,1,0.00127,54025,68.86289,78453
11855,MarahAbu,1,0.00127,54026,68.86416,78453
11856,marcboudreau,1,0.00127,54027,68.86544,78453
11857,marcelo-giraldi,1,0.00127,54028,68.86671,78453
11858,marcelomendes,1,0.00127,54029,68.86798,78453
11859,Marcelosaz,1,0.00127,54030,68.86926,78453
11860,March-deng,1,0.00127,54031,68.87053,78453
11861,marchmiel,1,0.00127,54032,68.87181,78453
11862,marciosoftfocus,1,0.00127,54033,68.87308,78453
11863,marc-laroche,1,0.00127,54034,68.87436,78453
11864,marcobarlo,1,0.00127,54035,68.87563,78453
11865,marcolus17,1,0.00127,54036,68.87691,78453
11866,marcorichetta,1,0.00127,54037,68.87818,78453
11867,marcosdotps,1,0.00127,54038,68.87946,78453
11868,marcpicaud,1,0.00127,54039,68.88073,78453
11869,marcsaegesser,1,0.00127,54040,68.88201,78453
11870,MarcSkovMadsen,1,0.00127,54041,68.88328,78453
11871,marcules,1,0.00127,54042,68.88456,78453
11872,Marcussafar,1,0.00127,54043,68.88583,78453
11873,marekp0,1,0.00127,54044,68.88710,78453
11874,mareq,1,0.00127,54045,68.88838,78453
11875,margaritamoritz,1,0.00127,54046,68.88965,78453
11876,marianojabdala,1,0.00127,54047,68.89093,78453
11877,MariaPaypoint,1,0.00127,54048,68.89220,78453
11878,maria-reynoso,1,0.00127,54049,68.89348,78453
11879,MarinePlanet,1,0.00127,54050,68.89475,78453
11880,marioapardo,1,0.00127,54051,68.89603,78453
11881,marioem,1,0.00127,54052,68.89730,78453
11882,Mario-F,1,0.00127,54053,68.89858,78453
11883,MarioIshac,1,0.00127,54054,68.89985,78453
11884,mariot8,1,0.00127,54055,68.90113,78453
11885,mariusandersen,1,0.00127,54056,68.90240,78453
11886,mariussoutier,1,0.00127,54057,68.90367,78453
11887,markcanary,1,0.00127,54058,68.90495,78453
11888,markcupitt-methodmaker,1,0.00127,54059,68.90622,78453
11889,MarkLux,1,0.00127,54060,68.90750,78453
11890,markszabo,1,0.00127,54061,68.90877,78453
11891,MarkusBauerBE,1,0.00127,54062,68.91005,78453
11892,markvandenbosch,1,0.00127,54063,68.91132,78453
11893,MaroonedMind,1,0.00127,54064,68.91260,78453
11894,marooou,1,0.00127,54065,68.91387,78453
11895,MarouaneTn,1,0.00127,54066,68.91515,78453
11896,marpo60,1,0.00127,54067,68.91642,78453
11897,Marrysmithgs,1,0.00127,54068,68.91770,78453
11898,Mars-Z777,1,0.00127,54069,68.91897,78453
11899,martinep1,1,0.00127,54070,68.92025,78453
11900,martinformi,1,0.00127,54071,68.92152,78453
11901,martingaleh,1,0.00127,54072,68.92279,78453
11902,martinhmuenster,1,0.00127,54073,68.92407,78453
11903,martinkroupa,1,0.00127,54074,68.92534,78453
11904,Martin-Robinson-Mar-1,1,0.00127,54075,68.92662,78453
11905,martinsmatthews,1,0.00127,54076,68.92789,78453
11906,martinstenhoff,1,0.00127,54077,68.92917,78453
11907,martintreurnicht,1,0.00127,54078,68.93044,78453
11908,martinzellner,1,0.00127,54079,68.93172,78453
11909,martomor,1,0.00127,54080,68.93299,78453
11910,Martua27,1,0.00127,54081,68.93427,78453
11911,masakichi,1,0.00127,54082,68.93554,78453
11912,maschind,1,0.00127,54083,68.93682,78453
11913,mashkovd,1,0.00127,54084,68.93809,78453
11914,mashun4ek,1,0.00127,54085,68.93936,78453
11915,Maslino,1,0.00127,54086,68.94064,78453
11916,masnec,1,0.00127,54087,68.94191,78453
11917,MassimoC,1,0.00127,54088,68.94319,78453
11918,masstez,1,0.00127,54089,68.94446,78453
11919,masus04,1,0.00127,54090,68.94574,78453
11920,MaSven,1,0.00127,54091,68.94701,78453
11921,maszczyn,1,0.00127,54092,68.94829,78453
11922,matan1811,1,0.00127,54093,68.94956,78453
11923,matanby,1,0.00127,54094,68.95084,78453
11924,matan-michaely,1,0.00127,54095,68.95211,78453
11925,MatanNahun,1,0.00127,54096,68.95339,78453
11926,matanr-orca,1,0.00127,54097,68.95466,78453
11927,matejb-form3,1,0.00127,54098,68.95594,78453
11928,mateoporcar,1,0.00127,54099,68.95721,78453
11929,mateusable33,1,0.00127,54100,68.95848,78453
11930,mateuspmello,1,0.00127,54101,68.95976,78453
11931,mateuszjenek,1,0.00127,54102,68.96103,78453
11932,mateuszstompor,1,0.00127,54103,68.96231,78453
11933,mateusz-szczesny,1,0.00127,54104,68.96358,78453
11934,matheusjerico,1,0.00127,54105,68.96486,78453
11935,matheusmgon,1,0.00127,54106,68.96613,78453
11936,mathias-burkl,1,0.00127,54107,68.96741,78453
11937,mathiasslawik,1,0.00127,54108,68.96868,78453
11938,mathieubergeron,1,0.00127,54109,68.96996,78453
11939,mathisfouques,1,0.00127,54110,68.97123,78453
11940,MaticDiba,1,0.00127,54111,68.97251,78453
11941,Matiszak,1,0.00127,54112,68.97378,78453
11942,matt985,1,0.00127,54113,68.97506,78453
11943,mattbator,1,0.00127,54114,68.97633,78453
11944,mattchrist,1,0.00127,54115,68.97760,78453
11945,mattcobb,1,0.00127,54116,68.97888,78453
11946,MatTerra,1,0.00127,54117,68.98015,78453
11947,MatthewFagan,1,0.00127,54118,68.98143,78453
11948,MatthewHou,1,0.00127,54119,68.98270,78453
11949,matthewjchou,1,0.00127,54120,68.98398,78453
11950,matthewmuscat,1,0.00127,54121,68.98525,78453
11951,MatthiasKuehneEllerhold,1,0.00127,54122,68.98653,78453
11952,matthijsqd,1,0.00127,54123,68.98780,78453
11953,matthjes,1,0.00127,54124,68.98908,78453
11954,MattHodge,1,0.00127,54125,68.99035,78453
11955,mattjwarren,1,0.00127,54126,68.99163,78453
11956,mattkenn4545,1,0.00127,54127,68.99290,78453
11957,mattmarchany,1,0.00127,54128,68.99417,78453
11958,matt-richardson,1,0.00127,54129,68.99545,78453
11959,mattseymour,1,0.00127,54130,68.99672,78453
11960,mattsfrey,1,0.00127,54131,68.99800,78453
11961,matttbe,1,0.00127,54132,68.99927,78453
11962,mattups,1,0.00127,54133,69.00055,78453
11963,matt-woodruff-f3,1,0.00127,54134,69.00182,78453
11964,MatviyivR,1,0.00127,54135,69.00310,78453
11965,maugsbur,1,0.00127,54136,69.00437,78453
11966,maulikusdad,1,0.00127,54137,69.00565,78453
11967,mauro-oto,1,0.00127,54138,69.00692,78453
11968,Mausved,1,0.00127,54139,69.00820,78453
11969,mautematico,1,0.00127,54140,69.00947,78453
11970,mavam,1,0.00127,54141,69.01075,78453
11971,maxarndt,1,0.00127,54142,69.01202,78453
11972,maxbol,1,0.00127,54143,69.01329,78453
11973,maxcaresywwforever,1,0.00127,54144,69.01457,78453
11974,Maxcoder-net,1,0.00127,54145,69.01584,78453
11975,max-dankow,1,0.00127,54146,69.01712,78453
11976,maxdml,1,0.00127,54147,69.01839,78453
11977,MaxGer,1,0.00127,54148,69.01967,78453
11978,maxgfr,1,0.00127,54149,69.02094,78453
11979,maxhakansson,1,0.00127,54150,69.02222,78453
11980,MaxiHafer,1,0.00127,54151,69.02349,78453
11981,maxlemieux,1,0.00127,54152,69.02477,78453
11982,maxmetalm,1,0.00127,54153,69.02604,78453
11983,MaxMommersteeg,1,0.00127,54154,69.02732,78453
11984,max-okumoto,1,0.00127,54155,69.02859,78453
11985,mayank3srivastava,1,0.00127,54156,69.02987,78453
11986,Mayank-Sh07,1,0.00127,54157,69.03114,78453
11987,may-cDev,1,0.00127,54158,69.03241,78453
11988,MayeulC,1,0.00127,54159,69.03369,78453
11989,mayoatte,1,0.00127,54160,69.03496,78453
11990,MayukhSobo,1,0.00127,54161,69.03624,78453
11991,ma-yun-long,1,0.00127,54162,69.03751,78453
11992,mayur-tolexo,1,0.00127,54163,69.03879,78453
11993,mayyyyying,1,0.00127,54164,69.04006,78453
11994,mazdakn,1,0.00127,54165,69.04134,78453
11995,mazele,1,0.00127,54166,69.04261,78453
11996,mazinesy,1,0.00127,54167,69.04389,78453
11997,mazzespazze,1,0.00127,54168,69.04516,78453
11998,mbahiense,1,0.00127,54169,69.04644,78453
11999,mbastawisy,1,0.00127,54170,69.04771,78453
12000,MBcom,1,0.00127,54171,69.04898,78453
12001,mbd-dbc-dk,1,0.00127,54172,69.05026,78453
12002,mbhainsdev,1,0.00127,54173,69.05153,78453
12003,mblsf,1,0.00127,54174,69.05281,78453
12004,mbolanos23,1,0.00127,54175,69.05408,78453
12005,mbystedt,1,0.00127,54176,69.05536,78453
12006,mcaden,1,0.00127,54177,69.05663,78453
12007,mcammisa78,1,0.00127,54178,69.05791,78453
12008,mcavallo-git,1,0.00127,54179,69.05918,78453
12009,mcbanderson,1,0.00127,54180,69.06046,78453
12010,mcesaro,1,0.00127,54181,69.06173,78453
12011,mchlumsky,1,0.00127,54182,69.06301,78453
12012,mcooknu,1,0.00127,54183,69.06428,78453
12013,McSoda,1,0.00127,54184,69.06556,78453
12014,mdbr000,1,0.00127,54185,69.06683,78453
12015,mdcrawford,1,0.00127,54186,69.06810,78453
12016,mdg215199,1,0.00127,54187,69.06938,78453
12017,mdutshabalala,1,0.00127,54188,69.07065,78453
12018,mechastorm,1,0.00127,54189,69.07193,78453
12019,mEDI-S,1,0.00127,54190,69.07320,78453
12020,meetreks,1,0.00127,54191,69.07448,78453
12021,megadrifter,1,0.00127,54192,69.07575,78453
12022,mehak151,1,0.00127,54193,69.07703,78453
12023,MeherHihi,1,0.00127,54194,69.07830,78453
12024,mehmandarov,1,0.00127,54195,69.07958,78453
12025,mehrdadsilver,1,0.00127,54196,69.08085,78453
12026,Mei-pris,1,0.00127,54197,69.08213,78453
12027,meis4h,1,0.00127,54198,69.08340,78453
12028,melardev,1,0.00127,54199,69.08467,78453
12029,melbgirl,1,0.00127,54200,69.08595,78453
12030,melinaurruchua,1,0.00127,54201,69.08722,78453
12031,melissaklein24,1,0.00127,54202,69.08850,78453
12032,MelnikovAG,1,0.00127,54203,69.08977,78453
12033,mengdu,1,0.00127,54204,69.09105,78453
12034,menghan18,1,0.00127,54205,69.09232,78453
12035,mengxialong,1,0.00127,54206,69.09360,78453
12036,mengxin9014,1,0.00127,54207,69.09487,78453
12037,Menzorg,1,0.00127,54208,69.09615,78453
12038,meokz,1,0.00127,54209,69.09742,78453
12039,meoyawn,1,0.00127,54210,69.09870,78453
12040,Merlijnv,1,0.00127,54211,69.09997,78453
12041,Merteg,1,0.00127,54212,69.10125,78453
12042,mertsaygi,1,0.00127,54213,69.10252,78453
12043,mes5k,1,0.00127,54214,69.10379,78453
12044,metadataengine,1,0.00127,54215,69.10507,78453
12045,metroshica,1,0.00127,54216,69.10634,78453
12046,Meuko,1,0.00127,54217,69.10762,78453
12047,Mexx77,1,0.00127,54218,69.10889,78453
12048,meyerhp,1,0.00127,54219,69.11017,78453
12049,Mezzle,1,0.00127,54220,69.11144,78453
12050,mflis,1,0.00127,54221,69.11272,78453
12051,mfn,1,0.00127,54222,69.11399,78453
12052,mfwarren,1,0.00127,54223,69.11527,78453
12053,mg185363,1,0.00127,54224,69.11654,78453
12054,mganguli,1,0.00127,54225,69.11782,78453
12055,mgerstner,1,0.00127,54226,69.11909,78453
12056,mgfreshour,1,0.00127,54227,69.12037,78453
12057,mghlaiel,1,0.00127,54228,69.12164,78453
12058,mgonzalez-etra,1,0.00127,54229,69.12291,78453
12059,mgreg90,1,0.00127,54230,69.12419,78453
12060,M-Gregoire,1,0.00127,54231,69.12546,78453
12061,mgtrrz,1,0.00127,54232,69.12674,78453
12062,m-guesnon-pvotal,1,0.00127,54233,69.12801,78453
12063,mh-abanginwar,1,0.00127,54234,69.12929,78453
12064,mhartmann-cu,1,0.00127,54235,69.13056,78453
12065,mheap,1,0.00127,54236,69.13184,78453
12066,mhh12121,1,0.00127,54237,69.13311,78453
12067,mhienle,1,0.00127,54238,69.13439,78453
12068,mhjacks,1,0.00127,54239,69.13566,78453
12069,mhlts,1,0.00127,54240,69.13694,78453
12070,mholtzhausen,1,0.00127,54241,69.13821,78453
12071,miaojianbin,1,0.00127,54242,69.13948,78453
12072,miaooss,1,0.00127,54243,69.14076,78453
12073,micdobro,1,0.00127,54244,69.14203,78453
12074,MichaelBui,1,0.00127,54245,69.14331,78453
12075,michaeldotmike,1,0.00127,54246,69.14458,78453
12076,michaelfortunato,1,0.00127,54247,69.14586,78453
12077,michael-goe,1,0.00127,54248,69.14713,78453
12078,MichaelHindley,1,0.00127,54249,69.14841,78453
12079,michaelmwangi,1,0.00127,54250,69.14968,78453
12080,michaelpsomiadis,1,0.00127,54251,69.15096,78453
12081,michael-riha,1,0.00127,54252,69.15223,78453
12082,michaelsatish,1,0.00127,54253,69.15351,78453
12083,michaelsstuff,1,0.00127,54254,69.15478,78453
12084,michael-thoughtworker,1,0.00127,54255,69.15606,78453
12085,michalszynkiewicz,1,0.00127,54256,69.15733,78453
12086,michel-kraemer,1,0.00127,54257,69.15860,78453
12087,mickelsonmichael,1,0.00127,54258,69.15988,78453
12088,MickeyKi,1,0.00127,54259,69.16115,78453
12089,micrictor,1,0.00127,54260,69.16243,78453
12090,midannii,1,0.00127,54261,69.16370,78453
12091,midhunkrishna,1,0.00127,54262,69.16498,78453
12092,mifrost,1,0.00127,54263,69.16625,78453
12093,MiguelOcegueraM,1,0.00127,54264,69.16753,78453
12094,mihaela1992,1,0.00127,54265,69.16880,78453
12095,mihaelrodek,1,0.00127,54266,69.17008,78453
12096,mihai1voicescu,1,0.00127,54267,69.17135,78453
12097,mihawk47,1,0.00127,54268,69.17263,78453
12098,mihele95,1,0.00127,54269,69.17390,78453
12099,mihica123,1,0.00127,54270,69.17517,78453
12100,mihir83in,1,0.00127,54271,69.17645,78453
12101,miigwi,1,0.00127,54272,69.17772,78453
12102,mikedizzle,1,0.00127,54273,69.17900,78453
12103,mikednight,1,0.00127,54274,69.18027,78453
12104,mikegpl,1,0.00127,54275,69.18155,78453
12105,mi-kei-la,1,0.00127,54276,69.18282,78453
12106,mikejlong60,1,0.00127,54277,69.18410,78453
12107,mikematbhmi,1,0.00127,54278,69.18537,78453
12108,mike-morr,1,0.00127,54279,69.18665,78453
12109,MikePapinski,1,0.00127,54280,69.18792,78453
12110,mikereem,1,0.00127,54281,69.18920,78453
12111,mikeschinkel,1,0.00127,54282,69.19047,78453
12112,mikevank,1,0.00127,54283,69.19175,78453
12113,MikeVL,1,0.00127,54284,69.19302,78453
12114,miksercz,1,0.00127,54285,69.19429,78453
12115,milad2golnia,1,0.00127,54286,69.19557,78453
12116,milan-dikkumburage,1,0.00127,54287,69.19684,78453
12117,milanhradil1-tomtom,1,0.00127,54288,69.19812,78453
12118,milkdrink,1,0.00127,54289,69.19939,78453
12119,milpog,1,0.00127,54290,69.20067,78453
12120,Miltonjacomini,1,0.00127,54291,69.20194,78453
12121,milung,1,0.00127,54292,69.20322,78453
12122,mimoralea,1,0.00127,54293,69.20449,78453
12123,minaelee,1,0.00127,54294,69.20577,78453
12124,minejzy,1,0.00127,54295,69.20704,78453
12125,ming0804,1,0.00127,54296,69.20832,78453
12126,mingsoap,1,0.00127,54297,69.20959,78453
12127,mingue,1,0.00127,54298,69.21087,78453
12128,minhjh,1,0.00127,54299,69.21214,78453
12129,minhtran-q,1,0.00127,54300,69.21341,78453
12130,minimonsters,1,0.00127,54301,69.21469,78453
12131,MiningPickaxe,1,0.00127,54302,69.21596,78453
12132,miniyarov,1,0.00127,54303,69.21724,78453
12133,min-mik,1,0.00127,54304,69.21851,78453
12134,minusf,1,0.00127,54305,69.21979,78453
12135,Mionsz,1,0.00127,54306,69.22106,78453
12136,miph86,1,0.00127,54307,69.22234,78453
12137,miphip,1,0.00127,54308,69.22361,78453
12138,Miquel-Liu,1,0.00127,54309,69.22489,78453
12139,mirarifhasan,1,0.00127,54310,69.22616,78453
12140,mircea-lemnaru-aera,1,0.00127,54311,69.22744,78453
12141,Mirdrack,1,0.00127,54312,69.22871,78453
12142,mirekphd,1,0.00127,54313,69.22998,78453
12143,miriSch,1,0.00127,54314,69.23126,78453
12144,MirkoPs,1,0.00127,54315,69.23253,78453
12145,miroslav-beranic,1,0.00127,54316,69.23381,78453
12146,mirozoe,1,0.00127,54317,69.23508,78453
12147,mirtov-alexey,1,0.00127,54318,69.23636,78453
12148,mirzak,1,0.00127,54319,69.23763,78453
12149,MishaVeldhoen,1,0.00127,54320,69.23891,78453
12150,mishrasmarajit,1,0.00127,54321,69.24018,78453
12151,misko,1,0.00127,54322,69.24146,78453
12152,missthesky,1,0.00127,54323,69.24273,78453
12153,mitch-mckenzie,1,0.00127,54324,69.24401,78453
12154,mitesh-devops,1,0.00127,54325,69.24528,78453
12155,mitlonik,1,0.00127,54326,69.24656,78453
12156,Miyagee,1,0.00127,54327,69.24783,78453
12157,mizchi,1,0.00127,54328,69.24910,78453
12158,mj185102,1,0.00127,54329,69.25038,78453
12159,mjBayati,1,0.00127,54330,69.25165,78453
12160,mjeco,1,0.00127,54331,69.25293,78453
12161,mjedwabn,1,0.00127,54332,69.25420,78453
12162,mjwaxios,1,0.00127,54333,69.25548,78453
12163,mkaiserincomm,1,0.00127,54334,69.25675,78453
12164,m-karakus,1,0.00127,54335,69.25803,78453
12165,mkatychev,1,0.00127,54336,69.25930,78453
12166,mkellermeier,1,0.00127,54337,69.26058,78453
12167,mkiael,1,0.00127,54338,69.26185,78453
12168,mkouba,1,0.00127,54339,69.26313,78453
12169,mkroitor2,1,0.00127,54340,69.26440,78453
12170,mksony,1,0.00127,54341,69.26567,78453
12171,mkudsi,1,0.00127,54342,69.26695,78453
12172,mkuennek,1,0.00127,54343,69.26822,78453
12173,mkuf,1,0.00127,54344,69.26950,78453
12174,mkum98,1,0.00127,54345,69.27077,78453
12175,mladenkralev,1,0.00127,54346,69.27205,78453
12176,mlankamp,1,0.00127,54347,69.27332,78453
12177,mlatosie,1,0.00127,54348,69.27460,78453
12178,mlauke,1,0.00127,54349,69.27587,78453
12179,mlerota,1,0.00127,54350,69.27715,78453
12180,Mlisager,1,0.00127,54351,69.27842,78453
12181,mlnj,1,0.00127,54352,69.27970,78453
12182,mlois-efimob,1,0.00127,54353,69.28097,78453
12183,mlorenz-tug,1,0.00127,54354,69.28225,78453
12184,mlosekWA,1,0.00127,54355,69.28352,78453
12185,mlschindler,1,0.00127,54356,69.28479,78453
12186,mmaico,1,0.00127,54357,69.28607,78453
12187,mmatheson,1,0.00127,54358,69.28734,78453
12188,mmclane,1,0.00127,54359,69.28862,78453
12189,mmd-app,1,0.00127,54360,69.28989,78453
12190,mmeekah,1,0.00127,54361,69.29117,78453
12191,mmhet,1,0.00127,54362,69.29244,78453
12192,mmoscher,1,0.00127,54363,69.29372,78453
12193,mmtechslv,1,0.00127,54364,69.29499,78453
12194,mmuric-sigsci,1,0.00127,54365,69.29627,78453
12195,mmusnjak,1,0.00127,54366,69.29754,78453
12196,mneira10,1,0.00127,54367,69.29882,78453
12197,mnito,1,0.00127,54368,69.30009,78453
12198,mnoskoski,1,0.00127,54369,69.30137,78453
12199,mnovi7,1,0.00127,54370,69.30264,78453
12200,Mo1hen,1,0.00127,54371,69.30391,78453
12201,moatazeldebsy,1,0.00127,54372,69.30519,78453
12202,moaxaca,1,0.00127,54373,69.30646,78453
12203,mochadwi,1,0.00127,54374,69.30774,78453
12204,modalkonform,1,0.00127,54375,69.30901,78453
12205,modulec,1,0.00127,54376,69.31029,78453
12206,MoeidHeidari,1,0.00127,54377,69.31156,78453
12207,moey920,1,0.00127,54378,69.31284,78453
12208,mohamedAlaaK,1,0.00127,54379,69.31411,78453
12209,MohammedAbrar,1,0.00127,54380,69.31539,78453
12210,MohammedAbuibaid,1,0.00127,54381,69.31666,78453
12211,MOHAMMEDSADIQ-infrrd,1,0.00127,54382,69.31794,78453
12212,mohanjith,1,0.00127,54383,69.31921,78453
12213,mohanramegowda,1,0.00127,54384,69.32048,78453
12214,mohavee,1,0.00127,54385,69.32176,78453
12215,mohclips,1,0.00127,54386,69.32303,78453
12216,Mohitj252,1,0.00127,54387,69.32431,78453
12217,moizrassiwala,1,0.00127,54388,69.32558,78453
12218,mojoee,1,0.00127,54389,69.32686,78453
12219,MojtabaSPR,1,0.00127,54390,69.32813,78453
12220,moll-re,1,0.00127,54391,69.32941,78453
12221,molssongroup,1,0.00127,54392,69.33068,78453
12222,monabhardwaj,1,0.00127,54393,69.33196,78453
12223,mondayEast,1,0.00127,54394,69.33323,78453
12224,mondo192,1,0.00127,54395,69.33451,78453
12225,monicaaraneda,1,0.00127,54396,69.33578,78453
12226,Monis1,1,0.00127,54397,69.33706,78453
12227,Monisha421,1,0.00127,54398,69.33833,78453
12228,monotone,1,0.00127,54399,69.33960,78453
12229,Monsterlin2018,1,0.00127,54400,69.34088,78453
12230,MoosaSaadat,1,0.00127,54401,69.34215,78453
12231,mooware,1,0.00127,54402,69.34343,78453
12232,mor-cybellum,1,0.00127,54403,69.34470,78453
12233,moritzjohner-form3,1,0.00127,54404,69.34598,78453
12234,mortaelth,1,0.00127,54405,69.34725,78453
12235,MortalFlesh,1,0.00127,54406,69.34853,78453
12236,mortehu,1,0.00127,54407,69.34980,78453
12237,mortenkri,1,0.00127,54408,69.35108,78453
12238,mortya,1,0.00127,54409,69.35235,78453
12239,mory91,1,0.00127,54410,69.35363,78453
12240,Moscagus,1,0.00127,54411,69.35490,78453
12241,moshebe,1,0.00127,54412,69.35618,78453
12242,MosheElisha,1,0.00127,54413,69.35745,78453
12243,MoskitoHero,1,0.00127,54414,69.35872,78453
12244,Mosseridan,1,0.00127,54415,69.36000,78453
12245,mostafabayat,1,0.00127,54416,69.36127,78453
12246,MostefaKamalLala,1,0.00127,54417,69.36255,78453
12247,MoTaher7,1,0.00127,54418,69.36382,78453
12248,motybz,1,0.00127,54419,69.36510,78453
12249,MouMouHsu,1,0.00127,54420,69.36637,78453
12250,moussdia,1,0.00127,54421,69.36765,78453
12251,moyomendoza,1,0.00127,54422,69.36892,78453
12252,moz2nci,1,0.00127,54423,69.37020,78453
12253,mpbauer,1,0.00127,54424,69.37147,78453
12254,mpenick,1,0.00127,54425,69.37275,78453
12255,mping-exo,1,0.00127,54426,69.37402,78453
12256,mpmdtdev,1,0.00127,54427,69.37529,78453
12257,mpohle-transporeon,1,0.00127,54428,69.37657,78453
12258,mpolonen,1,0.00127,54429,69.37784,78453
12259,mqamora,1,0.00127,54430,69.37912,78453
12260,mrajsekhar,1,0.00127,54431,69.38039,78453
12261,MrCoderYu,1,0.00127,54432,69.38167,78453
12262,MrCreeper2033,1,0.00127,54433,69.38294,78453
12263,mr-davidc,1,0.00127,54434,69.38422,78453
12264,mreiche,1,0.00127,54435,69.38549,78453
12265,mrgrieves8,1,0.00127,54436,69.38677,78453
12266,mrizwanashiq,1,0.00127,54437,69.38804,78453
12267,mrk-andreev,1,0.00127,54438,69.38932,78453
12268,mrkeyiano,1,0.00127,54439,69.39059,78453
12269,Mr-lixh,1,0.00127,54440,69.39187,78453
12270,Mrluobo,1,0.00127,54441,69.39314,78453
12271,mr-ma,1,0.00127,54442,69.39441,78453
12272,mrmatimba,1,0.00127,54443,69.39569,78453
12273,Mrmaxmeier,1,0.00127,54444,69.39696,78453
12274,mrnetops,1,0.00127,54445,69.39824,78453
12275,mroderick,1,0.00127,54446,69.39951,78453
12276,m-ronchi,1,0.00127,54447,69.40079,78453
12277,mrraj470,1,0.00127,54448,69.40206,78453
12278,mrrusik,1,0.00127,54449,69.40334,78453
12279,mrsiesta,1,0.00127,54450,69.40461,78453
12280,MrSuperKevin,1,0.00127,54451,69.40589,78453
12281,mrubeljTN,1,0.00127,54452,69.40716,78453
12282,MrWormHole,1,0.00127,54453,69.40844,78453
12283,mrzor,1,0.00127,54454,69.40971,78453
12284,ms1515,1,0.00127,54455,69.41098,78453
12285,msa48,1,0.00127,54456,69.41226,78453
12286,mschumacher-syntellis,1,0.00127,54457,69.41353,78453
12287,mshanmu,1,0.00127,54458,69.41481,78453
12288,mshetland-demosphere,1,0.00127,54459,69.41608,78453
12289,mshiekh,1,0.00127,54460,69.41736,78453
12290,mshilamk8s,1,0.00127,54461,69.41863,78453
12291,mshonichev,1,0.00127,54462,69.41991,78453
12292,mskutin,1,0.00127,54463,69.42118,78453
12293,mspedalettiHM,1,0.00127,54464,69.42246,78453
12294,mszlgr,1,0.00127,54465,69.42373,78453
12295,Mtan6666666,1,0.00127,54466,69.42501,78453
12296,mtavaresmedeiros,1,0.00127,54467,69.42628,78453
12297,mtg06001,1,0.00127,54468,69.42756,78453
12298,mtippmann,1,0.00127,54469,69.42883,78453
12299,mtn199300,1,0.00127,54470,69.43010,78453
12300,mubashirhanif,1,0.00127,54471,69.43138,78453
12301,muha0039,1,0.00127,54472,69.43265,78453
12302,muhammadbilal20130,1,0.00127,54473,69.43393,78453
12303,muhammedsoner,1,0.00127,54474,69.43520,78453
12304,mujumdaryash,1,0.00127,54475,69.43648,78453
12305,muradhajiyev,1,0.00127,54476,69.43775,78453
12306,muralisrini,1,0.00127,54477,69.43903,78453
12307,muratakdeniz,1,0.00127,54478,69.44030,78453
12308,mur-me,1,0.00127,54479,69.44158,78453
12309,murrellrr,1,0.00127,54480,69.44285,78453
12310,Muschke,1,0.00127,54481,69.44413,78453
12311,Mushfik,1,0.00127,54482,69.44540,78453
12312,mustafa-guler,1,0.00127,54483,69.44668,78453
12313,MustafaHaddara,1,0.00127,54484,69.44795,78453
12314,musukvl,1,0.00127,54485,69.44922,78453
12315,mutagenspree,1,0.00127,54486,69.45050,78453
12316,MutualismPtyLtd,1,0.00127,54487,69.45177,78453
12317,muzuke,1,0.00127,54488,69.45305,78453
12318,mviamari,1,0.00127,54489,69.45432,78453
12319,mvilche,1,0.00127,54490,69.45560,78453
12320,mvintila,1,0.00127,54491,69.45687,78453
12321,mvrahden,1,0.00127,54492,69.45815,78453
12322,mvs5465,1,0.00127,54493,69.45942,78453
12323,mvynnych,1,0.00127,54494,69.46070,78453
12324,mv-yurchenko,1,0.00127,54495,69.46197,78453
12325,mw491605,1,0.00127,54496,69.46325,78453
12326,mwalczykpl,1,0.00127,54497,69.46452,78453
12327,mwright-pivotal,1,0.00127,54498,69.46579,78453
12328,mwy001,1,0.00127,54499,69.46707,78453
12329,mxfactorial,1,0.00127,54500,69.46834,78453
12330,myatsuphyo,1,0.00127,54501,69.46962,78453
12331,myjaffoo,1,0.00127,54502,69.47089,78453
12332,mykyta-batalov,1,0.00127,54503,69.47217,78453
12333,mykytaDrapatyi,1,0.00127,54504,69.47344,78453
12334,myominzin,1,0.00127,54505,69.47472,78453
12335,mypractice96,1,0.00127,54506,69.47599,78453
12336,myron-semack,1,0.00127,54507,69.47727,78453
12337,myroslavmail,1,0.00127,54508,69.47854,78453
12338,mysalt,1,0.00127,54509,69.47982,78453
12339,mythsman,1,0.00127,54510,69.48109,78453
12340,mzayats,1,0.00127,54511,69.48237,78453
12341,mz-heesun,1,0.00127,54512,69.48364,78453
12342,mzjp2,1,0.00127,54513,69.48491,78453
12343,n0byk,1,0.00127,54514,69.48619,78453
12344,n0trace,1,0.00127,54515,69.48746,78453
12345,N226335735,1,0.00127,54516,69.48874,78453
12346,nabinbhusal80,1,0.00127,54517,69.49001,78453
12347,nabkey,1,0.00127,54518,69.49129,78453
12348,nabulsi,1,0.00127,54519,69.49256,78453
12349,nachrivcost,1,0.00127,54520,69.49384,78453
12350,nachtschatt3n,1,0.00127,54521,69.49511,78453
12351,nadavsky,1,0.00127,54522,69.49639,78453
12352,nadihagh,1,0.00127,54523,69.49766,78453
12353,NaeiKinDus,1,0.00127,54524,69.49894,78453
12354,nagakiran,1,0.00127,54525,69.50021,78453
12355,Nageshrathod7,1,0.00127,54526,69.50148,78453
12356,nagnampalli,1,0.00127,54527,69.50276,78453
12357,nags28,1,0.00127,54528,69.50403,78453
12358,nahidakbar,1,0.00127,54529,69.50531,78453
12359,nahum-litvin-hs,1,0.00127,54530,69.50658,78453
12360,NaincyKumariKnoldus,1,0.00127,54531,69.50786,78453
12361,naitmare01,1,0.00127,54532,69.50913,78453
12362,nakarinh14,1,0.00127,54533,69.51041,78453
12363,na-le,1,0.00127,54534,69.51168,78453
12364,nallagondu,1,0.00127,54535,69.51296,78453
12365,namantalaycha10,1,0.00127,54536,69.51423,78453
12366,namlh16,1,0.00127,54537,69.51551,78453
12367,nancliu,1,0.00127,54538,69.51678,78453
12368,nandakumarraghavan,1,0.00127,54539,69.51806,78453
12369,nandu1508,1,0.00127,54540,69.51933,78453
12370,nandy007,1,0.00127,54541,69.52060,78453
12371,naohito-intuit,1,0.00127,54542,69.52188,78453
12372,naormatania,1,0.00127,54543,69.52315,78453
12373,narayudu,1,0.00127,54544,69.52443,78453
12374,narcosis,1,0.00127,54545,69.52570,78453
12375,narenderramireddy,1,0.00127,54546,69.52698,78453
12376,NarenGV,1,0.00127,54547,69.52825,78453
12377,NareshKoduru,1,0.00127,54548,69.52953,78453
12378,nareshmuruganbw,1,0.00127,54549,69.53080,78453
12379,natanunbiased,1,0.00127,54550,69.53208,78453
12380,natarajan0007,1,0.00127,54551,69.53335,78453
12381,natarajinnavoto,1,0.00127,54552,69.53463,78453
12382,nateaxcell,1,0.00127,54553,69.53590,78453
12383,natejgardner,1,0.00127,54554,69.53718,78453
12384,nate-selzer,1,0.00127,54555,69.53845,78453
12385,nathanael-h,1,0.00127,54556,69.53972,78453
12386,NathanFRuiz,1,0.00127,54557,69.54100,78453
12387,nathanjrobertson,1,0.00127,54558,69.54227,78453
12388,nathanmrtns,1,0.00127,54559,69.54355,78453
12389,natherz97,1,0.00127,54560,69.54482,78453
12390,Nat-Tebb,1,0.00127,54561,69.54610,78453
12391,natu92,1,0.00127,54562,69.54737,78453
12392,naustin,1,0.00127,54563,69.54865,78453
12393,Navdeepuniyal,1,0.00127,54564,69.54992,78453
12394,naveen-adisesha,1,0.00127,54565,69.55120,78453
12395,naveenc,1,0.00127,54566,69.55247,78453
12396,naveenkumarsp,1,0.00127,54567,69.55375,78453
12397,Naveen-manokaran,1,0.00127,54568,69.55502,78453
12398,naveen-marthala,1,0.00127,54569,69.55629,78453
12399,navels,1,0.00127,54570,69.55757,78453
12400,navidnadali,1,0.00127,54571,69.55884,78453
12401,navneetkarnani,1,0.00127,54572,69.56012,78453
12402,navnitDevOps,1,0.00127,54573,69.56139,78453
12403,nax20210524,1,0.00127,54574,69.56267,78453
12404,NaxAlpha,1,0.00127,54575,69.56394,78453
12405,Nayan155,1,0.00127,54576,69.56522,78453
12406,nbbhall,1,0.00127,54577,69.56649,78453
12407,nb-ohad,1,0.00127,54578,69.56777,78453
12408,nbrinda,1,0.00127,54579,69.56904,78453
12409,ncarlson,1,0.00127,54580,69.57032,78453
12410,ncjones,1,0.00127,54581,69.57159,78453
12411,ndlanier,1,0.00127,54582,69.57287,78453
12412,ndombroski,1,0.00127,54583,69.57414,78453
12413,nea1,1,0.00127,54584,69.57541,78453
12414,nebuk89,1,0.00127,54585,69.57669,78453
12415,neeej,1,0.00127,54586,69.57796,78453
12416,Neelesh2512,1,0.00127,54587,69.57924,78453
12417,neerjol,1,0.00127,54588,69.58051,78453
12418,NeesonD,1,0.00127,54589,69.58179,78453
12419,neetika-Sri,1,0.00127,54590,69.58306,78453
12420,nehemming,1,0.00127,54591,69.58434,78453
12421,neilo-df,1,0.00127,54592,69.58561,78453
12422,nelson3219,1,0.00127,54593,69.58689,78453
12423,nelsonomuto,1,0.00127,54594,69.58816,78453
12424,nelsonstudent,1,0.00127,54595,69.58944,78453
12425,neogeogre,1,0.00127,54596,69.59071,78453
12426,neopyap,1,0.00127,54597,69.59199,78453
12427,nerdvegas,1,0.00127,54598,69.59326,78453
12428,nermiin,1,0.00127,54599,69.59453,78453
12429,Net301,1,0.00127,54600,69.59581,78453
12430,net-sniper,1,0.00127,54601,69.59708,78453
12431,neverland-lhy,1,0.00127,54602,69.59836,78453
12432,newhero911,1,0.00127,54603,69.59963,78453
12433,newhouse,1,0.00127,54604,69.60091,78453
12434,newstrider,1,0.00127,54605,69.60218,78453
12435,newzubakhin,1,0.00127,54606,69.60346,78453
12436,nexcvon,1,0.00127,54607,69.60473,78453
12437,nextfool,1,0.00127,54608,69.60601,78453
12438,nextgens,1,0.00127,54609,69.60728,78453
12439,Nezteb,1,0.00127,54610,69.60856,78453
12440,nfeltrin-dkb,1,0.00127,54611,69.60983,78453
12441,nflux-pyang,1,0.00127,54612,69.61110,78453
12442,nfuden,1,0.00127,54613,69.61238,78453
12443,nganbph10804,1,0.00127,54614,69.61365,78453
12444,ngoclammevn,1,0.00127,54615,69.61493,78453
12445,ngryman,1,0.00127,54616,69.61620,78453
12446,NguyenKyThinh94,1,0.00127,54617,69.61748,78453
12447,nhs000,1,0.00127,54618,69.61875,78453
12448,NiallJude,1,0.00127,54619,69.62003,78453
12449,nibbleshift,1,0.00127,54620,69.62130,78453
12450,nicely-dunn,1,0.00127,54621,69.62258,78453
12451,nicgrayson,1,0.00127,54622,69.62385,78453
12452,nicholas-form3,1,0.00127,54623,69.62513,78453
12453,nicholas-george,1,0.00127,54624,69.62640,78453
12454,NicholasLiuWei,1,0.00127,54625,69.62768,78453
12455,nickborges,1,0.00127,54626,69.62895,78453
12456,nickdanil,1,0.00127,54627,69.63022,78453
12457,nick-deroo-privitar,1,0.00127,54628,69.63150,78453
12458,nickeskov,1,0.00127,54629,69.63277,78453
12459,nickezekias,1,0.00127,54630,69.63405,78453
12460,nickgarber,1,0.00127,54631,69.63532,78453
12461,nickgooding,1,0.00127,54632,69.63660,78453
12462,nickgulrajani,1,0.00127,54633,69.63787,78453
12463,nick-laqua-dragon,1,0.00127,54634,69.63915,78453
12464,nicolas2bonfils,1,0.00127,54635,69.64042,78453
12465,NicolasKarnick,1,0.00127,54636,69.64170,78453
12466,Nidaozi,1,0.00127,54637,69.64297,78453
12467,nidyaonur,1,0.00127,54638,69.64425,78453
12468,nieebel,1,0.00127,54639,69.64552,78453
12469,NielDB,1,0.00127,54640,69.64679,78453
12470,NielsUll,1,0.00127,54641,69.64807,78453
12471,niesmo,1,0.00127,54642,69.64934,78453
12472,Night-Hunters,1,0.00127,54643,69.65062,78453
12473,nightmar39,1,0.00127,54644,69.65189,78453
12474,Nigrimmist,1,0.00127,54645,69.65317,78453
12475,nihcosnosaj,1,0.00127,54646,69.65444,78453
12476,nik132-eng,1,0.00127,54647,69.65572,78453
12477,nik843,1,0.00127,54648,69.65699,78453
12478,nikbanerjee-unity,1,0.00127,54649,69.65827,78453
12479,nikhilpanchal123,1,0.00127,54650,69.65954,78453
12480,nikileshsa,1,0.00127,54651,69.66082,78453
12481,nikitamikhaylov,1,0.00127,54652,69.66209,78453
12482,nikolanikov,1,0.00127,54653,69.66337,78453
12483,Nikolasotvsos262,1,0.00127,54654,69.66464,78453
12484,nikolaylagutko,1,0.00127,54655,69.66591,78453
12485,nikolaymatrosov,1,0.00127,54656,69.66719,78453
12486,nikonovak,1,0.00127,54657,69.66846,78453
12487,NikOtvos8,1,0.00127,54658,69.66974,78453
12488,nikt-lsq,1,0.00127,54659,69.67101,78453
12489,nikunjmasrani,1,0.00127,54660,69.67229,78453
12490,nikunjy,1,0.00127,54661,69.67356,78453
12491,niliproject123,1,0.00127,54662,69.67484,78453
12492,nilsbillo,1,0.00127,54663,69.67611,78453
12493,nils-borrmann-y42,1,0.00127,54664,69.67739,78453
12494,nilsding,1,0.00127,54665,69.67866,78453
12495,nilsvond,1,0.00127,54666,69.67994,78453
12496,ningziwen,1,0.00127,54667,69.68121,78453
12497,ninuxio,1,0.00127,54668,69.68249,78453
12498,ninx80,1,0.00127,54669,69.68376,78453
12499,niontive,1,0.00127,54670,69.68503,78453
12500,nirmalmano,1,0.00127,54671,69.68631,78453
12501,Nirusu,1,0.00127,54672,69.68758,78453
12502,nir-valtman,1,0.00127,54673,69.68886,78453
12503,nirvdrum,1,0.00127,54674,69.69013,78453
12504,nirvinana,1,0.00127,54675,69.69141,78453
12505,nishantpatel11,1,0.00127,54676,69.69268,78453
12506,nishant-siddh,1,0.00127,54677,69.69396,78453
12507,NithyaRavikumar,1,0.00127,54678,69.69523,78453
12508,niting3c,1,0.00127,54679,69.69651,78453
12509,nitinsaprumaersk,1,0.00127,54680,69.69778,78453
12510,nitishchauhan0022,1,0.00127,54681,69.69906,78453
12511,nitzek,1,0.00127,54682,69.70033,78453
12512,NiubilityOptimus,1,0.00127,54683,69.70160,78453
12513,niwatorrri,1,0.00127,54684,69.70288,78453
12514,njablonski,1,0.00127,54685,69.70415,78453
12515,njdub,1,0.00127,54686,69.70543,78453
12516,NJUCS-XiaoLuo,1,0.00127,54687,69.70670,78453
12517,njuyxw,1,0.00127,54688,69.70798,78453
12518,nkorange,1,0.00127,54689,69.70925,78453
12519,nkuzman,1,0.00127,54690,69.71053,78453
12520,nmacgreg,1,0.00127,54691,69.71180,78453
12521,nmarjano,1,0.00127,54692,69.71308,78453
12522,nmattela,1,0.00127,54693,69.71435,78453
12523,Nmaxime,1,0.00127,54694,69.71563,78453
12524,nmccalme,1,0.00127,54695,69.71690,78453
12525,nmeum,1,0.00127,54696,69.71818,78453
12526,nmorey-ratehub,1,0.00127,54697,69.71945,78453
12527,nmoutschen,1,0.00127,54698,69.72072,78453
12528,nmrkic,1,0.00127,54699,69.72200,78453
12529,nmstoker,1,0.00127,54700,69.72327,78453
12530,nmtoan91,1,0.00127,54701,69.72455,78453
12531,nn-afly,1,0.00127,54702,69.72582,78453
12532,nnamansingh,1,0.00127,54703,69.72710,78453
12533,nnseva,1,0.00127,54704,69.72837,78453
12534,noahbailey,1,0.00127,54705,69.72965,78453
12535,noam-allcloud,1,0.00127,54706,69.73092,78453
12536,noam-bionicstork,1,0.00127,54707,69.73220,78453
12537,noblejacob-kubra,1,0.00127,54708,69.73347,78453
12538,NobleYd,1,0.00127,54709,69.73475,78453
12539,NoDifficulty,1,0.00127,54710,69.73602,78453
12540,Noel-Dason,1,0.00127,54711,69.73729,78453
12541,noesberger,1,0.00127,54712,69.73857,78453
12542,noiseless,1,0.00127,54713,69.73984,78453
12543,Nolij,1,0.00127,54714,69.74112,78453
12544,noliverio,1,0.00127,54715,69.74239,78453
12545,nomis4u,1,0.00127,54716,69.74367,78453
12546,noMoreCLI,1,0.00127,54717,69.74494,78453
12547,nonomu,1,0.00127,54718,69.74622,78453
12548,noracenofun,1,0.00127,54719,69.74749,78453
12549,norrissw,1,0.00127,54720,69.74877,78453
12550,norru,1,0.00127,54721,69.75004,78453
12551,Nosense363,1,0.00127,54722,69.75132,78453
12552,noskywalker,1,0.00127,54723,69.75259,78453
12553,nosmicek,1,0.00127,54724,69.75387,78453
12554,NotANormalNerd,1,0.00127,54725,69.75514,78453
12555,nothsa,1,0.00127,54726,69.75641,78453
12556,novotnej,1,0.00127,54727,69.75769,78453
12557,nowaktz,1,0.00127,54728,69.75896,78453
12558,npabb001,1,0.00127,54729,69.76024,78453
12559,NPastorale,1,0.00127,54730,69.76151,78453
12560,npd26,1,0.00127,54731,69.76279,78453
12561,npes87184,1,0.00127,54732,69.76406,78453
12562,Nrehearsal,1,0.00127,54733,69.76534,78453
12563,nrjohnstone-omnia,1,0.00127,54734,69.76661,78453
12564,nrowegt,1,0.00127,54735,69.76789,78453
12565,ns-asriram,1,0.00127,54736,69.76916,78453
12566,nsherak1,1,0.00127,54737,69.77044,78453
12567,nsingal,1,0.00127,54738,69.77171,78453
12568,NSouthernLF,1,0.00127,54739,69.77299,78453
12569,nterra-paul,1,0.00127,54740,69.77426,78453
12570,ntman4real,1,0.00127,54741,69.77553,78453
12571,ntrishal,1,0.00127,54742,69.77681,78453
12572,ntrp,1,0.00127,54743,69.77808,78453
12573,ntr-ross,1,0.00127,54744,69.77936,78453
12574,nuclear0wl,1,0.00127,54745,69.78063,78453
12575,nulf,1,0.00127,54746,69.78191,78453
12576,number21,1,0.00127,54747,69.78318,78453
12577,nunojca,1,0.00127,54748,69.78446,78453
12578,nunomrc,1,0.00127,54749,69.78573,78453
12579,nupplaphil,1,0.00127,54750,69.78701,78453
12580,nurelmedward,1,0.00127,54751,69.78828,78453
12581,nurhun-kwentra,1,0.00127,54752,69.78956,78453
12582,Nurik-K,1,0.00127,54753,69.79083,78453
12583,nutslove,1,0.00127,54754,69.79210,78453
12584,nuttmeister,1,0.00127,54755,69.79338,78453
12585,NuxYoung,1,0.00127,54756,69.79465,78453
12586,nuzurie,1,0.00127,54757,69.79593,78453
12587,nwaf999,1,0.00127,54758,69.79720,78453
12588,nwanati,1,0.00127,54759,69.79848,78453
12589,nwithers-ecr,1,0.00127,54760,69.79975,78453
12590,nyejon,1,0.00127,54761,69.80103,78453
12591,nzin-appdirect,1,0.00127,54762,69.80230,78453
12592,o11ydemo,1,0.00127,54763,69.80358,78453
12593,obasoro,1,0.00127,54764,69.80485,78453
12594,obesser,1,0.00127,54765,69.80613,78453
12595,obigcat,1,0.00127,54766,69.80740,78453
12596,obsjmartin,1,0.00127,54767,69.80868,78453
12597,obulirajm,1,0.00127,54768,69.80995,78453
12598,occase,1,0.00127,54769,69.81122,78453
12599,oceanroleplay,1,0.00127,54770,69.81250,78453
12600,octopop,1,0.00127,54771,69.81377,78453
12601,odelreym,1,0.00127,54772,69.81505,78453
12602,ofir-abc,1,0.00127,54773,69.81632,78453
12603,ofirmamo,1,0.00127,54774,69.81760,78453
12604,ogandoe,1,0.00127,54775,69.81887,78453
12605,oguztecirlioglu,1,0.00127,54776,69.82015,78453
12606,ohadasulin,1,0.00127,54777,69.82142,78453
12607,ohadbeck,1,0.00127,54778,69.82270,78453
12608,OHermesJunior,1,0.00127,54779,69.82397,78453
12609,ohmychill,1,0.00127,54780,69.82525,78453
12610,ohscartao,1,0.00127,54781,69.82652,78453
12611,oibiyemi,1,0.00127,54782,69.82779,78453
12612,OkabeRitarou,1,0.00127,54783,69.82907,78453
12613,okashansky-mdsol,1,0.00127,54784,69.83034,78453
12614,okechukwu-opara,1,0.00127,54785,69.83162,78453
12615,okize,1,0.00127,54786,69.83289,78453
12616,olastor,1,0.00127,54787,69.83417,78453
12617,olddriver4,1,0.00127,54788,69.83544,78453
12618,olderTaoist,1,0.00127,54789,69.83672,78453
12619,olebittner,1,0.00127,54790,69.83799,78453
12620,OlehObodin,1,0.00127,54791,69.83927,78453
12621,OliverJoyL,1,0.00127,54792,69.84054,78453
12622,oliverwehrens,1,0.00127,54793,69.84182,78453
12623,ololobus,1,0.00127,54794,69.84309,78453
12624,olsenme,1,0.00127,54795,69.84437,78453
12625,Olsi-B,1,0.00127,54796,69.84564,78453
12626,Oltremarer,1,0.00127,54797,69.84691,78453
12627,oluyinkos,1,0.00127,54798,69.84819,78453
12628,olyaonysko,1,0.00127,54799,69.84946,78453
12629,Omega-Centauri-21,1,0.00127,54800,69.85074,78453
12630,omenking,1,0.00127,54801,69.85201,78453
12631,OmerNinburg-RecoLabs,1,0.00127,54802,69.85329,78453
12632,OMGUPTA21,1,0.00127,54803,69.85456,78453
12633,Omran-Hazaa,1,0.00127,54804,69.85584,78453
12634,OmriSteiner,1,0.00127,54805,69.85711,78453
12635,omriza,1,0.00127,54806,69.85839,78453
12636,onahkenneth,1,0.00127,54807,69.85966,78453
12637,onap4105,1,0.00127,54808,69.86094,78453
12638,onesail,1,0.00127,54809,69.86221,78453
12639,oneto1,1,0.00127,54810,69.86349,78453
12640,onstring,1,0.00127,54811,69.86476,78453
12641,onwsk8r,1,0.00127,54812,69.86603,78453
12642,oopoopoop,1,0.00127,54813,69.86731,78453
12643,opabloc,1,0.00127,54814,69.86858,78453
12644,Oper18,1,0.00127,54815,69.86986,78453
12645,opsb,1,0.00127,54816,69.87113,78453
12646,ops-hummus,1,0.00127,54817,69.87241,78453
12647,or3liyahu,1,0.00127,54818,69.87368,78453
12648,OrangeGzY,1,0.00127,54819,69.87496,78453
12649,OrcunColak,1,0.00127,54820,69.87623,78453
12650,Orcustrion,1,0.00127,54821,69.87751,78453
12651,orcutt989,1,0.00127,54822,69.87878,78453
12652,orfins,1,0.00127,54823,69.88006,78453
12653,OriishiTakahiro,1,0.00127,54824,69.88133,78453
12654,orkatz-intel,1,0.00127,54825,69.88260,78453
12655,OrlandoArcapix,1,0.00127,54826,69.88388,78453
12656,Orrimp,1,0.00127,54827,69.88515,78453
12657,Ortub,1,0.00127,54828,69.88643,78453
12658,orvice,1,0.00127,54829,69.88770,78453
12659,Orwell-coder,1,0.00127,54830,69.88898,78453
12660,oryades,1,0.00127,54831,69.89025,78453
12661,Osamah9069,1,0.00127,54832,69.89153,78453
12662,osamaz26,1,0.00127,54833,69.89280,78453
12663,osanchez42,1,0.00127,54834,69.89408,78453
12664,OscarAlmgren,1,0.00127,54835,69.89535,78453
12665,oscaromeu,1,0.00127,54836,69.89663,78453
12666,oscarprol,1,0.00127,54837,69.89790,78453
12667,oscartrullols,1,0.00127,54838,69.89918,78453
12668,oscrx,1,0.00127,54839,69.90045,78453
12669,Osherz5,1,0.00127,54840,69.90172,78453
12670,oshyshkov2010,1,0.00127,54841,69.90300,78453
12671,OS-nestorcolt,1,0.00127,54842,69.90427,78453
12672,ospiegel91,1,0.00127,54843,69.90555,78453
12673,ostrya,1,0.00127,54844,69.90682,78453
12674,OS-venkataashok,1,0.00127,54845,69.90810,78453
12675,oswald0071,1,0.00127,54846,69.90937,78453
12676,otaqatqa,1,0.00127,54847,69.91065,78453
12677,otaviocals,1,0.00127,54848,69.91192,78453
12678,outout14,1,0.00127,54849,69.91320,78453
12679,OverdosedJoker,1,0.00127,54850,69.91447,78453
12680,owais-maswala,1,0.00127,54851,69.91575,78453
12681,owenchenxy,1,0.00127,54852,69.91702,78453
12682,ownnaruto,1,0.00127,54853,69.91830,78453
12683,oycol,1,0.00127,54854,69.91957,78453
12684,ozzy92,1,0.00127,54855,69.92084,78453
12685,ozzyian,1,0.00127,54856,69.92212,78453
12686,P01DHANRAJSG,1,0.00127,54857,69.92339,78453
12687,p0l0,1,0.00127,54858,69.92467,78453
12688,p120ph37,1,0.00127,54859,69.92594,78453
12689,pabagan,1,0.00127,54860,69.92722,78453
12690,pabloaguilar,1,0.00127,54861,69.92849,78453
12691,pablocompagni-contractorvp,1,0.00127,54862,69.92977,78453
12692,pablombg,1,0.00127,54863,69.93104,78453
12693,padrepitufo,1,0.00127,54864,69.93232,78453
12694,pagottoo,1,0.00127,54865,69.93359,78453
12695,paigerduty,1,0.00127,54866,69.93487,78453
12696,paigr,1,0.00127,54867,69.93614,78453
12697,paina,1,0.00127,54868,69.93741,78453
12698,paka99,1,0.00127,54869,69.93869,78453
12699,pakuwa,1,0.00127,54870,69.93996,78453
12700,palanik1,1,0.00127,54871,69.94124,78453
12701,Pali15,1,0.00127,54872,69.94251,78453
12702,pamuravi,1,0.00127,54873,69.94379,78453
12703,panaut0lordv,1,0.00127,54874,69.94506,78453
12704,panbing520,1,0.00127,54875,69.94634,78453
12705,PandaAwAke,1,0.00127,54876,69.94761,78453
12706,pandemir,1,0.00127,54877,69.94889,78453
12707,pangithnb,1,0.00127,54878,69.95016,78453
12708,pangqing123,1,0.00127,54879,69.95144,78453
12709,pantxisto,1,0.00127,54880,69.95271,78453
12710,panxia6679,1,0.00127,54881,69.95399,78453
12711,panzhenyu12,1,0.00127,54882,69.95526,78453
12712,PapashaEnot,1,0.00127,54883,69.95653,78453
12713,papcik,1,0.00127,54884,69.95781,78453
12714,par5706,1,0.00127,54885,69.95908,78453
12715,ParagPatil96,1,0.00127,54886,69.96036,78453
12716,Param-S,1,0.00127,54887,69.96163,78453
12717,parisnakitakejser,1,0.00127,54888,69.96291,78453
12718,parmeshsingaTR,1,0.00127,54889,69.96418,78453
12719,parsifallo,1,0.00127,54890,69.96546,78453
12720,parveshmourya,1,0.00127,54891,69.96673,78453
12721,Parziphal,1,0.00127,54892,69.96801,78453
12722,paschelino,1,0.00127,54893,69.96928,78453
12723,Pastor-David,1,0.00127,54894,69.97056,78453
12724,pasuder,1,0.00127,54895,69.97183,78453
12725,patcon,1,0.00127,54896,69.97310,78453
12726,patgalaz,1,0.00127,54897,69.97438,78453
12727,patiln,1,0.00127,54898,69.97565,78453
12728,patrickbadleyupstart,1,0.00127,54899,69.97693,78453
12729,patrickhoefler,1,0.00127,54900,69.97820,78453
12730,patrickrodiesDK,1,0.00127,54901,69.97948,78453
12731,patrickShaikh,1,0.00127,54902,69.98075,78453
12732,patrick-steadman,1,0.00127,54903,69.98203,78453
12733,patrickstrick,1,0.00127,54904,69.98330,78453
12734,patryksliwinski,1,0.00127,54905,69.98458,78453
12735,patrykwozinski,1,0.00127,54906,69.98585,78453
12736,patryykm,1,0.00127,54907,69.98713,78453
12737,pat-s,1,0.00127,54908,69.98840,78453
12738,Patusia98,1,0.00127,54909,69.98968,78453
12739,paul-cummings,1,0.00127,54910,69.99095,78453
12740,paulgreenbank,1,0.00127,54911,69.99222,78453
12741,PaulinaParangerHr,1,0.00127,54912,69.99350,78453
12742,paul-palmer,1,0.00127,54913,69.99477,78453
12743,paulturner-pg,1,0.00127,54914,69.99605,78453
12744,paulzhn,1,0.00127,54915,69.99732,78453
12745,pavan-chakka,1,0.00127,54916,69.99860,78453
12746,pavel-mitrofanov-regtech,1,0.00127,54917,69.99987,78453
12747,pavo976,1,0.00127,54918,70.00115,78453
12748,pawandwivedi,1,0.00127,54919,70.00242,78453
12749,PawelKopel,1,0.00127,54920,70.00370,78453
12750,pawellegowski89,1,0.00127,54921,70.00497,78453
12751,PawelSpoon,1,0.00127,54922,70.00625,78453
12752,paya-cz,1,0.00127,54923,70.00752,78453
12753,pb0501x,1,0.00127,54924,70.00880,78453
12754,pbabbott,1,0.00127,54925,70.01007,78453
12755,pbiggar,1,0.00127,54926,70.01134,78453
12756,pbi-qfs,1,0.00127,54927,70.01262,78453
12757,pboling,1,0.00127,54928,70.01389,78453
12758,pboulos,1,0.00127,54929,70.01517,78453
12759,PBTests,1,0.00127,54930,70.01644,78453
12760,pc0013,1,0.00127,54931,70.01772,78453
12761,pcallahan-r7,1,0.00127,54932,70.01899,78453
12762,pchanas,1,0.00127,54933,70.02027,78453
12763,pchy93,1,0.00127,54934,70.02154,78453
12764,pc-psankaranarayanan,1,0.00127,54935,70.02282,78453
12765,pctseng7,1,0.00127,54936,70.02409,78453
12766,pdeslaur,1,0.00127,54937,70.02537,78453
12767,peachblossomgame,1,0.00127,54938,70.02664,78453
12768,Peakchen,1,0.00127,54939,70.02791,78453
12769,pedro-correia-tech,1,0.00127,54940,70.02919,78453
12770,pedrocunha,1,0.00127,54941,70.03046,78453
12771,pedro-cwi,1,0.00127,54942,70.03174,78453
12772,PehrGit,1,0.00127,54943,70.03301,78453
12773,pelt,1,0.00127,54944,70.03429,78453
12774,pembunuhraja85,1,0.00127,54945,70.03556,78453
12775,peng19940915,1,0.00127,54946,70.03684,78453
12776,pengfeiopen,1,0.00127,54947,70.03811,78453
12777,penkendo,1,0.00127,54948,70.03939,78453
12778,PennaLai,1,0.00127,54949,70.04066,78453
12779,PeqNP,1,0.00127,54950,70.04194,78453
12780,Perfume-QwQ,1,0.00127,54951,70.04321,78453
12781,PerJNilsson,1,0.00127,54952,70.04449,78453
12782,PerkinTahmaz,1,0.00127,54953,70.04576,78453
12783,perlow,1,0.00127,54954,70.04703,78453
12784,petedyerarm,1,0.00127,54955,70.04831,78453
12785,peter-at-work,1,0.00127,54956,70.04958,78453
12786,peterchenhc,1,0.00127,54957,70.05086,78453
12787,petergoldstein,1,0.00127,54958,70.05213,78453
12788,peterguo2000,1,0.00127,54959,70.05341,78453
12789,petergvizd,1,0.00127,54960,70.05468,78453
12790,peterhirn,1,0.00127,54961,70.05596,78453
12791,peter-koenig,1,0.00127,54962,70.05723,78453
12792,petertamuk,1,0.00127,54963,70.05851,78453
12793,petrm,1,0.00127,54964,70.05978,78453
12794,petrusvr,1,0.00127,54965,70.06106,78453
12795,pezzer55,1,0.00127,54966,70.06233,78453
12796,pfriedland,1,0.00127,54967,70.06360,78453
12797,PGBI,1,0.00127,54968,70.06488,78453
12798,pgendreau,1,0.00127,54969,70.06615,78453
12799,pgilfillan,1,0.00127,54970,70.06743,78453
12800,pgouda89,1,0.00127,54971,70.06870,78453
12801,phalsam,1,0.00127,54972,70.06998,78453
12802,phan91,1,0.00127,54973,70.07125,78453
12803,phaniops,1,0.00127,54974,70.07253,78453
12804,phani-rudra9,1,0.00127,54975,70.07380,78453
12805,PhantomJones,1,0.00127,54976,70.07508,78453
12806,phelewski,1,0.00127,54977,70.07635,78453
12807,phijojo,1,0.00127,54978,70.07763,78453
12808,philimonoff,1,0.00127,54979,70.07890,78453
12809,philipmattingly,1,0.00127,54980,70.08018,78453
12810,philip-nicholls,1,0.00127,54981,70.08145,78453
12811,philipp-becker,1,0.00127,54982,70.08272,78453
12812,PhilipPenquitt,1,0.00127,54983,70.08400,78453
12813,philwc,1,0.00127,54984,70.08527,78453
12814,Phobele,1,0.00127,54985,70.08655,78453
12815,phoenix741,1,0.00127,54986,70.08782,78453
12816,phoon,1,0.00127,54987,70.08910,78453
12817,phortonssf,1,0.00127,54988,70.09037,78453
12818,photomoose,1,0.00127,54989,70.09165,78453
12819,Photonios,1,0.00127,54990,70.09292,78453
12820,PhotoTeeborChoka,1,0.00127,54991,70.09420,78453
12821,photra,1,0.00127,54992,70.09547,78453
12822,phuongnd96,1,0.00127,54993,70.09675,78453
12823,phxescap,1,0.00127,54994,70.09802,78453
12824,phxism,1,0.00127,54995,70.09930,78453
12825,Pic4rd,1,0.00127,54996,70.10057,78453
12826,pidj,1,0.00127,54997,70.10184,78453
12827,pierpa71,1,0.00127,54998,70.10312,78453
12828,pierrevanrensburg,1,0.00127,54999,70.10439,78453
12829,piki,1,0.00127,55000,70.10567,78453
12830,Pinepure,1,0.00127,55001,70.10694,78453
12831,pingvinton,1,0.00127,55002,70.10822,78453
12832,PinheiroLG,1,0.00127,55003,70.10949,78453
12833,pint1022,1,0.00127,55004,70.11077,78453
12834,piotrek660,1,0.00127,55005,70.11204,78453
12835,piotrkpc,1,0.00127,55006,70.11332,78453
12836,pippitt,1,0.00127,55007,70.11459,78453
12837,Pitta,1,0.00127,55008,70.11587,78453
12838,Pivito2,1,0.00127,55009,70.11714,78453
12839,Pixelsmith,1,0.00127,55010,70.11841,78453
12840,pixelsnbits,1,0.00127,55011,70.11969,78453
12841,pixslx,1,0.00127,55012,70.12096,78453
12842,pja237,1,0.00127,55013,70.12224,78453
12843,pjthepooh,1,0.00127,55014,70.12351,78453
12844,pkazi,1,0.00127,55015,70.12479,78453
12845,pkchavva,1,0.00127,55016,70.12606,78453
12846,pkerschbaum,1,0.00127,55017,70.12734,78453
12847,pksilen,1,0.00127,55018,70.12861,78453
12848,platanifolia,1,0.00127,55019,70.12989,78453
12849,play-io,1,0.00127,55020,70.13116,78453
12850,pletnes,1,0.00127,55021,70.13244,78453
12851,PlinChen,1,0.00127,55022,70.13371,78453
12852,plonkernickel,1,0.00127,55023,70.13499,78453
12853,P-Maha007,1,0.00127,55024,70.13626,78453
12854,pmarschik,1,0.00127,55025,70.13753,78453
12855,pmjacinto,1,0.00127,55026,70.13881,78453
12856,pmmlo,1,0.00127,55027,70.14008,78453
12857,pmocek,1,0.00127,55028,70.14136,78453
12858,pointearth,1,0.00127,55029,70.14263,78453
12859,pokitpeng,1,0.00127,55030,70.14391,78453
12860,polaris0-a,1,0.00127,55031,70.14518,78453
12861,polingsky,1,0.00127,55032,70.14646,78453
12862,p-o-nch,1,0.00127,55033,70.14773,78453
12863,ponner-github,1,0.00127,55034,70.14901,78453
12864,poojankhanpara,1,0.00127,55035,70.15028,78453
12865,Pooja-Y-G,1,0.00127,55036,70.15156,78453
12866,Poolitzer,1,0.00127,55037,70.15283,78453
12867,PopTudor,1,0.00127,55038,70.15411,78453
12868,porfirion,1,0.00127,55039,70.15538,78453
12869,Porthorian,1,0.00127,55040,70.15665,78453
12870,portno12,1,0.00127,55041,70.15793,78453
12871,Positron1990,1,0.00127,55042,70.15920,78453
12872,pospospos2007,1,0.00127,55043,70.16048,78453
12873,poteat,1,0.00127,55044,70.16175,78453
12874,pothitos,1,0.00127,55045,70.16303,78453
12875,PottierAlexis,1,0.00127,55046,70.16430,78453
12876,powershot275,1,0.00127,55047,70.16558,78453
12877,powertim,1,0.00127,55048,70.16685,78453
12878,pp185214,1,0.00127,55049,70.16813,78453
12879,ppenmeth9,1,0.00127,55050,70.16940,78453
12880,ppieprzycki,1,0.00127,55051,70.17068,78453
12881,PPYSC,1,0.00127,55052,70.17195,78453
12882,Pra9jha,1,0.00127,55053,70.17322,78453
12883,prabhat2k15,1,0.00127,55054,70.17450,78453
12884,practical-gitops,1,0.00127,55055,70.17577,78453
12885,pradeep288,1,0.00127,55056,70.17705,78453
12886,Pradeepjraman,1,0.00127,55057,70.17832,78453
12887,Pradumn99,1,0.00127,55058,70.17960,78453
12888,pragyaarora,1,0.00127,55059,70.18087,78453
12889,prajithsonu524,1,0.00127,55060,70.18215,78453
12890,PrakashDahal,1,0.00127,55061,70.18342,78453
12891,Prakhar-Jaju,1,0.00127,55062,70.18470,78453
12892,pramodsri,1,0.00127,55063,70.18597,78453
12893,pranshuchittora,1,0.00127,55064,70.18725,78453
12894,pranv-sonawane,1,0.00127,55065,70.18852,78453
12895,prapakaransp,1,0.00127,55066,70.18980,78453
12896,prasad-1210,1,0.00127,55067,70.19107,78453
12897,prasad-1729,1,0.00127,55068,70.19234,78453
12898,prasanththorati,1,0.00127,55069,70.19362,78453
12899,prashant0085,1,0.00127,55070,70.19489,78453
12900,prashant2402,1,0.00127,55071,70.19617,78453
12901,PrashantSaxena000000,1,0.00127,55072,70.19744,78453
12902,prashant-warrier-echelonvi,1,0.00127,55073,70.19872,78453
12903,prashathsenthil,1,0.00127,55074,70.19999,78453
12904,Prasoon1993,1,0.00127,55075,70.20127,78453
12905,pratapdesai,1,0.00127,55076,70.20254,78453
12906,pratheeksu,1,0.00127,55077,70.20382,78453
12907,PrathibaNet,1,0.00127,55078,70.20509,78453
12908,pratik705,1,0.00127,55079,70.20637,78453
12909,prattyushmangal,1,0.00127,55080,70.20764,78453
12910,Praveen5k,1,0.00127,55081,70.20891,78453
12911,PraveenJP,1,0.00127,55082,70.21019,78453
12912,PraveenSelvam1992,1,0.00127,55083,70.21146,78453
12913,praveingk,1,0.00127,55084,70.21274,78453
12914,prawen,1,0.00127,55085,70.21401,78453
12915,prebours,1,0.00127,55086,70.21529,78453
12916,preciousonyekwere,1,0.00127,55087,70.21656,78453
12917,Preetham777,1,0.00127,55088,70.21784,78453
12918,PremanandPatil,1,0.00127,55089,70.21911,78453
12919,prescod,1,0.00127,55090,70.22039,78453
12920,prigio,1,0.00127,55091,70.22166,78453
12921,priority-queue,1,0.00127,55092,70.22294,78453
12922,prisben,1,0.00127,55093,70.22421,78453
12923,prithakur,1,0.00127,55094,70.22549,78453
12924,proBaxia,1,0.00127,55095,70.22676,78453
12925,procheeseburger,1,0.00127,55096,70.22803,78453
12926,prodmitry,1,0.00127,55097,70.22931,78453
12927,Professor-Paradox,1,0.00127,55098,70.23058,78453
12928,protoz,1,0.00127,55099,70.23186,78453
12929,prudhvid,1,0.00127,55100,70.23313,78453
12930,PrymalInstynct,1,0.00127,55101,70.23441,78453
12931,przemeka,1,0.00127,55102,70.23568,78453
12932,przeszlo,1,0.00127,55103,70.23696,78453
12933,przwojtkow,1,0.00127,55104,70.23823,78453
12934,psantoli,1,0.00127,55105,70.23951,78453
12935,P-S-bits,1,0.00127,55106,70.24078,78453
12936,pschmid667,1,0.00127,55107,70.24206,78453
12937,pschrammel,1,0.00127,55108,70.24333,78453
12938,pse007,1,0.00127,55109,70.24461,78453
12939,psema4,1,0.00127,55110,70.24588,78453
12940,pshen,1,0.00127,55111,70.24715,78453
12941,psilohanf,1,0.00127,55112,70.24843,78453
12942,psiso,1,0.00127,55113,70.24970,78453
12943,pslq,1,0.00127,55114,70.25098,78453
12944,pstreise,1,0.00127,55115,70.25225,78453
12945,pSub,1,0.00127,55116,70.25353,78453
12946,psuet,1,0.00127,55117,70.25480,78453
12947,psydok,1,0.00127,55118,70.25608,78453
12948,ptarjan,1,0.00127,55119,70.25735,78453
12949,pthatchinamoorthy,1,0.00127,55120,70.25863,78453
12950,ptrf,1,0.00127,55121,70.25990,78453
12951,ptsteadman,1,0.00127,55122,70.26118,78453
12952,pukanszkypeter,1,0.00127,55123,70.26245,78453
12953,PulapakuraBros,1,0.00127,55124,70.26372,78453
12954,pulcov,1,0.00127,55125,70.26500,78453
12955,pulecp,1,0.00127,55126,70.26627,78453
12956,pulsemusic,1,0.00127,55127,70.26755,78453
12957,punkerpunker,1,0.00127,55128,70.26882,78453
12958,punkstarman,1,0.00127,55129,70.27010,78453
12959,punnarpulusu,1,0.00127,55130,70.27137,78453
12960,purplegrapeZz,1,0.00127,55131,70.27265,78453
12961,purvalraj,1,0.00127,55132,70.27392,78453
12962,putnam120,1,0.00127,55133,70.27520,78453
12963,pvbiesen,1,0.00127,55134,70.27647,78453
12964,pvdputte,1,0.00127,55135,70.27775,78453
12965,pviraj59,1,0.00127,55136,70.27902,78453
12966,pvpusulu,1,0.00127,55137,70.28030,78453
12967,pwenot,1,0.00127,55138,70.28157,78453
12968,pxchen,1,0.00127,55139,70.28284,78453
12969,pybokeh,1,0.00127,55140,70.28412,78453
12970,pyotam,1,0.00127,55141,70.28539,78453
12971,pyzenberg,1,0.00127,55142,70.28667,78453
12972,pzeepablo,1,0.00127,55143,70.28794,78453
12973,pzhangch,1,0.00127,55144,70.28922,78453
12974,q741242673,1,0.00127,55145,70.29049,78453
12975,QBens,1,0.00127,55146,70.29177,78453
12976,qby-tofi,1,0.00127,55147,70.29304,78453
12977,qdev89,1,0.00127,55148,70.29432,78453
12978,QGB,1,0.00127,55149,70.29559,78453
12979,QH2333,1,0.00127,55150,70.29687,78453
12980,qianfen2021,1,0.00127,55151,70.29814,78453
12981,qiaoshuangshuang,1,0.00127,55152,70.29941,78453
12982,qiaqiatic,1,0.00127,55153,70.30069,78453
12983,qi-beep,1,0.00127,55154,70.30196,78453
12984,qifzhou,1,0.00127,55155,70.30324,78453
12985,qihonggang,1,0.00127,55156,70.30451,78453
12986,qinL-cdy,1,0.00127,55157,70.30579,78453
12987,qiyin777,1,0.00127,55158,70.30706,78453
12988,qkhanhpro,1,0.00127,55159,70.30834,78453
12989,qklx,1,0.00127,55160,70.30961,78453
12990,qlaall,1,0.00127,55161,70.31089,78453
12991,Qmeriaux,1,0.00127,55162,70.31216,78453
12992,qortex,1,0.00127,55163,70.31344,78453
12993,qq958905365,1,0.00127,55164,70.31471,78453
12994,qqharryhwang,1,0.00127,55165,70.31599,78453
12995,quetzalcoatl,1,0.00127,55166,70.31726,78453
12996,QuetzalCoder,1,0.00127,55167,70.31853,78453
12997,quqonlik,1,0.00127,55168,70.31981,78453
12998,quulah,1,0.00127,55169,70.32108,78453
12999,quydox,1,0.00127,55170,70.32236,78453
13000,qxmips,1,0.00127,55171,70.32363,78453
13001,qyk1995,1,0.00127,55172,70.32491,78453
13002,r0kk,1,0.00127,55173,70.32618,78453
13003,R3habDroid,1,0.00127,55174,70.32746,78453
13004,r6bot,1,0.00127,55175,70.32873,78453
13005,raanand-dig,1,0.00127,55176,70.33001,78453
13006,rabbice,1,0.00127,55177,70.33128,78453
13007,radeva,1,0.00127,55178,70.33256,78453
13008,radnair,1,0.00127,55179,70.33383,78453
13009,radouani1984,1,0.00127,55180,70.33511,78453
13010,radovanEmbroker,1,0.00127,55181,70.33638,78453
13011,rafaelcmonteiro,1,0.00127,55182,70.33765,78453
13012,rafaelmembrives,1,0.00127,55183,70.33893,78453
13013,rafaelperoco,1,0.00127,55184,70.34020,78453
13014,rafaelssp,1,0.00127,55185,70.34148,78453
13015,rafaelwestphal,1,0.00127,55186,70.34275,78453
13016,rafaip,1,0.00127,55187,70.34403,78453
13017,rafalwytrykus,1,0.00127,55188,70.34530,78453
13018,rafaroca,1,0.00127,55189,70.34658,78453
13019,rafgithub,1,0.00127,55190,70.34785,78453
13020,RafMo20D,1,0.00127,55191,70.34913,78453
13021,ragauskl,1,0.00127,55192,70.35040,78453
13022,rage-shadowman,1,0.00127,55193,70.35168,78453
13023,raghava2706,1,0.00127,55194,70.35295,78453
13024,rahjesh-vunet,1,0.00127,55195,70.35422,78453
13025,rahuldivakar,1,0.00127,55196,70.35550,78453
13026,Rahul-jll,1,0.00127,55197,70.35677,78453
13027,rahul-paigavan,1,0.00127,55198,70.35805,78453
13028,rahulsahay19,1,0.00127,55199,70.35932,78453
13029,rahul-sharma-78,1,0.00127,55200,70.36060,78453
13030,railsonsousa106,1,0.00127,55201,70.36187,78453
13031,RainbowInHell,1,0.00127,55202,70.36315,78453
13032,RainTreeCrow,1,0.00127,55203,70.36442,78453
13033,RainyH2O,1,0.00127,55204,70.36570,78453
13034,raj13aug,1,0.00127,55205,70.36697,78453
13035,raja4dev,1,0.00127,55206,70.36825,78453
13036,rajali,1,0.00127,55207,70.36952,78453
13037,rajan2,1,0.00127,55208,70.37080,78453
13038,rajani-konreddy,1,0.00127,55209,70.37207,78453
13039,rajapriyapt,1,0.00127,55210,70.37334,78453
13040,rajata07,1,0.00127,55211,70.37462,78453
13041,RajeevPatel7,1,0.00127,55212,70.37589,78453
13042,rajeshvijayarajan,1,0.00127,55213,70.37717,78453
13043,rajithwm,1,0.00127,55214,70.37844,78453
13044,RajivDutt,1,0.00127,55215,70.37972,78453
13045,rajivrameshyadav,1,0.00127,55216,70.38099,78453
13046,Rajkumar-Dev143,1,0.00127,55217,70.38227,78453
13047,Rajkumar-wavelabs,1,0.00127,55218,70.38354,78453
13048,Rajredison,1,0.00127,55219,70.38482,78453
13049,rakhigandhi,1,0.00127,55220,70.38609,78453
13050,rakk,1,0.00127,55221,70.38737,78453
13051,Ralinarar,1,0.00127,55222,70.38864,78453
13052,Ram2322,1,0.00127,55223,70.38991,78453
13053,Ram7378,1,0.00127,55224,70.39119,78453
13054,ramalingamvarkala,1,0.00127,55225,70.39246,78453
13055,ramandas30,1,0.00127,55226,70.39374,78453
13056,ramaraju2258,1,0.00127,55227,70.39501,78453
13057,ramatudaan,1,0.00127,55228,70.39629,78453
13058,ramba07,1,0.00127,55229,70.39756,78453
13059,RamBNarayanan,1,0.00127,55230,70.39884,78453
13060,Rameshdutt80,1,0.00127,55231,70.40011,78453
13061,rameshkumar5155,1,0.00127,55232,70.40139,78453
13062,ramezanius,1,0.00127,55233,70.40266,78453
13063,ramjigit,1,0.00127,55234,70.40394,78453
13064,ramkrishna2k3,1,0.00127,55235,70.40521,78453
13065,ram-kumar-mahto6969,1,0.00127,55236,70.40649,78453
13066,rampn443,1,0.00127,55237,70.40776,78453
13067,Ramya1507,1,0.00127,55238,70.40903,78453
13068,Ranburu,1,0.00127,55239,70.41031,78453
13069,randywatson1979,1,0.00127,55240,70.41158,78453
13070,rangsaritv,1,0.00127,55241,70.41286,78453
13071,Ranjith1107,1,0.00127,55242,70.41413,78453
13072,ranveer-t,1,0.00127,55243,70.41541,78453
13073,raphaklaus,1,0.00127,55244,70.41668,78453
13074,rarecrumb,1,0.00127,55245,70.41796,78453
13075,raresserban,1,0.00127,55246,70.41923,78453
13076,rarguello,1,0.00127,55247,70.42051,78453
13077,rashed-k,1,0.00127,55248,70.42178,78453
13078,rastaman,1,0.00127,55249,70.42306,78453
13079,rasvi24,1,0.00127,55250,70.42433,78453
13080,ratanparai,1,0.00127,55251,70.42561,78453
13081,raulsaeztapia,1,0.00127,55252,70.42688,78453
13082,ravicious,1,0.00127,55253,70.42815,78453
13083,ravi-cldcvr,1,0.00127,55254,70.42943,78453
13084,ravikiran-talluri,1,0.00127,55255,70.43070,78453
13085,RaviKishoreKota,1,0.00127,55256,70.43198,78453
13086,ravishtiwari,1,0.00127,55257,70.43325,78453
13087,raviusit,1,0.00127,55258,70.43453,78453
13088,rayabueg,1,0.00127,55259,70.43580,78453
13089,RaynorGu,1,0.00127,55260,70.43708,78453
13090,RaYong8080,1,0.00127,55261,70.43835,78453
13091,RazazR,1,0.00127,55262,70.43963,78453
13092,razorahul,1,0.00127,55263,70.44090,78453
13093,razorxster,1,0.00127,55264,70.44218,78453
13094,razumovich,1,0.00127,55265,70.44345,78453
13095,razvan-sc,1,0.00127,55266,70.44472,78453
13096,razvantudorica-gl,1,0.00127,55267,70.44600,78453
13097,RazzM13,1,0.00127,55268,70.44727,78453
13098,rbabaei,1,0.00127,55269,70.44855,78453
13099,rbabyuk-vs,1,0.00127,55270,70.44982,78453
13100,rbailey7210,1,0.00127,55271,70.45110,78453
13101,rbakhtaraev,1,0.00127,55272,70.45237,78453
13102,rbgnk,1,0.00127,55273,70.45365,78453
13103,rbisecke,1,0.00127,55274,70.45492,78453
13104,rbn2357,1,0.00127,55275,70.45620,78453
13105,rcarre,1,0.00127,55276,70.45747,78453
13106,rcastardo,1,0.00127,55277,70.45875,78453
13107,rcfja,1,0.00127,55278,70.46002,78453
13108,rchunping,1,0.00127,55279,70.46130,78453
13109,rcollier-goodrx,1,0.00127,55280,70.46257,78453
13110,rcorredera,1,0.00127,55281,70.46384,78453
13111,rdavisau,1,0.00127,55282,70.46512,78453
13112,rdelacruz2,1,0.00127,55283,70.46639,78453
13113,rdelcampog,1,0.00127,55284,70.46767,78453
13114,rdenchev,1,0.00127,55285,70.46894,78453
13115,rdifrango,1,0.00127,55286,70.47022,78453
13116,RDLemos,1,0.00127,55287,70.47149,78453
13117,rdonkin-attest,1,0.00127,55288,70.47277,78453
13118,rduarte-mule,1,0.00127,55289,70.47404,78453
13119,ReachableCEO,1,0.00127,55290,70.47532,78453
13120,readonlyuser1,1,0.00127,55291,70.47659,78453
13121,readpe,1,0.00127,55292,70.47787,78453
13122,realbucksavage,1,0.00127,55293,70.47914,78453
13123,RealFatCat,1,0.00127,55294,70.48042,78453
13124,rearranged,1,0.00127,55295,70.48169,78453
13125,rebeccazzzz,1,0.00127,55296,70.48296,78453
13126,reborn-go,1,0.00127,55297,70.48424,78453
13127,recharte,1,0.00127,55298,70.48551,78453
13128,redak-hash,1,0.00127,55299,70.48679,78453
13129,redapple1900,1,0.00127,55300,70.48806,78453
13130,reddymr3,1,0.00127,55301,70.48934,78453
13131,rede24,1,0.00127,55302,70.49061,78453
13132,redek91,1,0.00127,55303,70.49189,78453
13133,RedHawker,1,0.00127,55304,70.49316,78453
13134,RedstoneWizard08,1,0.00127,55305,70.49444,78453
13135,reduakt,1,0.00127,55306,70.49571,78453
13136,reecefenwick,1,0.00127,55307,70.49699,78453
13137,reece-oliver,1,0.00127,55308,70.49826,78453
13138,Reed-Wu,1,0.00127,55309,70.49953,78453
13139,refex,1,0.00127,55310,70.50081,78453
13140,regiszanandreame,1,0.00127,55311,70.50208,78453
13141,rehiy,1,0.00127,55312,70.50336,78453
13142,reilly3000,1,0.00127,55313,70.50463,78453
13143,reinaldoleon,1,0.00127,55314,70.50591,78453
13144,Remember2015,1,0.00127,55315,70.50718,78453
13145,Remering,1,0.00127,55316,70.50846,78453
13146,remiconnesson,1,0.00127,55317,70.50973,78453
13147,RemiWoler,1,0.00127,55318,70.51101,78453
13148,remje,1,0.00127,55319,70.51228,78453
13149,remotenode,1,0.00127,55320,70.51356,78453
13150,Remusss,1,0.00127,55321,70.51483,78453
13151,ren2881971,1,0.00127,55322,70.51611,78453
13152,renan-morilha-sentia,1,0.00127,55323,70.51738,78453
13153,renanrt,1,0.00127,55324,70.51865,78453
13154,renatoaguiar,1,0.00127,55325,70.51993,78453
13155,RENATOVSABINO2020,1,0.00127,55326,70.52120,78453
13156,renemifsud,1,0.00127,55327,70.52248,78453
13157,reneverdugo-sir,1,0.00127,55328,70.52375,78453
13158,renperez-cpi,1,0.00127,55329,70.52503,78453
13159,repakaanjan,1,0.00127,55330,70.52630,78453
13160,reply2future,1,0.00127,55331,70.52758,78453
13161,repository4poc,1,0.00127,55332,70.52885,78453
13162,resaisguvenligi,1,0.00127,55333,70.53013,78453
13163,retskcud,1,0.00127,55334,70.53140,78453
13164,ReubenTheDS,1,0.00127,55335,70.53268,78453
13165,revoteon,1,0.00127,55336,70.53395,78453
13166,rex4539,1,0.00127,55337,70.53522,78453
13167,RexHuang,1,0.00127,55338,70.53650,78453
13168,rey,1,0.00127,55339,70.53777,78453
13169,reynico,1,0.00127,55340,70.53905,78453
13170,Rezckant,1,0.00127,55341,70.54032,78453
13171,rfakit,1,0.00127,55342,70.54160,78453
13172,r-farrell,1,0.00127,55343,70.54287,78453
13173,rgkrishnas,1,0.00127,55344,70.54415,78453
13174,rgrebski,1,0.00127,55345,70.54542,78453
13175,rgstori,1,0.00127,55346,70.54670,78453
13176,R-Hammer,1,0.00127,55347,70.54797,78453
13177,rhatto,1,0.00127,55348,70.54925,78453
13178,rhgenius,1,0.00127,55349,70.55052,78453
13179,rhigdon,1,0.00127,55350,70.55180,78453
13180,rholdorf,1,0.00127,55351,70.55307,78453
13181,riaz7se,1,0.00127,55352,70.55434,78453
13182,ricarcon,1,0.00127,55353,70.55562,78453
13183,RicardoLinck,1,0.00127,55354,70.55689,78453
13184,riccardo32,1,0.00127,55355,70.55817,78453
13185,richard-9000,1,0.00127,55356,70.55944,78453
13186,richardARPANET,1,0.00127,55357,70.56072,78453
13187,richard-chivers,1,0.00127,55358,70.56199,78453
13188,richardFontaine,1,0.00127,55359,70.56327,78453
13189,richardseberino,1,0.00127,55360,70.56454,78453
13190,RichardVogelij,1,0.00127,55361,70.56582,78453
13191,richkuz,1,0.00127,55362,70.56709,78453
13192,richmolumby,1,0.00127,55363,70.56837,78453
13193,richp10,1,0.00127,55364,70.56964,78453
13194,ricky9w,1,0.00127,55365,70.57092,78453
13195,RickyHolland,1,0.00127,55366,70.57219,78453
13196,RickyLiu-cn,1,0.00127,55367,70.57346,78453
13197,RifeWang,1,0.00127,55368,70.57474,78453
13198,rikonor,1,0.00127,55369,70.57601,78453
13199,rileydakota,1,0.00127,55370,70.57729,78453
13200,rintaun,1,0.00127,55371,70.57856,78453
13201,RishabhBhatnagar,1,0.00127,55372,70.57984,78453
13202,rishabhkalra,1,0.00127,55373,70.58111,78453
13203,rishabhsinghvi,1,0.00127,55374,70.58239,78453
13204,rishavjayswal,1,0.00127,55375,70.58366,78453
13205,rishavmehra,1,0.00127,55376,70.58494,78453
13206,rishindra-singh,1,0.00127,55377,70.58621,78453
13207,ritssoft,1,0.00127,55378,70.58749,78453
13208,rituparnakhaund,1,0.00127,55379,70.58876,78453
13209,riyadshairi979,1,0.00127,55380,70.59003,78453
13210,riyazcom,1,0.00127,55381,70.59131,78453
13211,rizkyramadhanch,1,0.00127,55382,70.59258,78453
13212,rizzaricreative,1,0.00127,55383,70.59386,78453
13213,rizzza,1,0.00127,55384,70.59513,78453
13214,riZZZhik,1,0.00127,55385,70.59641,78453
13215,rjackoby-r7,1,0.00127,55386,70.59768,78453
13216,rjiarui,1,0.00127,55387,70.59896,78453
13217,rjpnps,1,0.00127,55388,70.60023,78453
13218,rjrakesh,1,0.00127,55389,70.60151,78453
13219,Rkapoor1707,1,0.00127,55390,70.60278,78453
13220,rkklai,1,0.00127,55391,70.60406,78453
13221,rkogelhe,1,0.00127,55392,70.60533,78453
13222,rkrawiel,1,0.00127,55393,70.60661,78453
13223,rktabhishek,1,0.00127,55394,70.60788,78453
13224,rlopes-ki,1,0.00127,55395,70.60915,78453
13225,rlpeck,1,0.00127,55396,70.61043,78453
13226,rlugmania,1,0.00127,55397,70.61170,78453
13227,Rmarian,1,0.00127,55398,70.61298,78453
13228,rmarra,1,0.00127,55399,70.61425,78453
13229,rmunn,1,0.00127,55400,70.61553,78453
13230,rmwarns,1,0.00127,55401,70.61680,78453
13231,rmzf9192,1,0.00127,55402,70.61808,78453
13232,rnhurt,1,0.00127,55403,70.61935,78453
13233,rnm212,1,0.00127,55404,70.62063,78453
13234,RNogales94,1,0.00127,55405,70.62190,78453
13235,rnpaiva,1,0.00127,55406,70.62318,78453
13236,roadSurfer,1,0.00127,55407,70.62445,78453
13237,robbytarigan,1,0.00127,55408,70.62572,78453
13238,RobDolin,1,0.00127,55409,70.62700,78453
13239,RobDolinORCL,1,0.00127,55410,70.62827,78453
13240,robertauer,1,0.00127,55411,70.62955,78453
13241,robertbotez,1,0.00127,55412,70.63082,78453
13242,RobertBoyd,1,0.00127,55413,70.63210,78453
13243,robertengelmann,1,0.00127,55414,70.63337,78453
13244,robert-gdv,1,0.00127,55415,70.63465,78453
13245,robertlestak,1,0.00127,55416,70.63592,78453
13246,robertorosas,1,0.00127,55417,70.63720,78453
13247,RobertWi,1,0.00127,55418,70.63847,78453
13248,robigne,1,0.00127,55419,70.63975,78453
13249,robinelvin,1,0.00127,55420,70.64102,78453
13250,robinhood018,1,0.00127,55421,70.64230,78453
13251,RobotSail,1,0.00127,55422,70.64357,78453
13252,roccoblues,1,0.00127,55423,70.64484,78453
13253,rock1246,1,0.00127,55424,70.64612,78453
13254,rodneywells01,1,0.00127,55425,70.64739,78453
13255,rodrigoaraujo1,1,0.00127,55426,70.64867,78453
13256,rodrigoechaide,1,0.00127,55427,70.64994,78453
13257,rodrigofvale,1,0.00127,55428,70.65122,78453
13258,rodrigorfk,1,0.00127,55429,70.65249,78453
13259,rodrigosouzazup,1,0.00127,55430,70.65377,78453
13260,rodriguesg,1,0.00127,55431,70.65504,78453
13261,roee-hershko,1,0.00127,55432,70.65632,78453
13262,RoFz,1,0.00127,55433,70.65759,78453
13263,RogainaAli,1,0.00127,55434,70.65887,78453
13264,rohank2002,1,0.00127,55435,70.66014,78453
13265,rohan-palo,1,0.00127,55436,70.66142,78453
13266,RohimMolla,1,0.00127,55437,70.66269,78453
13267,rohit777anand,1,0.00127,55438,70.66396,78453
13268,rohitkesarvani55,1,0.00127,55439,70.66524,78453
13269,rohitkumar9989,1,0.00127,55440,70.66651,78453
13270,rohitkumar-ro,1,0.00127,55441,70.66779,78453
13271,rohitmual,1,0.00127,55442,70.66906,78453
13272,rohit-mundayadan,1,0.00127,55443,70.67034,78453
13273,rohitss912,1,0.00127,55444,70.67161,78453
13274,rokkarinn,1,0.00127,55445,70.67289,78453
13275,RolandlinAKS,1,0.00127,55446,70.67416,78453
13276,rollsrice,1,0.00127,55447,70.67544,78453
13277,roma28MFB,1,0.00127,55448,70.67671,78453
13278,romainsuire,1,0.00127,55449,70.67799,78453
13279,roman-76,1,0.00127,55450,70.67926,78453
13280,RomanBadiornyi,1,0.00127,55451,70.68053,78453
13281,RomanGrekov,1,0.00127,55452,70.68181,78453
13282,romanimm,1,0.00127,55453,70.68308,78453
13283,romanoff,1,0.00127,55454,70.68436,78453
13284,romansky,1,0.00127,55455,70.68563,78453
13285,romans-ovo,1,0.00127,55456,70.68691,78453
13286,romanwoessner,1,0.00127,55457,70.68818,78453
13287,roman-zadvornov,1,0.00127,55458,70.68946,78453
13288,romeomorcia-wipro,1,0.00127,55459,70.69073,78453
13289,romeuhcf,1,0.00127,55460,70.69201,78453
13290,RomitMehta,1,0.00127,55461,70.69328,78453
13291,ronakce,1,0.00127,55462,70.69456,78453
13292,ronensdeor,1,0.00127,55463,70.69583,78453
13293,rongshengfang,1,0.00127,55464,70.69711,78453
13294,RonNewcomb,1,0.00127,55465,70.69838,78453
13295,RonnyA,1,0.00127,55466,70.69965,78453
13296,RonquilloAeon,1,0.00127,55467,70.70093,78453
13297,rookiegogo,1,0.00127,55468,70.70220,78453
13298,roopakrastogi,1,0.00127,55469,70.70348,78453
13299,Rosalieww,1,0.00127,55470,70.70475,78453
13300,rosaLux161,1,0.00127,55471,70.70603,78453
13301,roseduan,1,0.00127,55472,70.70730,78453
13302,rosie-gao-awx,1,0.00127,55473,70.70858,78453
13303,rossato-rh,1,0.00127,55474,70.70985,78453
13304,rosscado,1,0.00127,55475,70.71113,78453
13305,Rossco8,1,0.00127,55476,70.71240,78453
13306,Rossiar,1,0.00127,55477,70.71368,78453
13307,RotemBirman,1,0.00127,55478,70.71495,78453
13308,rotem-cider,1,0.00127,55479,70.71623,78453
13309,RouHim,1,0.00127,55480,70.71750,78453
13310,route33,1,0.00127,55481,70.71877,78453
13311,RowSolAdmin,1,0.00127,55482,70.72005,78453
13312,royb-legit,1,0.00127,55483,70.72132,78453
13313,RoyceShen1,1,0.00127,55484,70.72260,78453
13314,royshadmon,1,0.00127,55485,70.72387,78453
13315,Roytjoo,1,0.00127,55486,70.72515,78453
13316,Rozztig,1,0.00127,55487,70.72642,78453
13317,rparwani16,1,0.00127,55488,70.72770,78453
13318,rpbaquing-cloudmade,1,0.00127,55489,70.72897,78453
13319,rpenha,1,0.00127,55490,70.73025,78453
13320,rpoitras,1,0.00127,55491,70.73152,78453
13321,rpr-github,1,0.00127,55492,70.73280,78453
13322,rr-sarvesh-padia,1,0.00127,55493,70.73407,78453
13323,rrva,1,0.00127,55494,70.73534,78453
13324,rseasta,1,0.00127,55495,70.73662,78453
13325,rsinnet,1,0.00127,55496,70.73789,78453
13326,rsmarathe,1,0.00127,55497,70.73917,78453
13327,rsmoorthy,1,0.00127,55498,70.74044,78453
13328,rsoares1982,1,0.00127,55499,70.74172,78453
13329,rsoberano-ld,1,0.00127,55500,70.74299,78453
13330,rstaylor,1,0.00127,55501,70.74427,78453
13331,rsysanishsharma,1,0.00127,55502,70.74554,78453
13332,rtrindvg,1,0.00127,55503,70.74682,78453
13333,rtsyd2017,1,0.00127,55504,70.74809,78453
13334,rtzoeller,1,0.00127,55505,70.74937,78453
13335,rubenkharel,1,0.00127,55506,70.75064,78453
13336,Ruchip16,1,0.00127,55507,70.75192,78453
13337,ruheenaansari34,1,0.00127,55508,70.75319,78453
13338,Ruhika1417,1,0.00127,55509,70.75446,78453
13339,ruifelixpereira,1,0.00127,55510,70.75574,78453
13340,ruimartinsptl,1,0.00127,55511,70.75701,78453
13341,rui-randolph,1,0.00127,55512,70.75829,78453
13342,RunFox,1,0.00127,55513,70.75956,78453
13343,runninghai,1,0.00127,55514,70.76084,78453
13344,Rupini93,1,0.00127,55515,70.76211,78453
13345,rupokify,1,0.00127,55516,70.76339,78453
13346,rushikeshsawant143,1,0.00127,55517,70.76466,78453
13347,rushikeshsuryawanshi,1,0.00127,55518,70.76594,78453
13348,rusnasonov,1,0.00127,55519,70.76721,78453
13349,russelldias98,1,0.00127,55520,70.76849,78453
13350,russellraed,1,0.00127,55521,70.76976,78453
13351,russkel,1,0.00127,55522,70.77103,78453
13352,russss,1,0.00127,55523,70.77231,78453
13353,rutvik24,1,0.00127,55524,70.77358,78453
13354,ruxandramarasescu,1,0.00127,55525,70.77486,78453
13355,RuyeRuye,1,0.00127,55526,70.77613,78453
13356,RX580ZZZ,1,0.00127,55527,70.77741,78453
13357,ryanjclark,1,0.00127,55528,70.77868,78453
13358,RyanMillerC,1,0.00127,55529,70.77996,78453
13359,ryansonshine,1,0.00127,55530,70.78123,78453
13360,ryanwittrup,1,0.00127,55531,70.78251,78453
13361,ryharrin,1,0.00127,55532,70.78378,78453
13362,rykerli,1,0.00127,55533,70.78506,78453
13363,ryoung75,1,0.00127,55534,70.78633,78453
13364,ryuzakyl,1,0.00127,55535,70.78761,78453
13365,s4v4g3,1,0.00127,55536,70.78888,78453
13366,saarwasserman,1,0.00127,55537,70.79015,78453
13367,saaryehudai,1,0.00127,55538,70.79143,78453
13368,saasglue,1,0.00127,55539,70.79270,78453
13369,sabeersulaiman,1,0.00127,55540,70.79398,78453
13370,SaberMaster,1,0.00127,55541,70.79525,78453
13371,sabernal,1,0.00127,55542,70.79653,78453
13372,sabinasiddiqi,1,0.00127,55543,70.79780,78453
13373,SabirHussain87,1,0.00127,55544,70.79908,78453
13374,sabixx,1,0.00127,55545,70.80035,78453
13375,saboco,1,0.00127,55546,70.80163,78453
13376,sachajw,1,0.00127,55547,70.80290,78453
13377,Sachin1O1,1,0.00127,55548,70.80418,78453
13378,sachinmahale,1,0.00127,55549,70.80545,78453
13379,sachinpal0064,1,0.00127,55550,70.80673,78453
13380,sachinparihar,1,0.00127,55551,70.80800,78453
13381,SacMV,1,0.00127,55552,70.80927,78453
13382,SadeghHayeri,1,0.00127,55553,70.81055,78453
13383,SaeidAshian,1,0.00127,55554,70.81182,78453
13384,saez0pub,1,0.00127,55555,70.81310,78453
13385,safanobu,1,0.00127,55556,70.81437,78453
13386,safderali5,1,0.00127,55557,70.81565,78453
13387,sagiv-zafrani,1,0.00127,55558,70.81692,78453
13388,sahajavidya,1,0.00127,55559,70.81820,78453
13389,Sahaquielxo,1,0.00127,55560,70.81947,78453
13390,SahilSheikh1,1,0.00127,55561,70.82075,78453
13391,sahithreddy26,1,0.00127,55562,70.82202,78453
13392,saiajay15,1,0.00127,55563,70.82330,78453
13393,saibug,1,0.00127,55564,70.82457,78453
13394,said265,1,0.00127,55565,70.82584,78453
13395,saidfarah,1,0.00127,55566,70.82712,78453
13396,sainoba,1,0.00127,55567,70.82839,78453
13397,saintwang007,1,0.00127,55568,70.82967,78453
13398,sairamankumar2,1,0.00127,55569,70.83094,78453
13399,saivarunk,1,0.00127,55570,70.83222,78453
13400,saiyoofan,1,0.00127,55571,70.83349,78453
13401,Sajith-Kulathupara-Tjx,1,0.00127,55572,70.83477,78453
13402,sajithvasu,1,0.00127,55573,70.83604,78453
13403,saksham189,1,0.00127,55574,70.83732,78453
13404,Sakthivel-Eka,1,0.00127,55575,70.83859,78453
13405,salarai,1,0.00127,55576,70.83987,78453
13406,saldistefano,1,0.00127,55577,70.84114,78453
13407,saleemjaffer,1,0.00127,55578,70.84242,78453
13408,salemmohammed,1,0.00127,55579,70.84369,78453
13409,saliceti,1,0.00127,55580,70.84496,78453
13410,salierisantuzzu,1,0.00127,55581,70.84624,78453
13411,Salkimmich,1,0.00127,55582,70.84751,78453
13412,salliewalecka,1,0.00127,55583,70.84879,78453
13413,salonich,1,0.00127,55584,70.85006,78453
13414,salty-Frankenstein,1,0.00127,55585,70.85134,78453
13415,Salzian,1,0.00127,55586,70.85261,78453
13416,samail,1,0.00127,55587,70.85389,78453
13417,SamanthaWangdl,1,0.00127,55588,70.85516,78453
13418,samarthdd,1,0.00127,55589,70.85644,78453
13419,sambeet99,1,0.00127,55590,70.85771,78453
13420,SamCNexor,1,0.00127,55591,70.85899,78453
13421,sameer-azazi-tw,1,0.00127,55592,70.86026,78453
13422,sameervermauiet,1,0.00127,55593,70.86153,78453
13423,Sam-H101,1,0.00127,55594,70.86281,78453
13424,samhodge,1,0.00127,55595,70.86408,78453
13425,samholton,1,0.00127,55596,70.86536,78453
13426,sammagnum,1,0.00127,55597,70.86663,78453
13427,samm-git,1,0.00127,55598,70.86791,78453
13428,SamOh,1,0.00127,55599,70.86918,78453
13429,sampatkalyan,1,0.00127,55600,70.87046,78453
13430,sampx,1,0.00127,55601,70.87173,78453
13431,samsilborydoxo,1,0.00127,55602,70.87301,78453
13432,samuelbernardo,1,0.00127,55603,70.87428,78453
13433,samueleaton,1,0.00127,55604,70.87556,78453
13434,SamuelGarratt,1,0.00127,55605,70.87683,78453
13435,samuraitruong,1,0.00127,55606,70.87811,78453
13436,samyev,1,0.00127,55607,70.87938,78453
13437,SAMZONG,1,0.00127,55608,70.88065,78453
13438,sand339,1,0.00127,55609,70.88193,78453
13439,SandeepChava91,1,0.00127,55610,70.88320,78453
13440,SandeepCitigori,1,0.00127,55611,70.88448,78453
13441,sandeep-jain,1,0.00127,55612,70.88575,78453
13442,sanderdescamps,1,0.00127,55613,70.88703,78453
13443,sanderobdeijn,1,0.00127,55614,70.88830,78453
13444,SandhyaBV,1,0.00127,55615,70.88958,78453
13445,Sandy7894,1,0.00127,55616,70.89085,78453
13446,sandynew,1,0.00127,55617,70.89213,78453
13447,sane4ek-2,1,0.00127,55618,70.89340,78453
13448,SaneBow,1,0.00127,55619,70.89468,78453
13449,SanjayDatta,1,0.00127,55620,70.89595,78453
13450,sanketjadhav278,1,0.00127,55621,70.89723,78453
13451,sant527,1,0.00127,55622,70.89850,78453
13452,santhosh12992,1,0.00127,55623,70.89977,78453
13453,santosh0787,1,0.00127,55624,70.90105,78453
13454,santoshsahu,1,0.00127,55625,70.90232,78453
13455,Sapana-Khemkar,1,0.00127,55626,70.90360,78453
13456,sapconsultantbc,1,0.00127,55627,70.90487,78453
13457,SapnaGirdhani1,1,0.00127,55628,70.90615,78453
13458,sarahsporck,1,0.00127,55629,70.90742,78453
13459,saran-kumaar,1,0.00127,55630,70.90870,78453
13460,saranyaelumalai-okta,1,0.00127,55631,70.90997,78453
13461,Sarek-Wyona,1,0.00127,55632,70.91125,78453
13462,sargash,1,0.00127,55633,70.91252,78453
13463,sargikk,1,0.00127,55634,70.91380,78453
13464,sarmad-abualkaz,1,0.00127,55635,70.91507,78453
13465,saroj617,1,0.00127,55636,70.91634,78453
13466,sartor1,1,0.00127,55637,70.91762,78453
13467,sarvan24,1,0.00127,55638,70.91889,78453
13468,sasakrsmanovic,1,0.00127,55639,70.92017,78453
13469,sashankavrn,1,0.00127,55640,70.92144,78453
13470,SashaScherbina,1,0.00127,55641,70.92272,78453
13471,sata-form3,1,0.00127,55642,70.92399,78453
13472,Satella1,1,0.00127,55643,70.92527,78453
13473,satishbabariya,1,0.00127,55644,70.92654,78453
13474,SatishNaidi,1,0.00127,55645,70.92782,78453
13475,SATVIk-7,1,0.00127,55646,70.92909,78453
13476,satwant-dev,1,0.00127,55647,70.93037,78453
13477,Saty248,1,0.00127,55648,70.93164,78453
13478,satya12sahoo,1,0.00127,55649,70.93292,78453
13479,saumyaborwankar,1,0.00127,55650,70.93419,78453
13480,SAURABH110894,1,0.00127,55651,70.93546,78453
13481,saurabh256,1,0.00127,55652,70.93674,78453
13482,saurabh3460,1,0.00127,55653,70.93801,78453
13483,SauravMaheshkar,1,0.00127,55654,70.93929,78453
13484,sav-work,1,0.00127,55655,70.94056,78453
13485,sayan011,1,0.00127,55656,70.94184,78453
13486,SayHelloGsx,1,0.00127,55657,70.94311,78453
13487,sazonau,1,0.00127,55658,70.94439,78453
13488,sbansal7,1,0.00127,55659,70.94566,78453
13489,sba-ops,1,0.00127,55660,70.94694,78453
13490,sbdtu5498,1,0.00127,55661,70.94821,78453
13491,sbellary,1,0.00127,55662,70.94949,78453
13492,sb-ev,1,0.00127,55663,70.95076,78453
13493,sbng,1,0.00127,55664,70.95203,78453
13494,sbrile,1,0.00127,55665,70.95331,78453
13495,sbrinkerhoff,1,0.00127,55666,70.95458,78453
13496,sbriskin,1,0.00127,55667,70.95586,78453
13497,Scalahansolo,1,0.00127,55668,70.95713,78453
13498,scampagna,1,0.00127,55669,70.95841,78453
13499,scanalesespinoza,1,0.00127,55670,70.95968,78453
13500,scardozos,1,0.00127,55671,70.96096,78453
13501,schantier,1,0.00127,55672,70.96223,78453
13502,schdief,1,0.00127,55673,70.96351,78453
13503,ScheerMT,1,0.00127,55674,70.96478,78453
13504,schibrikov,1,0.00127,55675,70.96606,78453
13505,schizo99,1,0.00127,55676,70.96733,78453
13506,schmist,1,0.00127,55677,70.96861,78453
13507,schnapsidee,1,0.00127,55678,70.96988,78453
13508,schneefisch,1,0.00127,55679,70.97115,78453
13509,schneif2,1,0.00127,55680,70.97243,78453
13510,schroding3rscat,1,0.00127,55681,70.97370,78453
13511,scibol,1,0.00127,55682,70.97498,78453
13512,scitarust,1,0.00127,55683,70.97625,78453
13513,sconsurveys12345,1,0.00127,55684,70.97753,78453
13514,scottbisker,1,0.00127,55685,70.97880,78453
13515,scottchiang,1,0.00127,55686,70.98008,78453
13516,scott-neaves,1,0.00127,55687,70.98135,78453
13517,sdandamudi5c,1,0.00127,55688,70.98263,78453
13518,sdc395,1,0.00127,55689,70.98390,78453
13519,SD-SSEOS,1,0.00127,55690,70.98518,78453
13520,seabass-labrax,1,0.00127,55691,70.98645,78453
13521,seagle0128,1,0.00127,55692,70.98773,78453
13522,sean-d,1,0.00127,55693,70.98900,78453
13523,sean-lee-aws,1,0.00127,55694,70.99027,78453
13524,seanpile,1,0.00127,55695,70.99155,78453
13525,sean-redmond,1,0.00127,55696,70.99282,78453
13526,searchmon,1,0.00127,55697,70.99410,78453
13527,SeaRise,1,0.00127,55698,70.99537,78453
13528,seb783191,1,0.00127,55699,70.99665,78453
13529,seba-ban,1,0.00127,55700,70.99792,78453
13530,sebastian-dyroff,1,0.00127,55701,70.99920,78453
13531,sebastiangaiser,1,0.00127,55702,71.00047,78453
13532,SebastianGogoasa,1,0.00127,55703,71.00175,78453
13533,SebastianHurubaru,1,0.00127,55704,71.00302,78453
13534,Sebastian-RG,1,0.00127,55705,71.00430,78453
13535,sebedh,1,0.00127,55706,71.00557,78453
13536,sebihiy,1,0.00127,55707,71.00684,78453
13537,sebkraemer,1,0.00127,55708,71.00812,78453
13538,seblez,1,0.00127,55709,71.00939,78453
13539,sebtiz13,1,0.00127,55710,71.01067,78453
13540,sebv7,1,0.00127,55711,71.01194,78453
13541,secondsleep-blaine,1,0.00127,55712,71.01322,78453
13542,secrashi,1,0.00127,55713,71.01449,78453
13543,sedovandrew,1,0.00127,55714,71.01577,78453
13544,seeker,1,0.00127,55715,71.01704,78453
13545,sefi-infralight,1,0.00127,55716,71.01832,78453
13546,seimsel,1,0.00127,55717,71.01959,78453
13547,selenaanguyenn,1,0.00127,55718,71.02087,78453
13548,Selin-PDQ,1,0.00127,55719,71.02214,78453
13549,semyongera,1,0.00127,55720,71.02342,78453
13550,sendaie,1,0.00127,55721,71.02469,78453
13551,sennerholm,1,0.00127,55722,71.02596,78453
13552,sense-amid-madness,1,0.00127,55723,71.02724,78453
13553,sentinelleader,1,0.00127,55724,71.02851,78453
13554,senvardarsemih,1,0.00127,55725,71.02979,78453
13555,Sepisak,1,0.00127,55726,71.03106,78453
13556,serainville,1,0.00127,55727,71.03234,78453
13557,Serg046,1,0.00127,55728,71.03361,78453
13558,sergeplatonov,1,0.00127,55729,71.03489,78453
13559,sergevs,1,0.00127,55730,71.03616,78453
13560,sergeyanover,1,0.00127,55731,71.03744,78453
13561,sergeybykov,1,0.00127,55732,71.03871,78453
13562,Sergey-Kizimov,1,0.00127,55733,71.03999,78453
13563,sergeykonkin,1,0.00127,55734,71.04126,78453
13564,sergey-shuyskiy,1,0.00127,55735,71.04254,78453
13565,sergiidiak,1,0.00127,55736,71.04381,78453
13566,sergiilizo,1,0.00127,55737,71.04508,78453
13567,sergioagm,1,0.00127,55738,71.04636,78453
13568,sergiomarotco,1,0.00127,55739,71.04763,78453
13569,Sergiosteles,1,0.00127,55740,71.04891,78453
13570,SerhanAksut,1,0.00127,55741,71.05018,78453
13571,serp777,1,0.00127,55742,71.05146,78453
13572,Servet3131,1,0.00127,55743,71.05273,78453
13573,sesibhushan121,1,0.00127,55744,71.05401,78453
13574,sethatron,1,0.00127,55745,71.05528,78453
13575,sethigoldy,1,0.00127,55746,71.05656,78453
13576,setola,1,0.00127,55747,71.05783,78453
13577,seungdols,1,0.00127,55748,71.05911,78453
13578,severinraez,1,0.00127,55749,71.06038,78453
13579,SeWieland,1,0.00127,55750,71.06165,78453
13580,seyal84,1,0.00127,55751,71.06293,78453
13581,sfarestam,1,0.00127,55752,71.06420,78453
13582,sfc-gh-adlee,1,0.00127,55753,71.06548,78453
13583,sfdcfluong,1,0.00127,55754,71.06675,78453
13584,sfenman,1,0.00127,55755,71.06803,78453
13585,sfozz,1,0.00127,55756,71.06930,78453
13586,sgarlick987,1,0.00127,55757,71.07058,78453
13587,sghung,1,0.00127,55758,71.07185,78453
13588,sgsh-gh,1,0.00127,55759,71.07313,78453
13589,sh240293,1,0.00127,55760,71.07440,78453
13590,shaakaud,1,0.00127,55761,71.07568,78453
13591,shaaraddalvi,1,0.00127,55762,71.07695,78453
13592,shabeermm,1,0.00127,55763,71.07823,78453
13593,shabirabasse,1,0.00127,55764,71.07950,78453
13594,shadabbahadara,1,0.00127,55765,71.08077,78453
13595,shadchin,1,0.00127,55766,71.08205,78453
13596,ShadyAbuKalam,1,0.00127,55767,71.08332,78453
13597,shafanaS,1,0.00127,55768,71.08460,78453
13598,ShaharTrasmitSecurity,1,0.00127,55769,71.08587,78453
13599,shahdibra,1,0.00127,55770,71.08715,78453
13600,shaima-mahmoud,1,0.00127,55771,71.08842,78453
13601,shalom-cyera,1,0.00127,55772,71.08970,78453
13602,shameer-vismaya,1,0.00127,55773,71.09097,78453
13603,shaneboulden,1,0.00127,55774,71.09225,78453
13604,shanedabes,1,0.00127,55775,71.09352,78453
13605,Shane-Williamson,1,0.00127,55776,71.09480,78453
13606,shankar524,1,0.00127,55777,71.09607,78453
13607,shanrnag,1,0.00127,55778,71.09734,78453
13608,shantanu-nvidia,1,0.00127,55779,71.09862,78453
13609,shanyuxiyun,1,0.00127,55780,71.09989,78453
13610,shaoliming123,1,0.00127,55781,71.10117,78453
13611,shaololosha,1,0.00127,55782,71.10244,78453
13612,shaoshigood,1,0.00127,55783,71.10372,78453
13613,shaoxiqian,1,0.00127,55784,71.10499,78453
13614,shaoxuefeng,1,0.00127,55785,71.10627,78453
13615,shaoyifeng1013,1,0.00127,55786,71.10754,78453
13616,Shapai,1,0.00127,55787,71.10882,78453
13617,sharathbana,1,0.00127,55788,71.11009,78453
13618,shardulinamdar4,1,0.00127,55789,71.11137,78453
13619,sharif2008,1,0.00127,55790,71.11264,78453
13620,SharifiFaranak,1,0.00127,55791,71.11392,78453
13621,sharma-abhishek2023,1,0.00127,55792,71.11519,78453
13622,sharon-codefresh,1,0.00127,55793,71.11646,78453
13623,sharon-hunters,1,0.00127,55794,71.11774,78453
13624,shashank-1729,1,0.00127,55795,71.11901,78453
13625,shashankn91,1,0.00127,55796,71.12029,78453
13626,shasi-yarram,1,0.00127,55797,71.12156,78453
13627,shaswa,1,0.00127,55798,71.12284,78453
13628,ShaunMWallace,1,0.00127,55799,71.12411,78453
13629,shawnhsiao5141,1,0.00127,55800,71.12539,78453
13630,shawnli789,1,0.00127,55801,71.12666,78453
13631,shawnwinder,1,0.00127,55802,71.12794,78453
13632,ShawnXiao105,1,0.00127,55803,71.12921,78453
13633,shawnz,1,0.00127,55804,71.13049,78453
13634,ShayNehmad-RecoLabs,1,0.00127,55805,71.13176,78453
13635,shbatm,1,0.00127,55806,71.13304,78453
13636,sheena1537,1,0.00127,55807,71.13431,78453
13637,shekohex,1,0.00127,55808,71.13558,78453
13638,sheldonfly,1,0.00127,55809,71.13686,78453
13639,ShellyWEI,1,0.00127,55810,71.13813,78453
13640,shenbiachao,1,0.00127,55811,71.13941,78453
13641,shen-cloud,1,0.00127,55812,71.14068,78453
13642,shenshaojun1993,1,0.00127,55813,71.14196,78453
13643,shenyang1007,1,0.00127,55814,71.14323,78453
13644,shenyyi,1,0.00127,55815,71.14451,78453
13645,SHiftLin,1,0.00127,55816,71.14578,78453
13646,shikha-varun,1,0.00127,55817,71.14706,78453
13647,SHIKHER09,1,0.00127,55818,71.14833,78453
13648,shinegrin,1,0.00127,55819,71.14961,78453
13649,ShineSmile,1,0.00127,55820,71.15088,78453
13650,shink,1,0.00127,55821,71.15215,78453
13651,shinkle-procore,1,0.00127,55822,71.15343,78453
13652,ShirMonDT,1,0.00127,55823,71.15470,78453
13653,shirshak55,1,0.00127,55824,71.15598,78453
13654,shitian-ni,1,0.00127,55825,71.15725,78453
13655,shivampathak,1,0.00127,55826,71.15853,78453
13656,shiyugreat111,1,0.00127,55827,71.15980,78453
13657,shizhx,1,0.00127,55828,71.16108,78453
13658,shnoru1,1,0.00127,55829,71.16235,78453
13659,shnurok672,1,0.00127,55830,71.16363,78453
13660,Shoban05,1,0.00127,55831,71.16490,78453
13661,shoebamer,1,0.00127,55832,71.16618,78453
13662,ShogunPanda,1,0.00127,55833,71.16745,78453
13663,shohamda,1,0.00127,55834,71.16873,78453
13664,shopee-jin,1,0.00127,55835,71.17000,78453
13665,shorif2000,1,0.00127,55836,71.17127,78453
13666,shown1985,1,0.00127,55837,71.17255,78453
13667,shraddhabhise,1,0.00127,55838,71.17382,78453
13668,ShradhaKhard,1,0.00127,55839,71.17510,78453
13669,shreya22-1998,1,0.00127,55840,71.17637,78453
13670,shreyadenny,1,0.00127,55841,71.17765,78453
13671,SHreyank4Real,1,0.00127,55842,71.17892,78453
13672,shreyas-kb,1,0.00127,55843,71.18020,78453
13673,shriroopjoshi,1,0.00127,55844,71.18147,78453
13674,shruthiiraju,1,0.00127,55845,71.18275,78453
13675,shuaiganzi,1,0.00127,55846,71.18402,78453
13676,Shubham1406220,1,0.00127,55847,71.18530,78453
13677,Shubhamlmp,1,0.00127,55848,71.18657,78453
13678,shubhamphegade,1,0.00127,55849,71.18784,78453
13679,ShubhamRasal,1,0.00127,55850,71.18912,78453
13680,shubhimainalli,1,0.00127,55851,71.19039,78453
13681,Shugotekfr,1,0.00127,55852,71.19167,78453
13682,shuhaib3,1,0.00127,55853,71.19294,78453
13683,shukawam,1,0.00127,55854,71.19422,78453
13684,shuklagauravjn,1,0.00127,55855,71.19549,78453
13685,shuliakovsky,1,0.00127,55856,71.19677,78453
13686,shulyakav,1,0.00127,55857,71.19804,78453
13687,shuosiw,1,0.00127,55858,71.19932,78453
13688,shuqingzai,1,0.00127,55859,71.20059,78453
13689,shurkanTwo,1,0.00127,55860,71.20187,78453
13690,shurya-kumar,1,0.00127,55861,71.20314,78453
13691,shwetahgithub,1,0.00127,55862,71.20442,78453
13692,shyamsunderrai,1,0.00127,55863,71.20569,78453
13693,shygnome,1,0.00127,55864,71.20696,78453
13694,si618,1,0.00127,55865,71.20824,78453
13695,Sickaada,1,0.00127,55866,71.20951,78453
13696,sickboy93,1,0.00127,55867,71.21079,78453
13697,siddhant-tripathy1,1,0.00127,55868,71.21206,78453
13698,siddharthsharmahy,1,0.00127,55869,71.21334,78453
13699,SidetrekAI,1,0.00127,55870,71.21461,78453
13700,sid-habu,1,0.00127,55871,71.21589,78453
13701,sidharthjs,1,0.00127,55872,71.21716,78453
13702,sidick,1,0.00127,55873,71.21844,78453
13703,sidju,1,0.00127,55874,71.21971,78453
13704,sidpalas,1,0.00127,55875,71.22099,78453
13705,Sid-Sun,1,0.00127,55876,71.22226,78453
13706,sieuvb,1,0.00127,55877,71.22354,78453
13707,sify21,1,0.00127,55878,71.22481,78453
13708,SiHyun970430,1,0.00127,55879,71.22608,78453
13709,SijmenHuizenga,1,0.00127,55880,71.22736,78453
13710,Silencer2333,1,0.00127,55881,71.22863,78453
13711,SilenceXjh,1,0.00127,55882,71.22991,78453
13712,silentone,1,0.00127,55883,71.23118,78453
13713,simi,1,0.00127,55884,71.23246,78453
13714,simon-blum-cko,1,0.00127,55885,71.23373,78453
13715,simoneruffini,1,0.00127,55886,71.23501,78453
13716,simone-zennaro,1,0.00127,55887,71.23628,78453
13717,simonflood,1,0.00127,55888,71.23756,78453
13718,simongullberg,1,0.00127,55889,71.23883,78453
13719,simonhoss,1,0.00127,55890,71.24011,78453
13720,simonmarshall,1,0.00127,55891,71.24138,78453
13721,SimonRupar,1,0.00127,55892,71.24265,78453
13722,simontilmant,1,0.00127,55893,71.24393,78453
13723,SimonWoidig,1,0.00127,55894,71.24520,78453
13724,SimplyAmuthan,1,0.00127,55895,71.24648,78453
13725,sinap-se,1,0.00127,55896,71.24775,78453
13726,SinaShirparvar,1,0.00127,55897,71.24903,78453
13727,sindhusri16,1,0.00127,55898,71.25030,78453
13728,Sineaggi,1,0.00127,55899,71.25158,78453
13729,SineSwiper,1,0.00127,55900,71.25285,78453
13730,sineycoder,1,0.00127,55901,71.25413,78453
13731,singhkrshivam,1,0.00127,55902,71.25540,78453
13732,singhravinderlko,1,0.00127,55903,71.25668,78453
13733,singh-skyflow,1,0.00127,55904,71.25795,78453
13734,singlesparkgreatfire,1,0.00127,55905,71.25923,78453
13735,sirisaacnuketon,1,0.00127,55906,71.26050,78453
13736,sirloon,1,0.00127,55907,71.26177,78453
13737,sirockin-f3,1,0.00127,55908,71.26305,78453
13738,sishanks,1,0.00127,55909,71.26432,78453
13739,sistemvene,1,0.00127,55910,71.26560,78453
13740,sivakolisetti,1,0.00127,55911,71.26687,78453
13741,siwang2011,1,0.00127,55912,71.26815,78453
13742,siyanew,1,0.00127,55913,71.26942,78453
13743,sj14,1,0.00127,55914,71.27070,78453
13744,sj7trunks,1,0.00127,55915,71.27197,78453
13745,sjpalf,1,0.00127,55916,71.27325,78453
13746,sk1395,1,0.00127,55917,71.27452,78453
13747,sk4zuzu,1,0.00127,55918,71.27580,78453
13748,skeptic-monkey,1,0.00127,55919,71.27707,78453
13749,skhalidgh,1,0.00127,55920,71.27834,78453
13750,skippetr,1,0.00127,55921,71.27962,78453
13751,skoob,1,0.00127,55922,71.28089,78453
13752,skrbug,1,0.00127,55923,71.28217,78453
13753,skudrow-figure,1,0.00127,55924,71.28344,78453
13754,Skycelot,1,0.00127,55925,71.28472,78453
13755,Skyler-wy,1,0.00127,55926,71.28599,78453
13756,Skyross,1,0.00127,55927,71.28727,78453
13757,skywaterxyz,1,0.00127,55928,71.28854,78453
13758,Skywuuuu,1,0.00127,55929,71.28982,78453
13759,skyzzk,1,0.00127,55930,71.29109,78453
13760,sladg,1,0.00127,55931,71.29237,78453
13761,slagumen,1,0.00127,55932,71.29364,78453
13762,slapointe,1,0.00127,55933,71.29492,78453
13763,slargo,1,0.00127,55934,71.29619,78453
13764,slash5k1,1,0.00127,55935,71.29746,78453
13765,slasse,1,0.00127,55936,71.29874,78453
13766,slaterjon,1,0.00127,55937,71.30001,78453
13767,slaterx,1,0.00127,55938,71.30129,78453
13768,slavick,1,0.00127,55939,71.30256,78453
13769,slavikbialik,1,0.00127,55940,71.30384,78453
13770,slc1973,1,0.00127,55941,71.30511,78453
13771,sleepy-manul,1,0.00127,55942,71.30639,78453
13772,Slepha,1,0.00127,55943,71.30766,78453
13773,slicen,1,0.00127,55944,71.30894,78453
13774,Slids,1,0.00127,55945,71.31021,78453
13775,Slim002,1,0.00127,55946,71.31149,78453
13776,slin1237,1,0.00127,55947,71.31276,78453
13777,slothjun,1,0.00127,55948,71.31404,78453
13778,SlothLazybones,1,0.00127,55949,71.31531,78453
13779,slothtae,1,0.00127,55950,71.31658,78453
13780,Slowdive-Aideron,1,0.00127,55951,71.31786,78453
13781,smallinsky,1,0.00127,55952,71.31913,78453
13782,smanikkara,1,0.00127,55953,71.32041,78453
13783,smartdings,1,0.00127,55954,71.32168,78453
13784,smaruni-BRONGA,1,0.00127,55955,71.32296,78453
13785,SMFloris,1,0.00127,55956,71.32423,78453
13786,Smidra,1,0.00127,55957,71.32551,78453
13787,smills24,1,0.00127,55958,71.32678,78453
13788,smirman,1,0.00127,55959,71.32806,78453
13789,smirnov-vs,1,0.00127,55960,71.32933,78453
13790,smithyj,1,0.00127,55961,71.33061,78453
13791,smitphilip,1,0.00127,55962,71.33188,78453
13792,smock514,1,0.00127,55963,71.33315,78453
13793,smoell,1,0.00127,55964,71.33443,78453
13794,smolgeat,1,0.00127,55965,71.33570,78453
13795,smourachov,1,0.00127,55966,71.33698,78453
13796,smsohan,1,0.00127,55967,71.33825,78453
13797,smyrick,1,0.00127,55968,71.33953,78453
13798,snow-315,1,0.00127,55969,71.34080,78453
13799,SnowyTerror,1,0.00127,55970,71.34208,78453
13800,so2liu,1,0.00127,55971,71.34335,78453
13801,soanni,1,0.00127,55972,71.34463,78453
13802,socar-hardy,1,0.00127,55973,71.34590,78453
13803,sochoaAtMulesoft,1,0.00127,55974,71.34718,78453
13804,sockyone,1,0.00127,55975,71.34845,78453
13805,socza,1,0.00127,55976,71.34973,78453
13806,soederpop,1,0.00127,55977,71.35100,78453
13807,sof2000,1,0.00127,55978,71.35227,78453
13808,SofianeDev94,1,0.00127,55979,71.35355,78453
13809,sohan-lh,1,0.00127,55980,71.35482,78453
13810,soharang,1,0.00127,55981,71.35610,78453
13811,sojab0on,1,0.00127,55982,71.35737,78453
13812,Sokratis1904,1,0.00127,55983,71.35865,78453
13813,Sola-ML,1,0.00127,55984,71.35992,78453
13814,solms,1,0.00127,55985,71.36120,78453
13815,sologgfun,1,0.00127,55986,71.36247,78453
13816,solohsu,1,0.00127,55987,71.36375,78453
13817,solomax,1,0.00127,55988,71.36502,78453
13818,solrac97gr,1,0.00127,55989,71.36630,78453
13819,somaninga-pujari,1,0.00127,55990,71.36757,78453
13820,somematon,1,0.00127,55991,71.36885,78453
13821,sommerit,1,0.00127,55992,71.37012,78453
13822,sonai95,1,0.00127,55993,71.37139,78453
13823,SonalNew,1,0.00127,55994,71.37267,78453
13824,sonia0325,1,0.00127,55995,71.37394,78453
13825,sonic-martin,1,0.00127,55996,71.37522,78453
13826,soni-H,1,0.00127,55997,71.37649,78453
13827,soniyaprasad77,1,0.00127,55998,71.37777,78453
13828,sontek,1,0.00127,55999,71.37904,78453
13829,sonujose,1,0.00127,56000,71.38032,78453
13830,sopos,1,0.00127,56001,71.38159,78453
13831,sorind-broadsign,1,0.00127,56002,71.38287,78453
13832,Sorionce,1,0.00127,56003,71.38414,78453
13833,sormyfeel,1,0.00127,56004,71.38542,78453
13834,soskouy,1,0.00127,56005,71.38669,78453
13835,sotiriougeorge,1,0.00127,56006,71.38796,78453
13836,soul-craft,1,0.00127,56007,71.38924,78453
13837,soumyabk,1,0.00127,56008,71.39051,78453
13838,soumya-dash3,1,0.00127,56009,71.39179,78453
13839,sourabhbhandari,1,0.00127,56010,71.39306,78453
13840,sourabhkumar47,1,0.00127,56011,71.39434,78453
13841,sourav-anand1,1,0.00127,56012,71.39561,78453
13842,souravsk,1,0.00127,56013,71.39689,78453
13843,sourceful-karlson,1,0.00127,56014,71.39816,78453
13844,souvik-deepsource,1,0.00127,56015,71.39944,78453
13845,sowmiya1005,1,0.00127,56016,71.40071,78453
13846,sowmya-parsi,1,0.00127,56017,71.40199,78453
13847,sowmyaselva,1,0.00127,56018,71.40326,78453
13848,spanning,1,0.00127,56019,71.40454,78453
13849,sparam,1,0.00127,56020,71.40581,78453
13850,sparkinglu,1,0.00127,56021,71.40708,78453
13851,sparklinglj,1,0.00127,56022,71.40836,78453
13852,sparkpool,1,0.00127,56023,71.40963,78453
13853,sparkyb,1,0.00127,56024,71.41091,78453
13854,Spartaques,1,0.00127,56025,71.41218,78453
13855,spencercjh,1,0.00127,56026,71.41346,78453
13856,Spiderpig86,1,0.00127,56027,71.41473,78453
13857,spines83,1,0.00127,56028,71.41601,78453
13858,spoo24,1,0.00127,56029,71.41728,78453
13859,Spybull,1,0.00127,56030,71.41856,78453
13860,Squadrick,1,0.00127,56031,71.41983,78453
13861,squaw077,1,0.00127,56032,71.42111,78453
13862,sravanthnag,1,0.00127,56033,71.42238,78453
13863,sravimohan,1,0.00127,56034,71.42365,78453
13864,Sreddy-gs,1,0.00127,56035,71.42493,78453
13865,sreedhark1243,1,0.00127,56036,71.42620,78453
13866,sreejith-vk,1,0.00127,56037,71.42748,78453
13867,sreenathpranav,1,0.00127,56038,71.42875,78453
13868,srehaman,1,0.00127,56039,71.43003,78453
13869,sriharsha-ZS,1,0.00127,56040,71.43130,78453
13870,srinigundaputalech,1,0.00127,56041,71.43258,78453
13871,srinirama,1,0.00127,56042,71.43385,78453
13872,srinireddya,1,0.00127,56043,71.43513,78453
13873,srinisudharsan,1,0.00127,56044,71.43640,78453
13874,Srinivas-Karre,1,0.00127,56045,71.43768,78453
13875,srinucsedon,1,0.00127,56046,71.43895,78453
13876,SriPrarabdha,1,0.00127,56047,71.44023,78453
13877,sriram0721,1,0.00127,56048,71.44150,78453
13878,sriram-anyscale,1,0.00127,56049,71.44277,78453
13879,sriramss,1,0.00127,56050,71.44405,78453
13880,srisco,1,0.00127,56051,71.44532,78453
13881,SrkanpuSrikanthSrinivas,1,0.00127,56052,71.44660,78453
13882,srmish-jfrog,1,0.00127,56053,71.44787,78453
13883,srodenhuis,1,0.00127,56054,71.44915,78453
13884,Srsnik,1,0.00127,56055,71.45042,78453
13885,srstack,1,0.00127,56056,71.45170,78453
13886,srvRoy,1,0.00127,56057,71.45297,78453
13887,ss2523,1,0.00127,56058,71.45425,78453
13888,SSaMKJ,1,0.00127,56059,71.45552,78453
13889,sshnuke3,1,0.00127,56060,71.45680,78453
13890,ssi444,1,0.00127,56061,71.45807,78453
13891,ssnijik,1,0.00127,56062,71.45935,78453
13892,SStorm,1,0.00127,56063,71.46062,78453
13893,ssuparna2010,1,0.00127,56064,71.46189,78453
13894,s-takehana,1,0.00127,56065,71.46317,78453
13895,Stalkker,1,0.00127,56066,71.46444,78453
13896,Stanford-Peng,1,0.00127,56067,71.46572,78453
13897,stanshih0315,1,0.00127,56068,71.46699,78453
13898,stardustman,1,0.00127,56069,71.46827,78453
13899,starkmatt,1,0.00127,56070,71.46954,78453
13900,Starrah,1,0.00127,56071,71.47082,78453
13901,starudream,1,0.00127,56072,71.47209,78453
13902,stayleen,1,0.00127,56073,71.47337,78453
13903,steephan-s1,1,0.00127,56074,71.47464,78453
13904,stefangrosaru,1,0.00127,56075,71.47592,78453
13905,stefano-salari,1,0.00127,56076,71.47719,78453
13906,stefee,1,0.00127,56077,71.47846,78453
13907,SteffanVerlaan,1,0.00127,56078,71.47974,78453
13908,stehnes,1,0.00127,56079,71.48101,78453
13909,steijgeler,1,0.00127,56080,71.48229,78453
13910,steinmb,1,0.00127,56081,71.48356,78453
13911,Stelagowski-Tomasz,1,0.00127,56082,71.48484,78453
13912,Stephan202,1,0.00127,56083,71.48611,78453
13913,stephan242,1,0.00127,56084,71.48739,78453
13914,Stephen-Jack,1,0.00127,56085,71.48866,78453
13915,stephennancekivell,1,0.00127,56086,71.48994,78453
13916,Stergios13,1,0.00127,56087,71.49121,78453
13917,stevanbangle,1,0.00127,56088,71.49249,78453
13918,SteveJones,1,0.00127,56089,71.49376,78453
13919,StevenBarre,1,0.00127,56090,71.49504,78453
13920,stevenbeaullieu,1,0.00127,56091,71.49631,78453
13921,StevenGunn,1,0.00127,56092,71.49758,78453
13922,stevenhartley,1,0.00127,56093,71.49886,78453
13923,StevenTCramer,1,0.00127,56094,71.50013,78453
13924,stevenwang1,1,0.00127,56095,71.50141,78453
13925,SteveRiceUK,1,0.00127,56096,71.50268,78453
13926,StevieJayCee,1,0.00127,56097,71.50396,78453
13927,Stevmann,1,0.00127,56098,71.50523,78453
13928,stevyn81,1,0.00127,56099,71.50651,78453
13929,stew675,1,0.00127,56100,71.50778,78453
13930,Stex,1,0.00127,56101,71.50906,78453
13931,stfklav,1,0.00127,56102,71.51033,78453
13932,sthapa,1,0.00127,56103,71.51161,78453
13933,stianfro,1,0.00127,56104,71.51288,78453
13934,stianlagstad,1,0.00127,56105,71.51415,78453
13935,stiliajohny,1,0.00127,56106,71.51543,78453
13936,stocc,1,0.00127,56107,71.51670,78453
13937,stonejianbu,1,0.00127,56108,71.51798,78453
13938,storresbaires,1,0.00127,56109,71.51925,78453
13939,stowel,1,0.00127,56110,71.52053,78453
13940,StoyanStAtanasov,1,0.00127,56111,71.52180,78453
13941,str4d,1,0.00127,56112,71.52308,78453
13942,strelok372,1,0.00127,56113,71.52435,78453
13943,strh5523,1,0.00127,56114,71.52563,78453
13944,Striar-Yunis,1,0.00127,56115,71.52690,78453
13945,stromnet,1,0.00127,56116,71.52818,78453
13946,Strongbyte-ES,1,0.00127,56117,71.52945,78453
13947,stroypet,1,0.00127,56118,71.53073,78453
13948,strund3r,1,0.00127,56119,71.53200,78453
13949,stryder199,1,0.00127,56120,71.53327,78453
13950,stuart-blackler-cko,1,0.00127,56121,71.53455,78453
13951,stuartcongdon,1,0.00127,56122,71.53582,78453
13952,stumbows,1,0.00127,56123,71.53710,78453
13953,stupidchen,1,0.00127,56124,71.53837,78453
13954,stympy,1,0.00127,56125,71.53965,78453
13955,suavelad,1,0.00127,56126,71.54092,78453
13956,subbota-a,1,0.00127,56127,71.54220,78453
13957,subbu-clustrex,1,0.00127,56128,71.54347,78453
13958,subbuprasantp,1,0.00127,56129,71.54475,78453
13959,subham-awasthi,1,0.00127,56130,71.54602,78453
13960,subhargav,1,0.00127,56131,71.54730,78453
13961,subject-of-ymir,1,0.00127,56132,71.54857,78453
13962,subtlepseudonym,1,0.00127,56133,71.54985,78453
13963,Sudershan17,1,0.00127,56134,71.55112,78453
13964,sudhanshu456,1,0.00127,56135,71.55239,78453
13965,sudharsanomprakash,1,0.00127,56136,71.55367,78453
13966,sudhirwakchoure,1,0.00127,56137,71.55494,78453
13967,sudip004,1,0.00127,56138,71.55622,78453
13968,sudipju,1,0.00127,56139,71.55749,78453
13969,sudiptosarkar,1,0.00127,56140,71.55877,78453
13970,sudopablosilva,1,0.00127,56141,71.56004,78453
13971,suesue2,1,0.00127,56142,71.56132,78453
13972,Sugar929,1,0.00127,56143,71.56259,78453
13973,suhasln,1,0.00127,56144,71.56387,78453
13974,sukantadash,1,0.00127,56145,71.56514,78453
13975,sukanth,1,0.00127,56146,71.56642,78453
13976,sukhbir-singh,1,0.00127,56147,71.56769,78453
13977,sukumarp2020,1,0.00127,56148,71.56896,78453
13978,sullyvon,1,0.00127,56149,71.57024,78453
13979,SumanthDatta-Kony,1,0.00127,56150,71.57151,78453
13980,sumeet004,1,0.00127,56151,71.57279,78453
13981,summer908,1,0.00127,56152,71.57406,78453
13982,sun363587351,1,0.00127,56153,71.57534,78453
13983,sunidhi121,1,0.00127,56154,71.57661,78453
13984,sunilkhare,1,0.00127,56155,71.57789,78453
13985,sunilkumar789,1,0.00127,56156,71.57916,78453
13986,SUNILKUMARKUMAWAT371,1,0.00127,56157,71.58044,78453
13987,suning2012,1,0.00127,56158,71.58171,78453
13988,sunkadavar,1,0.00127,56159,71.58299,78453
13989,SUNKANGhui,1,0.00127,56160,71.58426,78453
13990,sunmmi,1,0.00127,56161,71.58554,78453
13991,Sunnycheey,1,0.00127,56162,71.58681,78453
13992,SunnyFenng,1,0.00127,56163,71.58808,78453
13993,SunPj,1,0.00127,56164,71.58936,78453
13994,SunQK0515,1,0.00127,56165,71.59063,78453
13995,Sunt-ing,1,0.00127,56166,71.59191,78453
13996,supanadit,1,0.00127,56167,71.59318,78453
13997,SuperAayush,1,0.00127,56168,71.59446,78453
13998,SuperCoolAlan,1,0.00127,56169,71.59573,78453
13999,superma58,1,0.00127,56170,71.59701,78453
14000,SuperMatt,1,0.00127,56171,71.59828,78453
14001,supernacho,1,0.00127,56172,71.59956,78453
14002,SupRenekton,1,0.00127,56173,71.60083,78453
14003,surajmachamasi,1,0.00127,56174,71.60211,78453
14004,sure3385,1,0.00127,56175,71.60338,78453
14005,survivor-collab,1,0.00127,56176,71.60466,78453
14006,suseendare,1,0.00127,56177,71.60593,78453
14007,sushilalert,1,0.00127,56178,71.60720,78453
14008,Su-yj,1,0.00127,56179,71.60848,78453
14009,suzuki-takanori,1,0.00127,56180,71.60975,78453
14010,svalleru,1,0.00127,56181,71.61103,78453
14011,sversienti,1,0.00127,56182,71.61230,78453
14012,svg153,1,0.00127,56183,71.61358,78453
14013,svissarapu,1,0.00127,56184,71.61485,78453
14014,sw33tr0ll,1,0.00127,56185,71.61613,78453
14015,SwadhinMangaraj,1,0.00127,56186,71.61740,78453
14016,swallretu,1,0.00127,56187,71.61868,78453
14017,swananddh,1,0.00127,56188,71.61995,78453
14018,Swandog,1,0.00127,56189,71.62123,78453
14019,SwarajShekhar,1,0.00127,56190,71.62250,78453
14020,Swastyy,1,0.00127,56191,71.62377,78453
14021,SWDevAngel,1,0.00127,56192,71.62505,78453
14022,sweihub,1,0.00127,56193,71.62632,78453
14023,swetabhgit,1,0.00127,56194,71.62760,78453
14024,swoop-admin,1,0.00127,56195,71.62887,78453
14025,SWYZZWH,1,0.00127,56196,71.63015,78453
14026,SXDDFMYFJ,1,0.00127,56197,71.63142,78453
14027,sxt90128,1,0.00127,56198,71.63270,78453
14028,sybernatus,1,0.00127,56199,71.63397,78453
14029,SyedK1987,1,0.00127,56200,71.63525,78453
14030,syed-mohsin,1,0.00127,56201,71.63652,78453
14031,SyedUmerHasan,1,0.00127,56202,71.63780,78453
14032,Syfaro,1,0.00127,56203,71.63907,78453
14033,symbl-ay,1,0.00127,56204,71.64035,78453
14034,SympleSynz,1,0.00127,56205,71.64162,78453
14035,Sync271,1,0.00127,56206,71.64289,78453
14036,synchris,1,0.00127,56207,71.64417,78453
14037,syurevich,1,0.00127,56208,71.64544,78453
14038,SzabolcsSzoke,1,0.00127,56209,71.64672,78453
14039,szczeles,1,0.00127,56210,71.64799,78453
14040,szdonat,1,0.00127,56211,71.64927,78453
14041,t0mcat1337,1,0.00127,56212,71.65054,78453
14042,T0T4R4,1,0.00127,56213,71.65182,78453
14043,tabboud,1,0.00127,56214,71.65309,78453
14044,tabramczyk,1,0.00127,56215,71.65437,78453
14045,TachunLin,1,0.00127,56216,71.65564,78453
14046,tadam313,1,0.00127,56217,71.65692,78453
14047,taekahn,1,0.00127,56218,71.65819,78453
14048,taha23hasnain,1,0.00127,56219,71.65946,78453
14049,tahacodes,1,0.00127,56220,71.66074,78453
14050,Taiizor,1,0.00127,56221,71.66201,78453
14051,takhtar3,1,0.00127,56222,71.66329,78453
14052,talaverant,1,0.00127,56223,71.66456,78453
14053,talha0324,1,0.00127,56224,71.66584,78453
14054,tallsheep,1,0.00127,56225,71.66711,78453
14055,tamassoos3,1,0.00127,56226,71.66839,78453
14056,tamland,1,0.00127,56227,71.66966,78453
14057,tanayjha,1,0.00127,56228,71.67094,78453
14058,tance77,1,0.00127,56229,71.67221,78453
14059,tanger7719,1,0.00127,56230,71.67349,78453
14060,tangermi,1,0.00127,56231,71.67476,78453
14061,tanghui315,1,0.00127,56232,71.67604,78453
14062,tangoliu,1,0.00127,56233,71.67731,78453
14063,tanjin917,1,0.00127,56234,71.67858,78453
14064,tanmaypandey7,1,0.00127,56235,71.67986,78453
14065,tanquetav,1,0.00127,56236,71.68113,78453
14066,taotieren,1,0.00127,56237,71.68241,78453
14067,tapakund,1,0.00127,56238,71.68368,78453
14068,tapter-mwm,1,0.00127,56239,71.68496,78453
14069,Taqas,1,0.00127,56240,71.68623,78453
14070,tara-superapplets,1,0.00127,56241,71.68751,78453
14071,tarfeef101,1,0.00127,56242,71.68878,78453
14072,tarfik,1,0.00127,56243,71.69006,78453
14073,tarkil,1,0.00127,56244,71.69133,78453
14074,tarlano,1,0.00127,56245,71.69261,78453
14075,tarmacmonsterg,1,0.00127,56246,71.69388,78453
14076,tarrenj,1,0.00127,56247,71.69516,78453
14077,tarun4279,1,0.00127,56248,71.69643,78453
14078,TarunRajesh,1,0.00127,56249,71.69770,78453
14079,tassosgeo,1,0.00127,56250,71.69898,78453
14080,tatehanawalt,1,0.00127,56251,71.70025,78453
14081,tathagata,1,0.00127,56252,71.70153,78453
14082,TatianaMigacheva,1,0.00127,56253,71.70280,78453
14083,tatramaco,1,0.00127,56254,71.70408,78453
14084,taufiqpsumarna,1,0.00127,56255,71.70535,78453
14085,tayyabjamadar,1,0.00127,56256,71.70663,78453
14086,tbourrelovh,1,0.00127,56257,71.70790,78453
14087,tbrasser,1,0.00127,56258,71.70918,78453
14088,tbthanh90,1,0.00127,56259,71.71045,78453
14089,tcellucci,1,0.00127,56260,71.71173,78453
14090,tcetco,1,0.00127,56261,71.71300,78453
14091,tchernomax,1,0.00127,56262,71.71427,78453
14092,tdashton,1,0.00127,56263,71.71555,78453
14093,TDavid2509,1,0.00127,56264,71.71682,78453
14094,tdg5,1,0.00127,56265,71.71810,78453
14095,tdgeery,1,0.00127,56266,71.71937,78453
14096,teadur,1,0.00127,56267,71.72065,78453
14097,teamzz111,1,0.00127,56268,71.72192,78453
14098,teatreeoilchocolate,1,0.00127,56269,71.72320,78453
14099,Tebeye,1,0.00127,56270,71.72447,78453
14100,techieforfun,1,0.00127,56271,71.72575,78453
14101,TechnikEmpire,1,0.00127,56272,71.72702,78453
14102,techsolx,1,0.00127,56273,71.72830,78453
14103,teenarodriques,1,0.00127,56274,71.72957,78453
14104,TeHSiGGi,1,0.00127,56275,71.73085,78453
14105,teimyBr,1,0.00127,56276,71.73212,78453
14106,Teja327r,1,0.00127,56277,71.73339,78453
14107,teja463,1,0.00127,56278,71.73467,78453
14108,tejasvi,1,0.00127,56279,71.73594,78453
14109,teji8895,1,0.00127,56280,71.73722,78453
14110,Tembhum,1,0.00127,56281,71.73849,78453
14111,temikelani,1,0.00127,56282,71.73977,78453
14112,temtamK,1,0.00127,56283,71.74104,78453
14113,Tendo-Jukkudo,1,0.00127,56284,71.74232,78453
14114,tenhishadow,1,0.00127,56285,71.74359,78453
14115,teru01,1,0.00127,56286,71.74487,78453
14116,tessus,1,0.00127,56287,71.74614,78453
14117,testwill,1,0.00127,56288,71.74742,78453
14118,tetienne,1,0.00127,56289,71.74869,78453
14119,TetsujinOni,1,0.00127,56290,71.74996,78453
14120,tetsundo,1,0.00127,56291,71.75124,78453
14121,textminer,1,0.00127,56292,71.75251,78453
14122,tgilman,1,0.00127,56293,71.75379,78453
14123,TGuimbert,1,0.00127,56294,71.75506,78453
14124,th0masb,1,0.00127,56295,71.75634,78453
14125,thangdinh1298,1,0.00127,56296,71.75761,78453
14126,thanhhh,1,0.00127,56297,71.75889,78453
14127,Thaval,1,0.00127,56298,71.76016,78453
14128,thebeardedpapi,1,0.00127,56299,71.76144,78453
14129,thedatabaseme,1,0.00127,56300,71.76271,78453
14130,thedocks,1,0.00127,56301,71.76399,78453
14131,TheDome,1,0.00127,56302,71.76526,78453
14132,thedreamwork,1,0.00127,56303,71.76654,78453
14133,TheFlase,1,0.00127,56304,71.76781,78453
14134,thegalah,1,0.00127,56305,71.76908,78453
14135,the-good-boy,1,0.00127,56306,71.77036,78453
14136,TheHett,1,0.00127,56307,71.77163,78453
14137,theikalman,1,0.00127,56308,71.77291,78453
14138,themowski,1,0.00127,56309,71.77418,78453
14139,thennetirajesh,1,0.00127,56310,71.77546,78453
14140,TheOnlyMarkus,1,0.00127,56311,71.77673,78453
14141,theophile-scrive,1,0.00127,56312,71.77801,78453
14142,theoribeiro,1,0.00127,56313,71.77928,78453
14143,TheSamDickey,1,0.00127,56314,71.78056,78453
14144,TheSaw,1,0.00127,56315,71.78183,78453
14145,the-technat,1,0.00127,56316,71.78311,78453
14146,Thiago2436,1,0.00127,56317,71.78438,78453
14147,thiagotakehana,1,0.00127,56318,71.78566,78453
14148,thicolares,1,0.00127,56319,71.78693,78453
14149,ThierryBrunet,1,0.00127,56320,71.78820,78453
14150,thimasan,1,0.00127,56321,71.78948,78453
14151,thinakes,1,0.00127,56322,71.79075,78453
14152,thinhbing,1,0.00127,56323,71.79203,78453
14153,Thisisprasad007,1,0.00127,56324,71.79330,78453
14154,thiwatx33,1,0.00127,56325,71.79458,78453
14155,thllxb,1,0.00127,56326,71.79585,78453
14156,thomas315,1,0.00127,56327,71.79713,78453
14157,thomas7kuo,1,0.00127,56328,71.79840,78453
14158,thomasAtSNCF,1,0.00127,56329,71.79968,78453
14159,thomasdullien,1,0.00127,56330,71.80095,78453
14160,ThomasGerritsen,1,0.00127,56331,71.80223,78453
14161,thomassandslyst,1,0.00127,56332,71.80350,78453
14162,Thor77,1,0.00127,56333,71.80477,78453
14163,thorenled,1,0.00127,56334,71.80605,78453
14164,ThormaehlenFred,1,0.00127,56335,71.80732,78453
14165,threaz,1,0.00127,56336,71.80860,78453
14166,threepw00d,1,0.00127,56337,71.80987,78453
14167,thwiv,1,0.00127,56338,71.81115,78453
14168,thyhum,1,0.00127,56339,71.81242,78453
14169,tiagoboeing,1,0.00127,56340,71.81370,78453
14170,tiago-celuppi,1,0.00127,56341,71.81497,78453
14171,tiagojufr,1,0.00127,56342,71.81625,78453
14172,tiagokrebs,1,0.00127,56343,71.81752,78453
14173,tiandizhiguai,1,0.00127,56344,71.81880,78453
14174,tianjie1168,1,0.00127,56345,71.82007,78453
14175,tianlinzx,1,0.00127,56346,71.82135,78453
14176,tianshuang,1,0.00127,56347,71.82262,78453
14177,tianyu-monica,1,0.00127,56348,71.82389,78453
14178,Tiberriver256,1,0.00127,56349,71.82517,78453
14179,tiborkiss,1,0.00127,56350,71.82644,78453
14180,tidusete,1,0.00127,56351,71.82772,78453
14181,tidwall,1,0.00127,56352,71.82899,78453
14182,tien1214,1,0.00127,56353,71.83027,78453
14183,tienle,1,0.00127,56354,71.83154,78453
14184,tilakraj9560,1,0.00127,56355,71.83282,78453
14185,tilenkosec,1,0.00127,56356,71.83409,78453
14186,til-schneider,1,0.00127,56357,71.83537,78453
14187,tim37021,1,0.00127,56358,71.83664,78453
14188,timharris777,1,0.00127,56359,71.83792,78453
14189,TimisRobert,1,0.00127,56360,71.83919,78453
14190,timkang85,1,0.00127,56361,71.84046,78453
14191,timnugent,1,0.00127,56362,71.84174,78453
14192,timofey-drozhzhin,1,0.00127,56363,71.84301,78453
14193,timo-klarshift,1,0.00127,56364,71.84429,78453
14194,TimothySutton81,1,0.00127,56365,71.84556,78453
14195,Timo-Weike,1,0.00127,56366,71.84684,78453
14196,timvandruenen,1,0.00127,56367,71.84811,78453
14197,timw8890,1,0.00127,56368,71.84939,78453
14198,tinashem-hub,1,0.00127,56369,71.85066,78453
14199,tindzk,1,0.00127,56370,71.85194,78453
14200,tinkerbot,1,0.00127,56371,71.85321,78453
14201,Tinkesh-Kumar,1,0.00127,56372,71.85449,78453
14202,tinomthomas,1,0.00127,56373,71.85576,78453
14203,tiny-dancer,1,0.00127,56374,71.85704,78453
14204,TiraTom,1,0.00127,56375,71.85831,78453
14205,tirjak,1,0.00127,56376,71.85958,78453
14206,Tishka17,1,0.00127,56377,71.86086,78453
14207,tisutisu,1,0.00127,56378,71.86213,78453
14208,titaneric,1,0.00127,56379,71.86341,78453
14209,tiwarisuraj9,1,0.00127,56380,71.86468,78453
14210,tjchambers,1,0.00127,56381,71.86596,78453
14211,tjconcept,1,0.00127,56382,71.86723,78453
14212,tjordan170,1,0.00127,56383,71.86851,78453
14213,tkmdenis,1,0.00127,56384,71.86978,78453
14214,tks98,1,0.00127,56385,71.87106,78453
14215,tk-xiong,1,0.00127,56386,71.87233,78453
14216,tlandschoff-scale,1,0.00127,56387,71.87361,78453
14217,tlitke5,1,0.00127,56388,71.87488,78453
14218,tlk-kayrros,1,0.00127,56389,71.87616,78453
14219,tl-mauro-franchi,1,0.00127,56390,71.87743,78453
14220,tlmcphillips,1,0.00127,56391,71.87870,78453
14221,tlnd-rdalverny,1,0.00127,56392,71.87998,78453
14222,tmarszal,1,0.00127,56393,71.88125,78453
14223,tmenouer,1,0.00127,56394,71.88253,78453
14224,tmihalac,1,0.00127,56395,71.88380,78453
14225,tmiroslav,1,0.00127,56396,71.88508,78453
14226,tmorrisonsfx,1,0.00127,56397,71.88635,78453
14227,tmpbook,1,0.00127,56398,71.88763,78453
14228,tnk-dev,1,0.00127,56399,71.88890,78453
14229,tnorlin,1,0.00127,56400,71.89018,78453
14230,tnovacik,1,0.00127,56401,71.89145,78453
14231,tnyeanderson,1,0.00127,56402,71.89273,78453
14232,tobiasbbb,1,0.00127,56403,71.89400,78453
14233,tobiasf88,1,0.00127,56404,71.89527,78453
14234,TobiasGrether,1,0.00127,56405,71.89655,78453
14235,tobigremmer-dt,1,0.00127,56406,71.89782,78453
14236,tobim,1,0.00127,56407,71.89910,78453
14237,toddtomkinson,1,0.00127,56408,71.90037,78453
14238,togacaptain,1,0.00127,56409,71.90165,78453
14239,tolerant-hu,1,0.00127,56410,71.90292,78453
14240,Tolga-Karahan,1,0.00127,56411,71.90420,78453
14241,tolik505,1,0.00127,56412,71.90547,78453
14242,ToLToL,1,0.00127,56413,71.90675,78453
14243,TomAdmz,1,0.00127,56414,71.90802,78453
14244,TomA-R,1,0.00127,56415,71.90930,78453
14245,tomasholicky,1,0.00127,56416,71.91057,78453
14246,tomashtg,1,0.00127,56417,71.91185,78453
14247,tomas-k-mall,1,0.00127,56418,71.91312,78453
14248,tomaso,1,0.00127,56419,71.91439,78453
14249,tomasol,1,0.00127,56420,71.91567,78453
14250,TomasTokaMrazek,1,0.00127,56421,71.91694,78453
14251,tomaswarynyca,1,0.00127,56422,71.91822,78453
14252,TomaszSzusterTR,1,0.00127,56423,71.91949,78453
14253,tomcruz17,1,0.00127,56424,71.92077,78453
14254,tomekbielaszewski,1,0.00127,56425,71.92204,78453
14255,tomer-shefler,1,0.00127,56426,71.92332,78453
14256,tomgiggs,1,0.00127,56427,71.92459,78453
14257,tomglaza,1,0.00127,56428,71.92587,78453
14258,TomGudman,1,0.00127,56429,71.92714,78453
14259,TomHart,1,0.00127,56430,71.92842,78453
14260,tomhobson,1,0.00127,56431,71.92969,78453
14261,TomKrauss,1,0.00127,56432,71.93097,78453
14262,tom-mayer,1,0.00127,56433,71.93224,78453
14263,tommorvolloriddle,1,0.00127,56434,71.93351,78453
14264,Tommy74,1,0.00127,56435,71.93479,78453
14265,Tommy95271,1,0.00127,56436,71.93606,78453
14266,tommyang,1,0.00127,56437,71.93734,78453
14267,tommyasai,1,0.00127,56438,71.93861,78453
14268,tommyk1m,1,0.00127,56439,71.93989,78453
14269,tommyo,1,0.00127,56440,71.94116,78453
14270,tomphilbin,1,0.00127,56441,71.94244,78453
14271,tomruttle,1,0.00127,56442,71.94371,78453
14272,tomtrapp,1,0.00127,56443,71.94499,78453
14273,TongX123,1,0.00127,56444,71.94626,78453
14274,tonycasanova,1,0.00127,56445,71.94754,78453
14275,tonycody,1,0.00127,56446,71.94881,78453
14276,tonygilkerson,1,0.00127,56447,71.95008,78453
14277,tonypowell1809,1,0.00127,56448,71.95136,78453
14278,tonyrizzotto,1,0.00127,56449,71.95263,78453
14279,tonysongzheng,1,0.00127,56450,71.95391,78453
14280,toomone,1,0.00127,56451,71.95518,78453
14281,topsterde,1,0.00127,56452,71.95646,78453
14282,ToriBrillaud,1,0.00127,56453,71.95773,78453
14283,torkelo,1,0.00127,56454,71.95901,78453
14284,tormoder,1,0.00127,56455,71.96028,78453
14285,toroy,1,0.00127,56456,71.96156,78453
14286,torsrex,1,0.00127,56457,71.96283,78453
14287,torsten-simon,1,0.00127,56458,71.96411,78453
14288,TorvaldsDB,1,0.00127,56459,71.96538,78453
14289,totemofwolf,1,0.00127,56460,71.96666,78453
14290,totollygeek,1,0.00127,56461,71.96793,78453
14291,touseefmurtaza,1,0.00127,56462,71.96920,78453
14292,toxoxi,1,0.00127,56463,71.97048,78453
14293,tpabby1999,1,0.00127,56464,71.97175,78453
14294,tpfister-form3,1,0.00127,56465,71.97303,78453
14295,Tradias,1,0.00127,56466,71.97430,78453
14296,transadm312,1,0.00127,56467,71.97558,78453
14297,trauter,1,0.00127,56468,71.97685,78453
14298,traylenator,1,0.00127,56469,71.97813,78453
14299,treehaqr,1,0.00127,56470,71.97940,78453
14300,trescube,1,0.00127,56471,71.98068,78453
14301,trestea,1,0.00127,56472,71.98195,78453
14302,trevor-viljoen,1,0.00127,56473,71.98323,78453
14303,trezorg,1,0.00127,56474,71.98450,78453
14304,trezz,1,0.00127,56475,71.98577,78453
14305,tridelt,1,0.00127,56476,71.98705,78453
14306,trissanen,1,0.00127,56477,71.98832,78453
14307,tritri251214,1,0.00127,56478,71.98960,78453
14308,TRIVEDISAGAR37,1,0.00127,56479,71.99087,78453
14309,trollkarlen,1,0.00127,56480,71.99215,78453
14310,tronda,1,0.00127,56481,71.99342,78453
14311,TrooperT,1,0.00127,56482,71.99470,78453
14312,ts-ingka,1,0.00127,56483,71.99597,78453
14313,tsingsun,1,0.00127,56484,71.99725,78453
14314,tskorupka,1,0.00127,56485,71.99852,78453
14315,tslrosita,1,0.00127,56486,71.99980,78453
14316,tsukiy0,1,0.00127,56487,72.00107,78453
14317,tsvirinkal-jsi,1,0.00127,56488,72.00235,78453
14318,tszysong,1,0.00127,56489,72.00362,78453
14319,ttanay,1,0.00127,56490,72.00489,78453
14320,ttonyh,1,0.00127,56491,72.00617,78453
14321,ttosta21,1,0.00127,56492,72.00744,78453
14322,tttgiang2510,1,0.00127,56493,72.00872,78453
14323,ttusin,1,0.00127,56494,72.00999,78453
14324,tuatara73,1,0.00127,56495,72.01127,78453
14325,tuchandra,1,0.00127,56496,72.01254,78453
14326,tukak,1,0.00127,56497,72.01382,78453
14327,tulih,1,0.00127,56498,72.01509,78453
14328,Tuneabq,1,0.00127,56499,72.01637,78453
14329,TungLeoJS,1,0.00127,56500,72.01764,78453
14330,Tusharbeginner,1,0.00127,56501,72.01892,78453
14331,Tux,1,0.00127,56502,72.02019,78453
14332,tuxdevnow,1,0.00127,56503,72.02147,78453
14333,tverlaan,1,0.00127,56504,72.02274,78453
14334,twiga2013,1,0.00127,56505,72.02401,78453
14335,TwistedHardware,1,0.00127,56506,72.02529,78453
14336,Twistedredhead,1,0.00127,56507,72.02656,78453
14337,twkim,1,0.00127,56508,72.02784,78453
14338,two10,1,0.00127,56509,72.02911,78453
14339,TXP-AlbertPucciani,1,0.00127,56510,72.03039,78453
14340,tyki6,1,0.00127,56511,72.03166,78453
14341,tylerforaie,1,0.00127,56512,72.03294,78453
14342,TylerHaigh,1,0.00127,56513,72.03421,78453
14343,typeness,1,0.00127,56514,72.03549,78453
14344,tyteen4a03,1,0.00127,56515,72.03676,78453
14345,tznamena,1,0.00127,56516,72.03804,78453
14346,tzulin-chin,1,0.00127,56517,72.03931,78453
14347,Uanid,1,0.00127,56518,72.04058,78453
14348,uchiha-itachi95,1,0.00127,56519,72.04186,78453
14349,UchihaVeha,1,0.00127,56520,72.04313,78453
14350,ucn69,1,0.00127,56521,72.04441,78453
14351,udayalwala,1,0.00127,56522,72.04568,78453
14352,Udik2021,1,0.00127,56523,72.04696,78453
14353,udupicloud,1,0.00127,56524,72.04823,78453
14354,ugho49,1,0.00127,56525,72.04951,78453
14355,ugurcemozturk,1,0.00127,56526,72.05078,78453
14356,uilcxr,1,0.00127,56527,72.05206,78453
14357,Ulicong,1,0.00127,56528,72.05333,78453
14358,ulisse31,1,0.00127,56529,72.05461,78453
14359,um3ggh1u,1,0.00127,56530,72.05588,78453
14360,umatare5,1,0.00127,56531,72.05716,78453
14361,umeshthakre,1,0.00127,56532,72.05843,78453
14362,umutesen,1,0.00127,56533,72.05970,78453
14363,Unb0rn,1,0.00127,56534,72.06098,78453
14364,unitedtimur,1,0.00127,56535,72.06225,78453
14365,unknownzone96,1,0.00127,56536,72.06353,78453
14366,unoexperto,1,0.00127,56537,72.06480,78453
14367,UnP1u9,1,0.00127,56538,72.06608,78453
14368,untsakas,1,0.00127,56539,72.06735,78453
14369,uoxiu,1,0.00127,56540,72.06863,78453
14370,uroshcheh,1,0.00127,56541,72.06990,78453
14371,urstrulypriyank,1,0.00127,56542,72.07118,78453
14372,usernamehw,1,0.00127,56543,72.07245,78453
14373,usriramadas,1,0.00127,56544,72.07373,78453
14374,ustaerk,1,0.00127,56545,72.07500,78453
14375,ustuehler-brands4friends,1,0.00127,56546,72.07627,78453
14376,utkarsh-devops,1,0.00127,56547,72.07755,78453
14377,uzo11,1,0.00127,56548,72.07882,78453
14378,v4nRutt3n,1,0.00127,56549,72.08010,78453
14379,Vaayne,1,0.00127,56550,72.08137,78453
14380,VadeveSi,1,0.00127,56551,72.08265,78453
14381,vagkaefer,1,0.00127,56552,72.08392,78453
14382,vaibsharma,1,0.00127,56553,72.08520,78453
14383,val06,1,0.00127,56554,72.08647,78453
14384,valentinsavenko,1,0.00127,56555,72.08775,78453
14385,valentinschabschneideratdw,1,0.00127,56556,72.08902,78453
14386,valentin-stefan-popa,1,0.00127,56557,72.09030,78453
14387,valiaga,1,0.00127,56558,72.09157,78453
14388,vallamost,1,0.00127,56559,72.09285,78453
14389,valodzka,1,0.00127,56560,72.09412,78453
14390,VanessaKom,1,0.00127,56561,72.09539,78453
14391,Vanguard666,1,0.00127,56562,72.09667,78453
14392,vanko1987,1,0.00127,56563,72.09794,78453
14393,vanlongme,1,0.00127,56564,72.09922,78453
14394,vanlueckn,1,0.00127,56565,72.10049,78453
14395,vanpelt,1,0.00127,56566,72.10177,78453
14396,vanthoainguyen,1,0.00127,56567,72.10304,78453
14397,VanyoMihaylov,1,0.00127,56568,72.10432,78453
14398,Varagos,1,0.00127,56569,72.10559,78453
14399,Varindaa,1,0.00127,56570,72.10687,78453
14400,varnastadeus,1,0.00127,56571,72.10814,78453
14401,varunsatokar,1,0.00127,56572,72.10942,78453
14402,varunsh-xilinx,1,0.00127,56573,72.11069,78453
14403,varun-vyas,1,0.00127,56574,72.11197,78453
14404,vashisthabhinav,1,0.00127,56575,72.11324,78453
14405,vassap2022,1,0.00127,56576,72.11451,78453
14406,vasubabu,1,0.00127,56577,72.11579,78453
14407,vaxilicaihouxian,1,0.00127,56578,72.11706,78453
14408,vaxvms,1,0.00127,56579,72.11834,78453
14409,vbortnikov,1,0.00127,56580,72.11961,78453
14410,vdahiya12,1,0.00127,56581,72.12089,78453
14411,vdog,1,0.00127,56582,72.12216,78453
14412,vdsharma,1,0.00127,56583,72.12344,78453
14413,vegassor,1,0.00127,56584,72.12471,78453
14414,vellrya,1,0.00127,56585,72.12599,78453
14415,venbcbs,1,0.00127,56586,72.12726,78453
14416,venkatasari,1,0.00127,56587,72.12854,78453
14417,venkatmarella,1,0.00127,56588,72.12981,78453
14418,venknar,1,0.00127,56589,72.13108,78453
14419,verdinjoshua1982,1,0.00127,56590,72.13236,78453
14420,verdysh,1,0.00127,56591,72.13363,78453
14421,verenion,1,0.00127,56592,72.13491,78453
14422,VergeDX,1,0.00127,56593,72.13618,78453
14423,vermaxik,1,0.00127,56594,72.13746,78453
14424,veromos,1,0.00127,56595,72.13873,78453
14425,vetalslepak,1,0.00127,56596,72.14001,78453
14426,vgazzola,1,0.00127,56597,72.14128,78453
14427,vgrigoruk,1,0.00127,56598,72.14256,78453
14428,vguevara,1,0.00127,56599,72.14383,78453
14429,vgupta0309,1,0.00127,56600,72.14511,78453
14430,vhadianto,1,0.00127,56601,72.14638,78453
14431,vherzog-sauce,1,0.00127,56602,72.14766,78453
14432,vicehunter,1,0.00127,56603,72.14893,78453
14433,victordiezvera,1,0.00127,56604,72.15020,78453
14434,victor-fialkin-deltatre,1,0.00127,56605,72.15148,78453
14435,victorhnogueira,1,0.00127,56606,72.15275,78453
14436,Victor-Tseng,1,0.00127,56607,72.15403,78453
14437,victorvw,1,0.00127,56608,72.15530,78453
14438,vidhanio,1,0.00127,56609,72.15658,78453
14439,vijaydhanraj,1,0.00127,56610,72.15785,78453
14440,Vijay-git-kub,1,0.00127,56611,72.15913,78453
14441,vijaypr1,1,0.00127,56612,72.16040,78453
14442,vijaysimhajoshi,1,0.00127,56613,72.16168,78453
14443,vijaysr4,1,0.00127,56614,72.16295,78453
14444,vij-code,1,0.00127,56615,72.16423,78453
14445,vikasmalhotra08,1,0.00127,56616,72.16550,78453
14446,vikasshaw-inviz-DevOps,1,0.00127,56617,72.16678,78453
14447,Vikas-Tamboli,1,0.00127,56618,72.16805,78453
14448,vikingtoby,1,0.00127,56619,72.16932,78453
14449,viknet365,1,0.00127,56620,72.17060,78453
14450,Vikramk780,1,0.00127,56621,72.17187,78453
14451,vikramsh2002,1,0.00127,56622,72.17315,78453
14452,vikramspringml,1,0.00127,56623,72.17442,78453
14453,ViktorLindgren95,1,0.00127,56624,72.17570,78453
14454,ViktorOn,1,0.00127,56625,72.17697,78453
14455,vikulaggarwal,1,0.00127,56626,72.17825,78453
14456,villevaltonen,1,0.00127,56627,72.17952,78453
14457,vimalkumar2,1,0.00127,56628,72.18080,78453
14458,vimallinuxworld13,1,0.00127,56629,72.18207,78453
14459,vimento,1,0.00127,56630,72.18335,78453
14460,vin4git,1,0.00127,56631,72.18462,78453
14461,vinal26,1,0.00127,56632,72.18589,78453
14462,vinay01tech,1,0.00127,56633,72.18717,78453
14463,vincenlee,1,0.00127,56634,72.18844,78453
14464,vincentbesanceney,1,0.00127,56635,72.18972,78453
14465,vindard,1,0.00127,56636,72.19099,78453
14466,vinkp,1,0.00127,56637,72.19227,78453
14467,vinodjujaray,1,0.00127,56638,72.19354,78453
14468,VinodReddyE,1,0.00127,56639,72.19482,78453
14469,vinok88,1,0.00127,56640,72.19609,78453
14470,vinzol,1,0.00127,56641,72.19737,78453
14471,viperx77,1,0.00127,56642,72.19864,78453
14472,viploveb,1,0.00127,56643,72.19992,78453
14473,vipuljain24,1,0.00127,56644,72.20119,78453
14474,Vireche,1,0.00127,56645,72.20247,78453
14475,virgil9306,1,0.00127,56646,72.20374,78453
14476,virullius,1,0.00127,56647,72.20501,78453
14477,vishal563,1,0.00127,56648,72.20629,78453
14478,vishalanarase,1,0.00127,56649,72.20756,78453
14479,vishalj82,1,0.00127,56650,72.20884,78453
14480,vishalsharmaeic,1,0.00127,56651,72.21011,78453
14481,Vishwajeetdeulkar,1,0.00127,56652,72.21139,78453
14482,visla-xugeng,1,0.00127,56653,72.21266,78453
14483,viswatejan,1,0.00127,56654,72.21394,78453
14484,VitaliZhur,1,0.00127,56655,72.21521,78453
14485,VitalyArt,1,0.00127,56656,72.21649,78453
14486,vitoorgomes,1,0.00127,56657,72.21776,78453
14487,vitorenesduarte,1,0.00127,56658,72.21904,78453
14488,vitorgil,1,0.00127,56659,72.22031,78453
14489,Vivekdjango,1,0.00127,56660,72.22158,78453
14490,vivek-infracloud,1,0.00127,56661,72.22286,78453
14491,viveklanjekar,1,0.00127,56662,72.22413,78453
14492,vivekr-splunk,1,0.00127,56663,72.22541,78453
14493,vividn,1,0.00127,56664,72.22668,78453
14494,vivientouvier,1,0.00127,56665,72.22796,78453
14495,ViviLearns2Code,1,0.00127,56666,72.22923,78453
14496,VJickriya,1,0.00127,56667,72.23051,78453
14497,vkamalan,1,0.00127,56668,72.23178,78453
14498,vkodalibp,1,0.00127,56669,72.23306,78453
14499,vl4d1m1rz,1,0.00127,56670,72.23433,78453
14500,vladgorbachev,1,0.00127,56671,72.23561,78453
14501,VladimirKorzh,1,0.00127,56672,72.23688,78453
14502,VladimirTitov4,1,0.00127,56673,72.23816,78453
14503,vlad-ivanov-name,1,0.00127,56674,72.23943,78453
14504,vlads123,1,0.00127,56675,72.24070,78453
14505,vlinux,1,0.00127,56676,72.24198,78453
14506,vliska,1,0.00127,56677,72.24325,78453
14507,vlucky254,1,0.00127,56678,72.24453,78453
14508,vm250320,1,0.00127,56679,72.24580,78453
14509,vmandic,1,0.00127,56680,72.24708,78453
14510,vmathpal,1,0.00127,56681,72.24835,78453
14511,vmwcberndt,1,0.00127,56682,72.24963,78453
14512,vnaikwad-conga,1,0.00127,56683,72.25090,78453
14513,vndark,1,0.00127,56684,72.25218,78453
14514,vnesbee,1,0.00127,56685,72.25345,78453
14515,Vodkav,1,0.00127,56686,72.25473,78453
14516,vogre,1,0.00127,56687,72.25600,78453
14517,vojtarylko,1,0.00127,56688,72.25728,78453
14518,vojtechmares,1,0.00127,56689,72.25855,78453
14519,vojtechvelkjop,1,0.00127,56690,72.25982,78453
14520,volehuy1998,1,0.00127,56691,72.26110,78453
14521,volkert-fastned,1,0.00127,56692,72.26237,78453
14522,volo-droid,1,0.00127,56693,72.26365,78453
14523,Vorotyntsev,1,0.00127,56694,72.26492,78453
14524,vovasoft,1,0.00127,56695,72.26620,78453
14525,vpease,1,0.00127,56696,72.26747,78453
14526,vPinballas,1,0.00127,56697,72.26875,78453
14527,vprasanth,1,0.00127,56698,72.27002,78453
14528,vr,1,0.00127,56699,72.27130,78453
14529,vreamer,1,0.00127,56700,72.27257,78453
14530,VRECO,1,0.00127,56701,72.27385,78453
14531,Vreddy-gasbuddy,1,0.00127,56702,72.27512,78453
14532,vrodriguezcl,1,0.00127,56703,72.27639,78453
14533,vrvs,1,0.00127,56704,72.27767,78453
14534,vschettino-asimov,1,0.00127,56705,72.27894,78453
14535,VsevolodSauta,1,0.00127,56706,72.28022,78453
14536,vshinde727,1,0.00127,56707,72.28149,78453
14537,vskubriev,1,0.00127,56708,72.28277,78453
14538,vsushche,1,0.00127,56709,72.28404,78453
14539,vthakuri,1,0.00127,56710,72.28532,78453
14540,vuna261,1,0.00127,56711,72.28659,78453
14541,vvatlin,1,0.00127,56712,72.28787,78453
14542,vvavad,1,0.00127,56713,72.28914,78453
14543,vwatinteg,1,0.00127,56714,72.29042,78453
14544,vweckerle,1,0.00127,56715,72.29169,78453
14545,vyanhursky,1,0.00127,56716,72.29297,78453
14546,w4-jaesup,1,0.00127,56717,72.29424,78453
14547,wabouhamad,1,0.00127,56718,72.29551,78453
14548,wadason,1,0.00127,56719,72.29679,78453
14549,wagfeliz,1,0.00127,56720,72.29806,78453
14550,wagnersantana,1,0.00127,56721,72.29934,78453
14551,wajda,1,0.00127,56722,72.30061,78453
14552,walidmourou,1,0.00127,56723,72.30189,78453
14553,walirt,1,0.00127,56724,72.30316,78453
14554,wallishuang,1,0.00127,56725,72.30444,78453
14555,walter-heestermans-toyota,1,0.00127,56726,72.30571,78453
14556,WalterKhumalo,1,0.00127,56727,72.30699,78453
14557,WaltSection,1,0.00127,56728,72.30826,78453
14558,wanfranck,1,0.00127,56729,72.30954,78453
14559,wangcc7,1,0.00127,56730,72.31081,78453
14560,WangChao0326,1,0.00127,56731,72.31208,78453
14561,wangfan0524,1,0.00127,56732,72.31336,78453
14562,wanggithub08,1,0.00127,56733,72.31463,78453
14563,wangjun1974,1,0.00127,56734,72.31591,78453
14564,WangJunYao-yy,1,0.00127,56735,72.31718,78453
14565,wangqifox,1,0.00127,56736,72.31846,78453
14566,WangQing-WUT,1,0.00127,56737,72.31973,78453
14567,wangqymro,1,0.00127,56738,72.32101,78453
14568,wangsheng1986,1,0.00127,56739,72.32228,78453
14569,wangsijia1985,1,0.00127,56740,72.32356,78453
14570,wangwalton,1,0.00127,56741,72.32483,78453
14571,wang-wayne,1,0.00127,56742,72.32611,78453
14572,wangwei538,1,0.00127,56743,72.32738,78453
14573,wangxiaoxuan273,1,0.00127,56744,72.32866,78453
14574,wangxn2015,1,0.00127,56745,72.32993,78453
14575,wangyanyan66,1,0.00127,56746,72.33120,78453
14576,wangyi198682,1,0.00127,56747,72.33248,78453
14577,wangyu3619,1,0.00127,56748,72.33375,78453
14578,WangYuqiao-JOJO,1,0.00127,56749,72.33503,78453
14579,WangZ0635,1,0.00127,56750,72.33630,78453
14580,wangzhen-fit2cloud,1,0.00127,56751,72.33758,78453
14581,Wang-Zhijian,1,0.00127,56752,72.33885,78453
14582,wangzihao05,1,0.00127,56753,72.34013,78453
14583,wanieldilson,1,0.00127,56754,72.34140,78453
14584,wansir,1,0.00127,56755,72.34268,78453
14585,wanyuetian,1,0.00127,56756,72.34395,78453
14586,Warfront1,1,0.00127,56757,72.34523,78453
14587,WarriorOfWire,1,0.00127,56758,72.34650,78453
14588,wasabii,1,0.00127,56759,72.34778,78453
14589,wasadigi,1,0.00127,56760,72.34905,78453
14590,waxxmaster,1,0.00127,56761,72.35032,78453
14591,waylonm,1,0.00127,56762,72.35160,78453
14592,waza-ari,1,0.00127,56763,72.35287,78453
14593,Wazbat,1,0.00127,56764,72.35415,78453
14594,wbzdssm,1,0.00127,56765,72.35542,78453
14595,wcmitchell,1,0.00127,56766,72.35670,78453
14596,wdhanhuan,1,0.00127,56767,72.35797,78453
14597,wdxxl,1,0.00127,56768,72.35925,78453
14598,webadmininc,1,0.00127,56769,72.36052,78453
14599,webartistse,1,0.00127,56770,72.36180,78453
14600,WebbingXu,1,0.00127,56771,72.36307,78453
14601,webdog,1,0.00127,56772,72.36435,78453
14602,webermax,1,0.00127,56773,72.36562,78453
14603,webturtles18,1,0.00127,56774,72.36689,78453
14604,weekmo,1,0.00127,56775,72.36817,78453
14605,weequan93,1,0.00127,56776,72.36944,78453
14606,weichensun,1,0.00127,56777,72.37072,78453
14607,WeiXiao-Hyy,1,0.00127,56778,72.37199,78453
14608,weixing-dev,1,0.00127,56779,72.37327,78453
14609,wellshs,1,0.00127,56780,72.37454,78453
14610,welshm,1,0.00127,56781,72.37582,78453
14611,welshstew,1,0.00127,56782,72.37709,78453
14612,wenpincui,1,0.00127,56783,72.37837,78453
14613,wensenz,1,0.00127,56784,72.37964,78453
14614,wenslauw,1,0.00127,56785,72.38092,78453
14615,wenyurush,1,0.00127,56786,72.38219,78453
14616,wer8956741,1,0.00127,56787,72.38347,78453
14617,Werkuchere,1,0.00127,56788,72.38474,78453
14618,wesleydutrads,1,0.00127,56789,72.38601,78453
14619,WesleyFreitas472,1,0.00127,56790,72.38729,78453
14620,westandy,1,0.00127,56791,72.38856,78453
14621,weyrick,1,0.00127,56792,72.38984,78453
14622,wfchandler,1,0.00127,56793,72.39111,78453
14623,wfrsilva,1,0.00127,56794,72.39239,78453
14624,wgehring,1,0.00127,56795,72.39366,78453
14625,wgkingk,1,0.00127,56796,72.39494,78453
14626,wh-afra,1,0.00127,56797,72.39621,78453
14627,whatvn,1,0.00127,56798,72.39749,78453
14628,whisp1986,1,0.00127,56799,72.39876,78453
14629,whjr-devops,1,0.00127,56800,72.40004,78453
14630,Wiguwbe,1,0.00127,56801,72.40131,78453
14631,wikilele,1,0.00127,56802,72.40258,78453
14632,Wilderone,1,0.00127,56803,72.40386,78453
14633,willallves,1,0.00127,56804,72.40513,78453
14634,will-beep-lamm,1,0.00127,56805,72.40641,78453
14635,willersonsp,1,0.00127,56806,72.40768,78453
14636,willhughes-au,1,0.00127,56807,72.40896,78453
14637,William-Francis,1,0.00127,56808,72.41023,78453
14638,williamhargrove,1,0.00127,56809,72.41151,78453
14639,WilliamsDL,1,0.00127,56810,72.41278,78453
14640,williamsmt,1,0.00127,56811,72.41406,78453
14641,williamwang97,1,0.00127,56812,72.41533,78453
14642,willjp,1,0.00127,56813,72.41661,78453
14643,willplatnick-okta,1,0.00127,56814,72.41788,78453
14644,will-wang-jx,1,0.00127,56815,72.41916,78453
14645,wilsondonizetti,1,0.00127,56816,72.42043,78453
14646,wilstdu,1,0.00127,56817,72.42170,78453
14647,wiltonsr,1,0.00127,56818,72.42298,78453
14648,windmaple,1,0.00127,56819,72.42425,78453
14649,windmeup,1,0.00127,56820,72.42553,78453
14650,windware-ono,1,0.00127,56821,72.42680,78453
14651,wingzzzz,1,0.00127,56822,72.42808,78453
14652,winsyuan,1,0.00127,56823,72.42935,78453
14653,winterhalder,1,0.00127,56824,72.43063,78453
14654,wips,1,0.00127,56825,72.43190,78453
14655,wisch628,1,0.00127,56826,72.43318,78453
14656,wise0wl,1,0.00127,56827,72.43445,78453
14657,wishamj,1,0.00127,56828,72.43573,78453
14658,wissnia,1,0.00127,56829,72.43700,78453
14659,W-IT-is,1,0.00127,56830,72.43828,78453
14660,wittenjing,1,0.00127,56831,72.43955,78453
14661,wizard2318,1,0.00127,56832,72.44082,78453
14662,wkhere,1,0.00127,56833,72.44210,78453
14663,wkicior,1,0.00127,56834,72.44337,78453
14664,wkline-kr,1,0.00127,56835,72.44465,78453
14665,wkrause13,1,0.00127,56836,72.44592,78453
14666,wmf508,1,0.00127,56837,72.44720,78453
14667,wmhopkins,1,0.00127,56838,72.44847,78453
14668,wmiller848,1,0.00127,56839,72.44975,78453
14669,wobo-ryan,1,0.00127,56840,72.45102,78453
14670,wodlxosxos,1,0.00127,56841,72.45230,78453
14671,Woidla27,1,0.00127,56842,72.45357,78453
14672,wolegeyun,1,0.00127,56843,72.45485,78453
14673,wolfganghuse,1,0.00127,56844,72.45612,78453
14674,wolfman42,1,0.00127,56845,72.45739,78453
14675,wonderfuwillard,1,0.00127,56846,72.45867,78453
14676,wondywang,1,0.00127,56847,72.45994,78453
14677,wonsuc,1,0.00127,56848,72.46122,78453
14678,wpzt116199,1,0.00127,56849,72.46249,78453
14679,wrigby,1,0.00127,56850,72.46377,78453
14680,wright-1,1,0.00127,56851,72.46504,78453
14681,writeClearly,1,0.00127,56852,72.46632,78453
14682,wrsrap,1,0.00127,56853,72.46759,78453
14683,wskibum,1,0.00127,56854,72.46887,78453
14684,wtait1-ff,1,0.00127,56855,72.47014,78453
14685,wti806,1,0.00127,56856,72.47142,78453
14686,wubx,1,0.00127,56857,72.47269,78453
14687,wuleistarrocks,1,0.00127,56858,72.47397,78453
14688,wulianhuo,1,0.00127,56859,72.47524,78453
14689,wuyingjunRepo,1,0.00127,56860,72.47651,78453
14690,wuyueandrew,1,0.00127,56861,72.47779,78453
14691,wvboy31216,1,0.00127,56862,72.47906,78453
14692,wvh,1,0.00127,56863,72.48034,78453
14693,wwang71119,1,0.00127,56864,72.48161,78453
14694,wwbweibo,1,0.00127,56865,72.48289,78453
14695,wwc13485375003,1,0.00127,56866,72.48416,78453
14696,wwdz,1,0.00127,56867,72.48544,78453
14697,wwillfred,1,0.00127,56868,72.48671,78453
14698,wwwlll2001,1,0.00127,56869,72.48799,78453
14699,wwwpf,1,0.00127,56870,72.48926,78453
14700,wwz0504,1,0.00127,56871,72.49054,78453
14701,wxbloom,1,0.00127,56872,72.49181,78453
14702,Wx-sy,1,0.00127,56873,72.49309,78453
14703,wyangsun,1,0.00127,56874,72.49436,78453
14704,wyepez,1,0.00127,56875,72.49563,78453
14705,wyhysj,1,0.00127,56876,72.49691,78453
14706,wyrobnik,1,0.00127,56877,72.49818,78453
14707,wyuenho,1,0.00127,56878,72.49946,78453
14708,wzh886818,1,0.00127,56879,72.50073,78453
14709,wzyjerry,1,0.00127,56880,72.50201,78453
14710,x33333xc,1,0.00127,56881,72.50328,78453
14711,Xaero12,1,0.00127,56882,72.50456,78453
14712,Xairoo,1,0.00127,56883,72.50583,78453
14713,xakepp35,1,0.00127,56884,72.50711,78453
14714,Xantios,1,0.00127,56885,72.50838,78453
14715,Xavius1,1,0.00127,56886,72.50966,78453
14716,xbx,1,0.00127,56887,72.51093,78453
14717,XBYAbner,1,0.00127,56888,72.51220,78453
14718,xcbeyond,1,0.00127,56889,72.51348,78453
14719,xcloudx87,1,0.00127,56890,72.51475,78453
14720,xcorail,1,0.00127,56891,72.51603,78453
14721,xdorro,1,0.00127,56892,72.51730,78453
14722,xente,1,0.00127,56893,72.51858,78453
14723,xeonic-ant,1,0.00127,56894,72.51985,78453
14724,xeres,1,0.00127,56895,72.52113,78453
14725,Xernosch,1,0.00127,56896,72.52240,78453
14726,xesco,1,0.00127,56897,72.52368,78453
14727,xfu83,1,0.00127,56898,72.52495,78453
14728,xi2424-npanjwani,1,0.00127,56899,72.52623,78453
14729,XI3423-aarora,1,0.00127,56900,72.52750,78453
14730,xiangyu-zhang-95,1,0.00127,56901,72.52878,78453
14731,xianzheTM,1,0.00127,56902,72.53005,78453
14732,xiaob666,1,0.00127,56903,72.53132,78453
14733,XiaoBoya,1,0.00127,56904,72.53260,78453
14734,XiaoDouGeGe,1,0.00127,56905,72.53387,78453
14735,xiaofxf,1,0.00127,56906,72.53515,78453
14736,xiaojueguan,1,0.00127,56907,72.53642,78453
14737,xiaolan-hao-tang,1,0.00127,56908,72.53770,78453
14738,xiaolong2013,1,0.00127,56909,72.53897,78453
14739,xiaoluxl,1,0.00127,56910,72.54025,78453
14740,xiaomudk,1,0.00127,56911,72.54152,78453
14741,xiewendan,1,0.00127,56912,72.54280,78453
14742,XieWenlan,1,0.00127,56913,72.54407,78453
14743,xinfa1024,1,0.00127,56914,72.54535,78453
14744,xingshangyu,1,0.00127,56915,72.54662,78453
14745,xinluleo,1,0.00127,56916,72.54789,78453
14746,xinmans,1,0.00127,56917,72.54917,78453
14747,xiong199307,1,0.00127,56918,72.55044,78453
14748,xionglihdfs,1,0.00127,56919,72.55172,78453
14749,xiwu,1,0.00127,56920,72.55299,78453
14750,xjzyy,1,0.00127,56921,72.55427,78453
14751,xka5h,1,0.00127,56922,72.55554,78453
14752,xla145,1,0.00127,56923,72.55682,78453
14753,xlw712,1,0.00127,56924,72.55809,78453
14754,X-March,1,0.00127,56925,72.55937,78453
14755,xmarcoied,1,0.00127,56926,72.56064,78453
14756,XMTT,1,0.00127,56927,72.56192,78453
14757,xnorpx,1,0.00127,56928,72.56319,78453
14758,xnp2020,1,0.00127,56929,72.56447,78453
14759,xoofx,1,0.00127,56930,72.56574,78453
14760,xpl0ited1,1,0.00127,56931,72.56701,78453
14761,xpofei,1,0.00127,56932,72.56829,78453
14762,xpzouying,1,0.00127,56933,72.56956,78453
14763,xrisaD,1,0.00127,56934,72.57084,78453
14764,xshyamx,1,0.00127,56935,72.57211,78453
14765,xshyve,1,0.00127,56936,72.57339,78453
14766,xturtle,1,0.00127,56937,72.57466,78453
14767,xuchaoi,1,0.00127,56938,72.57594,78453
14768,XuehaiPan,1,0.00127,56939,72.57721,78453
14769,xuerong-wang,1,0.00127,56940,72.57849,78453
14770,xuesongbj,1,0.00127,56941,72.57976,78453
14771,xuqiaobo,1,0.00127,56942,72.58104,78453
14772,xurizaemon,1,0.00127,56943,72.58231,78453
14773,Xutangzhi,1,0.00127,56944,72.58359,78453
14774,xuwenjj,1,0.00127,56945,72.58486,78453
14775,xuz10,1,0.00127,56946,72.58613,78453
14776,xwjahahahaha,1,0.00127,56947,72.58741,78453
14777,xxated,1,0.00127,56948,72.58868,78453
14778,xxkap0wxx,1,0.00127,56949,72.58996,78453
14779,xxl4tomxu98,1,0.00127,56950,72.59123,78453
14780,xxnickles,1,0.00127,56951,72.59251,78453
14781,xxTr00p3rxx,1,0.00127,56952,72.59378,78453
14782,xySandra,1,0.00127,56953,72.59506,78453
14783,yairsimantov20,1,0.00127,56954,72.59633,78453
14784,yamashita-akino,1,0.00127,56955,72.59761,78453
14785,yamatcha,1,0.00127,56956,72.59888,78453
14786,Yambottle,1,0.00127,56957,72.60016,78453
14787,YangLiang2004,1,0.00127,56958,72.60143,78453
14788,yangxggo,1,0.00127,56959,72.60270,78453
14789,yangxiuchengv5,1,0.00127,56960,72.60398,78453
14790,yangzan0816,1,0.00127,56961,72.60525,78453
14791,yanqingjin,1,0.00127,56962,72.60653,78453
14792,Yanshaoshuai,1,0.00127,56963,72.60780,78453
14793,yaofly2019,1,0.00127,56964,72.60908,78453
14794,yaoyinnan,1,0.00127,56965,72.61035,78453
14795,YarivHastilow,1,0.00127,56966,72.61163,78453
14796,yaronel,1,0.00127,56967,72.61290,78453
14797,yaronmat,1,0.00127,56968,72.61418,78453
14798,yaroslav-serhiichuk,1,0.00127,56969,72.61545,78453
14799,yashar-ansary,1,0.00127,56970,72.61673,78453
14800,yasharma,1,0.00127,56971,72.61800,78453
14801,YashAryanTheCoder,1,0.00127,56972,72.61928,78453
14802,YashMaheshwari1,1,0.00127,56973,72.62055,78453
14803,yashpotu,1,0.00127,56974,72.62182,78453
14804,yashwanth-mannem,1,0.00127,56975,72.62310,78453
14805,yasir-ss,1,0.00127,56976,72.62437,78453
14806,yas-tchristie,1,0.00127,56977,72.62565,78453
14807,yauri-io,1,0.00127,56978,72.62692,78453
14808,yayatib,1,0.00127,56979,72.62820,78453
14809,ybbiubiubiu,1,0.00127,56980,72.62947,78453
14810,ycaihua,1,0.00127,56981,72.63075,78453
14811,yccharles,1,0.00127,56982,72.63202,78453
14812,YChen-1998,1,0.00127,56983,72.63330,78453
14813,ycyr,1,0.00127,56984,72.63457,78453
14814,yecine06,1,0.00127,56985,72.63585,78453
14815,yedajiang44,1,0.00127,56986,72.63712,78453
14816,yedf2,1,0.00127,56987,72.63839,78453
14817,yehaotian,1,0.00127,56988,72.63967,78453
14818,yehecarry,1,0.00127,56989,72.64094,78453
14819,yemerezhko,1,0.00127,56990,72.64222,78453
14820,yemkay,1,0.00127,56991,72.64349,78453
14821,yeranosyanvahan,1,0.00127,56992,72.64477,78453
14822,Yerdaan,1,0.00127,56993,72.64604,78453
14823,yeskay16,1,0.00127,56994,72.64732,78453
14824,yffok,1,0.00127,56995,72.64859,78453
14825,ygm521,1,0.00127,56996,72.64987,78453
14826,ygouzerh,1,0.00127,56997,72.65114,78453
14827,yifan-gu-anchorage,1,0.00127,56998,72.65242,78453
14828,yiippee,1,0.00127,56999,72.65369,78453
14829,yileng146,1,0.00127,57000,72.65497,78453
14830,yimingtech,1,0.00127,57001,72.65624,78453
14831,YingjingLu,1,0.00127,57002,72.65751,78453
14832,yinyicao,1,0.00127,57003,72.65879,78453
14833,yiqi19940531,1,0.00127,57004,72.66006,78453
14834,yiya1989,1,0.00127,57005,72.66134,78453
14835,yjbdsky,1,0.00127,57006,72.66261,78453
14836,yjgbg,1,0.00127,57007,72.66389,78453
14837,ykostsik,1,0.00127,57008,72.66516,78453
14838,Y-k-Y,1,0.00127,57009,72.66644,78453
14839,yll92587,1,0.00127,57010,72.66771,78453
14840,ymx0808,1,0.00127,57011,72.66899,78453
14841,ynarwal,1,0.00127,57012,72.67026,78453
14842,yndo97,1,0.00127,57013,72.67154,78453
14843,yngrdyn,1,0.00127,57014,72.67281,78453
14844,yogesh-chaudhari-77,1,0.00127,57015,72.67409,78453
14845,yonderblue,1,0.00127,57016,72.67536,78453
14846,Yongxuanzhang,1,0.00127,57017,72.67663,78453
14847,yonigibbs,1,0.00127,57018,72.67791,78453
14848,yoni-veksler-px,1,0.00127,57019,72.67918,78453
14849,yooakim,1,0.00127,57020,72.68046,78453
14850,yoricksmeets,1,0.00127,57021,72.68173,78453
14851,yorsh-cordova,1,0.00127,57022,72.68301,78453
14852,Yorwba,1,0.00127,57023,72.68428,78453
14853,yoshina9a,1,0.00127,57024,72.68556,78453
14854,youg9203,1,0.00127,57025,72.68683,78453
14855,youguanxinqing,1,0.00127,57026,72.68811,78453
14856,youngm,1,0.00127,57027,72.68938,78453
14857,youngno618,1,0.00127,57028,72.69066,78453
14858,yousefbaagil,1,0.00127,57029,72.69193,78453
14859,yousifd,1,0.00127,57030,72.69320,78453
14860,youssefbouzaine,1,0.00127,57031,72.69448,78453
14861,YoussefHmidiSesame,1,0.00127,57032,72.69575,78453
14862,youyj-tech,1,0.00127,57033,72.69703,78453
14863,yp201,1,0.00127,57034,72.69830,78453
14864,YPNico,1,0.00127,57035,72.69958,78453
14865,Ysgorg,1,0.00127,57036,72.70085,78453
14866,ysheikh245,1,0.00127,57037,72.70213,78453
14867,Y-Sisyphus,1,0.00127,57038,72.70340,78453
14868,ysong6,1,0.00127,57039,72.70468,78453
14869,ysyneu,1,0.00127,57040,72.70595,78453
14870,yt2985,1,0.00127,57041,72.70723,78453
14871,ytqiao3,1,0.00127,57042,72.70850,78453
14872,ytra,1,0.00127,57043,72.70978,78453
14873,ytzlax,1,0.00127,57044,72.71105,78453
14874,yuanxc0221,1,0.00127,57045,72.71232,78453
14875,yuchanns,1,0.00127,57046,72.71360,78453
14876,yufengjinsong,1,0.00127,57047,72.71487,78453
14877,yugandhar-btc,1,0.00127,57048,72.71615,78453
14878,yule-sun,1,0.00127,57049,72.71742,78453
14879,yulin-li,1,0.00127,57050,72.71870,78453
14880,yunuslnk,1,0.00127,57051,72.71997,78453
14881,yunzck8s,1,0.00127,57052,72.72125,78453
14882,YuriiVarvynets,1,0.00127,57053,72.72252,78453
14883,yurissouza,1,0.00127,57054,72.72380,78453
14884,yuvalavidor,1,0.00127,57055,72.72507,78453
14885,Yuval-Peled,1,0.00127,57056,72.72635,78453
14886,yuvDev-hub,1,0.00127,57057,72.72762,78453
14887,yuzx2008,1,0.00127,57058,72.72890,78453
14888,Ywbwb,1,0.00127,57059,72.73017,78453
14889,ywei2017,1,0.00127,57060,72.73144,78453
14890,ywqzzy,1,0.00127,57061,72.73272,78453
14891,yxd-ym,1,0.00127,57062,72.73399,78453
14892,yxz312,1,0.00127,57063,72.73527,78453
14893,yyhpys,1,0.00127,57064,72.73654,78453
14894,yynmsl,1,0.00127,57065,72.73782,78453
14895,yywandb,1,0.00127,57066,72.73909,78453
14896,yzha5,1,0.00127,57067,72.74037,78453
14897,zacharya19,1,0.00127,57068,72.74164,78453
14898,Zachary-Love,1,0.00127,57069,72.74292,78453
14899,zachfeld,1,0.00127,57070,72.74419,78453
14900,zakkra,1,0.00127,57071,72.74547,78453
14901,zaks,1,0.00127,57072,72.74674,78453
14902,Zamony,1,0.00127,57073,72.74801,78453
14903,zanoni23,1,0.00127,57074,72.74929,78453
14904,zappallot,1,0.00127,57075,72.75056,78453
14905,ZarakObama,1,0.00127,57076,72.75184,78453
14906,zarko-a,1,0.00127,57077,72.75311,78453
14907,zasboth,1,0.00127,57078,72.75439,78453
14908,zayomeng,1,0.00127,57079,72.75566,78453
14909,zbioe,1,0.00127,57080,72.75694,78453
14910,ZdravkoGyurov,1,0.00127,57081,72.75821,78453
14911,zdxn,1,0.00127,57082,72.75949,78453
14912,zdz1715,1,0.00127,57083,72.76076,78453
14913,ZDzhao,1,0.00127,57084,72.76204,78453
14914,zeagord,1,0.00127,57085,72.76331,78453
14915,Zedronar,1,0.00127,57086,72.76459,78453
14916,zeevogels,1,0.00127,57087,72.76586,78453
14917,Zeg0,1,0.00127,57088,72.76713,78453
14918,zekenie,1,0.00127,57089,72.76841,78453
14919,zelin-l,1,0.00127,57090,72.76968,78453
14920,zengmin-wish,1,0.00127,57091,72.77096,78453
14921,zenjia,1,0.00127,57092,72.77223,78453
14922,zenomri,1,0.00127,57093,72.77351,78453
14923,zeriyoshi,1,0.00127,57094,72.77478,78453
14924,zeropanzx,1,0.00127,57095,72.77606,78453
14925,zeroschism,1,0.00127,57096,72.77733,78453
14926,ZeroSean,1,0.00127,57097,72.77861,78453
14927,zesofest,1,0.00127,57098,72.77988,78453
14928,zessx,1,0.00127,57099,72.78116,78453
14929,zetechmoy,1,0.00127,57100,72.78243,78453
14930,zeusal,1,0.00127,57101,72.78370,78453
14931,zeusng-fast,1,0.00127,57102,72.78498,78453
14932,ZEXSM,1,0.00127,57103,72.78625,78453
14933,zgm4z,1,0.00127,57104,72.78753,78453
14934,zhaixigui,1,0.00127,57105,72.78880,78453
14935,zhajun1990,1,0.00127,57106,72.79008,78453
14936,zhang14725804,1,0.00127,57107,72.79135,78453
14937,Zhang-Aoqi,1,0.00127,57108,72.79263,78453
14938,zhangddjs,1,0.00127,57109,72.79390,78453
14939,zhangdingchu,1,0.00127,57110,72.79518,78453
14940,zhangjiabin1010,1,0.00127,57111,72.79645,78453
14941,zhangmuhua2013,1,0.00127,57112,72.79773,78453
14942,zhangrj,1,0.00127,57113,72.79900,78453
14943,ZhangShunzz,1,0.00127,57114,72.80028,78453
14944,zhangylc,1,0.00127,57115,72.80155,78453
14945,zhangylc2020,1,0.00127,57116,72.80282,78453
14946,zhanpon,1,0.00127,57117,72.80410,78453
14947,zhaohaom-aws,1,0.00127,57118,72.80537,78453
14948,zhaojkun,1,0.00127,57119,72.80665,78453
14949,zhaorendong,1,0.00127,57120,72.80792,78453
14950,zhaow-de,1,0.00127,57121,72.80920,78453
14951,zhdanov,1,0.00127,57122,72.81047,78453
14952,zhdkirill,1,0.00127,57123,72.81175,78453
14953,ZhengzheYang,1,0.00127,57124,72.81302,78453
14954,ZhenlanJi,1,0.00127,57125,72.81430,78453
14955,zhhOceanfly,1,0.00127,57126,72.81557,78453
14956,zhichenghe,1,0.00127,57127,72.81685,78453
14957,zhl49,1,0.00127,57128,72.81812,78453
14958,zhonghuali,1,0.00127,57129,72.81940,78453
14959,zhongpengqun,1,0.00127,57130,72.82067,78453
14960,zhongxiao37,1,0.00127,57131,72.82194,78453
14961,zhouyu123666,1,0.00127,57132,72.82322,78453
14962,zhu121,1,0.00127,57133,72.82449,78453
14963,zhulingbiezhi,1,0.00127,57134,72.82577,78453
14964,zhulixiang,1,0.00127,57135,72.82704,78453
14965,zhuzhiyang,1,0.00127,57136,72.82832,78453
14966,zhyluocheng,1,0.00127,57137,72.82959,78453
14967,ZidCode,1,0.00127,57138,72.83087,78453
14968,zidoshare,1,0.00127,57139,72.83214,78453
14969,Zihao-Zhou-maker,1,0.00127,57140,72.83342,78453
14970,ziitizen,1,0.00127,57141,72.83469,78453
14971,zimu312500,1,0.00127,57142,72.83597,78453
14972,zina-mev,1,0.00127,57143,72.83724,78453
14973,ZinebElMoutia,1,0.00127,57144,72.83851,78453
14974,zivaja,1,0.00127,57145,72.83979,78453
14975,zivaninstana,1,0.00127,57146,72.84106,78453
14976,Ziyauddinshah,1,0.00127,57147,72.84234,78453
14977,ziyulin0,1,0.00127,57148,72.84361,78453
14978,zjd0112,1,0.00127,57149,72.84489,78453
14979,zjeffer,1,0.00127,57150,72.84616,78453
14980,zjj1002,1,0.00127,57151,72.84744,78453
14981,Zjmainstay,1,0.00127,57152,72.84871,78453
14982,zkb-cisupport,1,0.00127,57153,72.84999,78453
14983,zkryakgul,1,0.00127,57154,72.85126,78453
14984,zlwzlwzlw,1,0.00127,57155,72.85254,78453
14985,zmack,1,0.00127,57156,72.85381,78453
14986,zmanion,1,0.00127,57157,72.85509,78453
14987,zmully,1,0.00127,57158,72.85636,78453
14988,Zmzm-Nju,1,0.00127,57159,72.85763,78453
14989,zoefkip,1,0.00127,57160,72.85891,78453
14990,zolamk,1,0.00127,57161,72.86018,78453
14991,zoltan-patchworks,1,0.00127,57162,72.86146,78453
14992,Zombie123456,1,0.00127,57163,72.86273,78453
14993,zombrie,1,0.00127,57164,72.86401,78453
14994,zondacker,1,0.00127,57165,72.86528,78453
14995,zone117x,1,0.00127,57166,72.86656,78453
14996,zoranjurcevic,1,0.00127,57167,72.86783,78453
14997,zoranzaric,1,0.00127,57168,72.86911,78453
14998,zouhirhanafi,1,0.00127,57169,72.87038,78453
14999,z-proy,1,0.00127,57170,72.87166,78453
15000,ZQHcode,1,0.00127,57171,72.87293,78453
15001,zrav,1,0.00127,57172,72.87420,78453
15002,zrc210,1,0.00127,57173,72.87548,78453
15003,zroof-credible,1,0.00127,57174,72.87675,78453
15004,zroug,1,0.00127,57175,72.87803,78453
15005,Zuber-Ahmed,1,0.00127,57176,72.87930,78453
15006,ZviMints,1,0.00127,57177,72.88058,78453
15007,zwq000,1,0.00127,57178,72.88185,78453
15008,zxl00,1,0.00127,57179,72.88313,78453
15009,zxyy-bys,1,0.00127,57180,72.88440,78453
15010,zxzmcode,1,0.00127,57181,72.88568,78453
15011,zy286938348,1,0.00127,57182,72.88695,78453
15012,z-yan,1,0.00127,57183,72.88823,78453
15013,zydemail,1,0.00127,57184,72.88950,78453
15014,zyilier,1,0.00127,57185,72.89078,78453
15015,ZynnLyr,1,0.00127,57186,72.89205,78453
15016,zyqCSL,1,0.00127,57187,72.89332,78453
15017,zyycrack,1,0.00127,57188,72.89460,78453
15018,zzbennett,1,0.00127,57189,72.89587,78453
15019,zzjcool,1,0.00127,57190,72.89715,78453
15020,zzorica,1,0.00127,57191,72.89842,78453
15021,zzx769394358,1,0.00127,57192,72.89970,78453
15022,zzzhangqi,1,0.00127,57193,72.90097,78453
15023,zzzzoy,1,0.00127,57194,72.90225,78453
