rank_number,actor,contributions,percent,cumulative_sum,cumulative_percent,all_contributions
1,knative-automation,14998,5.49474,14998,5.49474,272952
2,covbot,4331,1.58673,19329,7.08146,272952
3,omerbensaadon,1491,0.54625,20820,7.62771,272952
4,snneji,1202,0.44037,22022,8.06809,272952
5,cardil,1139,0.41729,23161,8.48537,272952
6,whaught,1059,0.38798,24220,8.87336,272952
7,travis-minke-sap,952,0.34878,25172,9.22213,272952
8,zhanggbj,585,0.21432,25757,9.43646,272952
9,dushyanthsc,525,0.19234,26282,9.62880,272952
10,zhongduo,519,0.19014,26801,9.81894,272952
11,RichardJJG,497,0.18208,27298,10.00103,272952
12,capri-xiyue,496,0.18172,27794,10.18274,272952
13,Cynocracy,482,0.17659,28276,10.35933,272952
14,itsmurugappan,482,0.17659,28758,10.53592,272952
15,satyanutella1,438,0.16047,29196,10.69639,272952
16,jmprusi,427,0.15644,29623,10.85282,272952
17,gabo1208,424,0.15534,30047,11.00816,272952
18,eric-sap,401,0.14691,30448,11.15507,272952
19,lkingland,362,0.13262,30810,11.28770,272952
20,jessiezcc,323,0.11834,31133,11.40603,272952
21,anniefu,316,0.11577,31449,11.52181,272952
22,davidor,296,0.10844,31745,11.63025,272952
23,arturenault,279,0.10222,32024,11.73247,272952
24,cppforlife,278,0.10185,32302,11.83432,272952
25,upodroid,238,0.08719,32540,11.92151,272952
26,Shashankft9,224,0.08207,32764,12.00358,272952
27,cdlliuy,218,0.07987,32982,12.08344,272952
28,grac3gao,205,0.07510,33187,12.15855,272952
29,tayarani,195,0.07144,33382,12.22999,272952
30,shinigambit,190,0.06961,33572,12.29960,272952
31,vyasgun,184,0.06741,33756,12.36701,272952
32,eclipselu,182,0.06668,33938,12.43369,272952
33,kvmware,172,0.06301,34110,12.49670,272952
34,gvmw,169,0.06192,34279,12.55862,272952
35,cr22rc,168,0.06155,34447,12.62017,272952
36,steven0711dong,167,0.06118,34614,12.68135,272952
37,richterdavid,157,0.05752,34771,12.73887,272952
38,ellenevans,147,0.05386,34918,12.79273,272952
39,lvjing2,147,0.05386,35065,12.84658,272952
40,akyyy,140,0.05129,35205,12.89787,272952
41,christophd,139,0.05092,35344,12.94880,272952
42,albertomilan,125,0.04580,35469,12.99459,272952
43,jwcesign,124,0.04543,35593,13.04002,272952
44,igsong,117,0.04286,35710,13.08289,272952
45,JCzz,109,0.03993,35819,13.12282,272952
46,joshrider,109,0.03993,35928,13.16275,272952
47,BbolroC,108,0.03957,36036,13.20232,272952
48,joaedwar,105,0.03847,36141,13.24079,272952
49,peterfeifanchen,104,0.03810,36245,13.27889,272952
50,macruzbar,102,0.03737,36347,13.31626,272952
51,AngeloDanducci,96,0.03517,36443,13.35143,272952
52,chaozbj,95,0.03480,36538,13.38624,272952
53,jihuin,94,0.03444,36632,13.42067,272952
54,tommyreddad,92,0.03371,36724,13.45438,272952
55,davyodom,91,0.03334,36815,13.48772,272952
56,jjzeng-seattle,89,0.03261,36904,13.52033,272952
57,tom24d,89,0.03261,36993,13.55293,272952
58,senthilnathan,87,0.03187,37080,13.58481,272952
59,yangyunfeng007,81,0.02968,37161,13.61448,272952
60,ericlem,77,0.02821,37238,13.64269,272952
61,ikvmw,74,0.02711,37312,13.66980,272952
62,xinydev,71,0.02601,37383,13.69581,272952
63,Justin2997,67,0.02455,37450,13.72036,272952
64,zyjiaobj,66,0.02418,37516,13.74454,272952
65,whynowy,65,0.02381,37581,13.76835,272952
66,AlexandraRoatis,60,0.02198,37641,13.79034,272952
67,jrangelramos,60,0.02198,37701,13.81232,272952
68,ericKlawitter,59,0.02162,37760,13.83393,272952
69,paulrossman,58,0.02125,37818,13.85518,272952
70,qibobo,58,0.02125,37876,13.87643,272952
71,Kaustubh-pande,56,0.02052,37932,13.89695,272952
72,garron,55,0.02015,37987,13.91710,272952
73,ZhuangYuZY,55,0.02015,38042,13.93725,272952
74,shefaliv,53,0.01942,38095,13.95667,272952
75,rusde,52,0.01905,38147,13.97572,272952
76,rafaeltello,51,0.01868,38198,13.99440,272952
77,12345lcr,49,0.01795,38247,14.01235,272952
78,kthakar1990,49,0.01795,38296,14.03031,272952
79,soham283,48,0.01759,38344,14.04789,272952
80,VIjayHP,48,0.01759,38392,14.06548,272952
81,JeffNeff,46,0.01685,38438,14.08233,272952
82,matthiasgubler,46,0.01685,38484,14.09918,272952
83,anicolao,45,0.01649,38529,14.11567,272952
84,pmbanugo,45,0.01649,38574,14.13216,272952
85,hemanrnjn,43,0.01575,38617,14.14791,272952
86,Leon-Liangming,42,0.01539,38659,14.16330,272952
87,nealhu,42,0.01539,38701,14.17868,272952
88,bharattkukreja,41,0.01502,38742,14.19370,272952
89,fatkun,41,0.01502,38783,14.20873,272952
90,raushan2016,41,0.01502,38824,14.22375,272952
91,richard2006,41,0.01502,38865,14.23877,272952
92,shreejad,40,0.01465,38905,14.25342,272952
93,ysjjovo,39,0.01429,38944,14.26771,272952
94,abbi-gaurav,38,0.01392,38982,14.28163,272952
95,eallred-google,38,0.01392,39020,14.29555,272952
96,jszroberto,38,0.01392,39058,14.30948,272952
97,MontyCarter,38,0.01392,39096,14.32340,272952
98,pivotal-joshua-rider,38,0.01392,39134,14.33732,272952
99,SwEngin,38,0.01392,39172,14.35124,272952
100,Yashks1994,38,0.01392,39210,14.36516,272952
101,Yizong98,38,0.01392,39248,14.37908,272952
102,yuxiaoba,36,0.01319,39284,14.39227,272952
103,dhruvbehl,34,0.01246,39318,14.40473,272952
104,sravankumar777,32,0.01172,39350,14.41645,272952
105,aaron-lerner,31,0.01136,39381,14.42781,272952
106,dan-j,31,0.01136,39412,14.43917,272952
107,danyinggu,31,0.01136,39443,14.45053,272952
108,satansk,31,0.01136,39474,14.46188,272952
109,izabelacg,30,0.01099,39504,14.47287,272952
110,mathspanda,30,0.01099,39534,14.48387,272952
111,josiemundi,29,0.01062,39563,14.49449,272952
112,mrmcmuffinz,29,0.01062,39592,14.50511,272952
113,mvinkler,28,0.01026,39620,14.51537,272952
114,nainaz,28,0.01026,39648,14.52563,272952
115,boaz0,27,0.00989,39675,14.53552,272952
116,NovaHe,27,0.00989,39702,14.54541,272952
117,cathyzhyi,26,0.00953,39728,14.55494,272952
118,efiturri,26,0.00953,39754,14.56447,272952
119,iamejboy,25,0.00916,39779,14.57362,272952
120,marcobebway,25,0.00916,39804,14.58278,272952
121,nimamahmoudi,25,0.00916,39829,14.59194,272952
122,RamyChaabane,24,0.00879,39853,14.60074,272952
123,igorbelianski,23,0.00843,39876,14.60916,272952
124,Miles-Ahead-Digital,23,0.00843,39899,14.61759,272952
125,msgurikar,23,0.00843,39922,14.62601,272952
126,prithviramesh,23,0.00843,39945,14.63444,272952
127,ShiningTian,23,0.00843,39968,14.64287,272952
128,ericmillin,22,0.00806,39990,14.65093,272952
129,meng-yu-github,22,0.00806,40012,14.65899,272952
130,pianohacker,22,0.00806,40034,14.66705,272952
131,zsxking,22,0.00806,40056,14.67511,272952
132,btannous,21,0.00769,40077,14.68280,272952
133,jeanabraham,21,0.00769,40098,14.69050,272952
134,jhill072,21,0.00769,40119,14.69819,272952
135,kobayashi,21,0.00769,40140,14.70588,272952
136,ntzlqx,21,0.00769,40161,14.71358,272952
137,shydefoo,21,0.00769,40182,14.72127,272952
138,arvtiwar,20,0.00733,40202,14.72860,272952
139,nailushapotnuru,20,0.00733,40222,14.73592,272952
140,nthnca,20,0.00733,40242,14.74325,272952
141,hotjunfeng,19,0.00696,40261,14.75021,272952
142,Joon-L,19,0.00696,40280,14.75717,272952
143,phamilton,19,0.00696,40299,14.76413,272952
144,spencerdillard,19,0.00696,40318,14.77110,272952
145,ssandanshi,19,0.00696,40337,14.77806,272952
146,vayyappaneni,19,0.00696,40356,14.78502,272952
147,cheimu,18,0.00659,40374,14.79161,272952
148,kkwekkeboom,18,0.00659,40392,14.79821,272952
149,amtisyAts,17,0.00623,40409,14.80443,272952
150,eletonia,17,0.00623,40426,14.81066,272952
151,f4tq,17,0.00623,40443,14.81689,272952
152,jwilner,17,0.00623,40460,14.82312,272952
153,lamw,17,0.00623,40477,14.82935,272952
154,nairb774,17,0.00623,40494,14.83558,272952
155,philippthun,17,0.00623,40511,14.84180,272952
156,wslyln,17,0.00623,40528,14.84803,272952
157,xphoniex,17,0.00623,40545,14.85426,272952
158,drpmma,16,0.00586,40561,14.86012,272952
159,jinxin-fu,16,0.00586,40577,14.86598,272952
160,kwyn,16,0.00586,40593,14.87185,272952
161,moadi,16,0.00586,40609,14.87771,272952
162,modassarrana,16,0.00586,40625,14.88357,272952
163,ssmall,16,0.00586,40641,14.88943,272952
164,VeerMuchandi,16,0.00586,40657,14.89529,272952
165,Alfusainey,15,0.00550,40672,14.90079,272952
166,DavidSpek,15,0.00550,40687,14.90628,272952
167,fhuzero,15,0.00550,40702,14.91178,272952
168,lesv,15,0.00550,40717,14.91727,272952
169,pratham-m,15,0.00550,40732,14.92277,272952
170,ratamovic,15,0.00550,40747,14.92827,272952
171,7adietri,14,0.00513,40761,14.93339,272952
172,ch0312,14,0.00513,40775,14.93852,272952
173,LangQian,14,0.00513,40789,14.94365,272952
174,mbehrendt,14,0.00513,40803,14.94878,272952
175,MPeyrard86,14,0.00513,40817,14.95391,272952
176,Murphylu1993,14,0.00513,40831,14.95904,272952
177,patelrutva,14,0.00513,40845,14.96417,272952
178,soaand01,14,0.00513,40859,14.96930,272952
179,softputer,14,0.00513,40873,14.97443,272952
180,soldair,14,0.00513,40887,14.97956,272952
181,Abirdcfly,13,0.00476,40900,14.98432,272952
182,chasewalden,13,0.00476,40913,14.98908,272952
183,code128,13,0.00476,40926,14.99385,272952
184,decewei,13,0.00476,40939,14.99861,272952
185,Iamlovingit,13,0.00476,40952,15.00337,272952
186,Niflhem,13,0.00476,40965,15.00813,272952
187,sheetalsingala,13,0.00476,40978,15.01290,272952
188,ufou,13,0.00476,40991,15.01766,272952
189,zargarpur,13,0.00476,41004,15.02242,272952
190,zhi-gang-sun,13,0.00476,41017,15.02718,272952
191,ammarn911,12,0.00440,41029,15.03158,272952
192,bvboca,12,0.00440,41041,15.03598,272952
193,grzesiek,12,0.00440,41053,15.04037,272952
194,makandre,12,0.00440,41065,15.04477,272952
195,markwinter,12,0.00440,41077,15.04917,272952
196,mattwelke,12,0.00440,41089,15.05356,272952
197,mjaow,12,0.00440,41101,15.05796,272952
198,norbjd,12,0.00440,41113,15.06236,272952
199,OmarMorales71,12,0.00440,41125,15.06675,272952
200,QuickWorkDeveloper,12,0.00440,41137,15.07115,272952
201,r-kotagudem,12,0.00440,41149,15.07554,272952
202,rprakashg,12,0.00440,41161,15.07994,272952
203,snowwolf007cn,12,0.00440,41173,15.08434,272952
204,Violet-Guo,12,0.00440,41185,15.08873,272952
205,vmexalien,12,0.00440,41197,15.09313,272952
206,andyyin,11,0.00403,41208,15.09716,272952
207,bpinske,11,0.00403,41219,15.10119,272952
208,BrianMMcClain,11,0.00403,41230,15.10522,272952
209,carusology,11,0.00403,41241,15.10925,272952
210,cheskayang,11,0.00403,41252,15.11328,272952
211,ciaranRoche,11,0.00403,41263,15.11731,272952
212,dahateb,11,0.00403,41274,15.12134,272952
213,jakoberpf,11,0.00403,41285,15.12537,272952
214,juliafriedman8,11,0.00403,41296,15.12940,272952
215,mukobi,11,0.00403,41307,15.13343,272952
216,philschmid,11,0.00403,41318,15.13746,272952
217,Phlak106,11,0.00403,41329,15.14149,272952
218,piomin,11,0.00403,41340,15.14552,272952
219,SeibertronSS,11,0.00403,41351,15.14955,272952
220,welkie,11,0.00403,41362,15.15358,272952
221,dicolasi,10,0.00366,41372,15.15724,272952
222,guimou,10,0.00366,41382,15.16091,272952
223,haydenyanghy,10,0.00366,41392,15.16457,272952
224,hzliangbin,10,0.00366,41402,15.16823,272952
225,moeyui1,10,0.00366,41412,15.17190,272952
226,Myrat92,10,0.00366,41422,15.17556,272952
227,obailiumingo,10,0.00366,41432,15.17923,272952
228,padlar,10,0.00366,41442,15.18289,272952
229,PicardParis,10,0.00366,41452,15.18655,272952
230,pradithya,10,0.00366,41462,15.19022,272952
231,priyshar01,10,0.00366,41472,15.19388,272952
232,Taction,10,0.00366,41482,15.19754,272952
233,viktorbenei,10,0.00366,41492,15.20121,272952
234,wlliqipeng,10,0.00366,41502,15.20487,272952
235,zhyuri,10,0.00366,41512,15.20853,272952
236,aijamalnk,9,0.00330,41521,15.21183,272952
237,boramalper,9,0.00330,41530,15.21513,272952
238,bskaplan,9,0.00330,41539,15.21843,272952
239,chunlongliang-ibm,9,0.00330,41548,15.22172,272952
240,des-esseintes,9,0.00330,41557,15.22502,272952
241,dtsioumas,9,0.00330,41566,15.22832,272952
242,hbelmiro,9,0.00330,41575,15.23162,272952
243,JackSilk,9,0.00330,41584,15.23491,272952
244,jewscojacquez,9,0.00330,41593,15.23821,272952
245,jimoosciuc,9,0.00330,41602,15.24151,272952
246,joke,9,0.00330,41611,15.24480,272952
247,josueetcom,9,0.00330,41620,15.24810,272952
248,jpower432,9,0.00330,41629,15.25140,272952
249,juliaguo,9,0.00330,41638,15.25470,272952
250,junawaneshivani,9,0.00330,41647,15.25799,272952
251,kristianmandrup,9,0.00330,41656,15.26129,272952
252,kun-song,9,0.00330,41665,15.26459,272952
253,maxiloEmmmm,9,0.00330,41674,15.26789,272952
254,necatican,9,0.00330,41683,15.27118,272952
255,NickCao,9,0.00330,41692,15.27448,272952
256,ohbus,9,0.00330,41701,15.27778,272952
257,pmgk07,9,0.00330,41710,15.28108,272952
258,ronavn,9,0.00330,41719,15.28437,272952
259,SchulteMarkus,9,0.00330,41728,15.28767,272952
260,white-cloud,9,0.00330,41737,15.29097,272952
261,wu0407,9,0.00330,41746,15.29426,272952
262,2020testuser,8,0.00293,41754,15.29720,272952
263,agajdosi,8,0.00293,41762,15.30013,272952
264,akshayuppal3,8,0.00293,41770,15.30306,272952
265,almottier,8,0.00293,41778,15.30599,272952
266,arisu1000,8,0.00293,41786,15.30892,272952
267,cbuchli,8,0.00293,41794,15.31185,272952
268,DazEdword,8,0.00293,41802,15.31478,272952
269,edvinerikson,8,0.00293,41810,15.31771,272952
270,eqqe,8,0.00293,41818,15.32064,272952
271,hamees-sayed,8,0.00293,41826,15.32357,272952
272,khaeghar,8,0.00293,41834,15.32650,272952
273,mjgallag,8,0.00293,41842,15.32944,272952
274,moficodes,8,0.00293,41850,15.33237,272952
275,MohamedElhawaty,8,0.00293,41858,15.33530,272952
276,mohammed-ali-1,8,0.00293,41866,15.33823,272952
277,niels-busch-maersk,8,0.00293,41874,15.34116,272952
278,novahe,8,0.00293,41882,15.34409,272952
279,q0115643,8,0.00293,41890,15.34702,272952
280,skycyan,8,0.00293,41898,15.34995,272952
281,sriumcp,8,0.00293,41906,15.35288,272952
282,tmoon8730,8,0.00293,41914,15.35581,272952
283,tzstoyanov,8,0.00293,41922,15.35874,272952
284,acodetailor,7,0.00256,41929,15.36131,272952
285,alan-ghelardi,7,0.00256,41936,15.36387,272952
286,alex-dixon,7,0.00256,41943,15.36644,272952
287,cch0,7,0.00256,41950,15.36900,272952
288,chandrasrt,7,0.00256,41957,15.37157,272952
289,cooperneil,7,0.00256,41964,15.37413,272952
290,CWL-1688,7,0.00256,41971,15.37670,272952
291,DiedeClaessens,7,0.00256,41978,15.37926,272952
292,dleurs,7,0.00256,41985,15.38183,272952
293,dng00,7,0.00256,41992,15.38439,272952
294,EatonZ,7,0.00256,41999,15.38695,272952
295,erekgit,7,0.00256,42006,15.38952,272952
296,gerhard,7,0.00256,42013,15.39208,272952
297,HansK-p,7,0.00256,42020,15.39465,272952
298,JamesMcMahon,7,0.00256,42027,15.39721,272952
299,jinglundong,7,0.00256,42034,15.39978,272952
300,jjayabal23,7,0.00256,42041,15.40234,272952
301,jkarteek,7,0.00256,42048,15.40491,272952
302,karlschriek,7,0.00256,42055,15.40747,272952
303,komaldhull,7,0.00256,42062,15.41004,272952
304,krishadvani,7,0.00256,42069,15.41260,272952
305,life-learner1,7,0.00256,42076,15.41516,272952
306,LiYa-Xu,7,0.00256,42083,15.41773,272952
307,MaciekLeks,7,0.00256,42090,15.42029,272952
308,michaelabdelmalek,7,0.00256,42097,15.42286,272952
309,patrickriordan,7,0.00256,42104,15.42542,272952
310,pepo-dev,7,0.00256,42111,15.42799,272952
311,psaia,7,0.00256,42118,15.43055,272952
312,q1240725729,7,0.00256,42125,15.43312,272952
313,qhh0205,7,0.00256,42132,15.43568,272952
314,saintmalik,7,0.00256,42139,15.43825,272952
315,sheeeng,7,0.00256,42146,15.44081,272952
316,sxmon,7,0.00256,42153,15.44337,272952
317,tangyanhan,7,0.00256,42160,15.44594,272952
318,travigd,7,0.00256,42167,15.44850,272952
319,xorver,7,0.00256,42174,15.45107,272952
320,yasharne,7,0.00256,42181,15.45363,272952
321,zwOvO,7,0.00256,42188,15.45620,272952
322,06chaynes,6,0.00220,42194,15.45840,272952
323,17733101396,6,0.00220,42200,15.46059,272952
325,aldirrix,6,0.00220,42212,15.46499,272952
326,arleif-dfactory,6,0.00220,42218,15.46719,272952
327,assafsauer,6,0.00220,42224,15.46939,272952
328,assertion,6,0.00220,42230,15.47158,272952
329,bbtong,6,0.00220,42236,15.47378,272952
330,BFrancisA,6,0.00220,42242,15.47598,272952
331,choijunwoo,6,0.00220,42248,15.47818,272952
332,chsatyap,6,0.00220,42254,15.48038,272952
333,chyczewski-maciej,6,0.00220,42260,15.48258,272952
334,csdavenport6,6,0.00220,42266,15.48477,272952
335,denny-lclin,6,0.00220,42272,15.48697,272952
336,dokipen,6,0.00220,42278,15.48917,272952
337,ehengao,6,0.00220,42284,15.49137,272952
338,faruryo,6,0.00220,42290,15.49357,272952
339,faun,6,0.00220,42296,15.49576,272952
340,FischlerA,6,0.00220,42302,15.49796,272952
341,gerrito333,6,0.00220,42308,15.50016,272952
342,gongzili456,6,0.00220,42314,15.50236,272952
343,guillaumeblaquiere,6,0.00220,42320,15.50456,272952
344,kallyshall,6,0.00220,42326,15.50676,272952
345,ksauce,6,0.00220,42332,15.50895,272952
346,larssuanet,6,0.00220,42338,15.51115,272952
347,laststem,6,0.00220,42344,15.51335,272952
348,magicLian,6,0.00220,42350,15.51555,272952
349,naiduv,6,0.00220,42356,15.51775,272952
350,nickjameswebb,6,0.00220,42362,15.51994,272952
351,odinnordico,6,0.00220,42368,15.52214,272952
352,oreasono,6,0.00220,42374,15.52434,272952
353,rupipal,6,0.00220,42380,15.52654,272952
354,SkYNewZ,6,0.00220,42386,15.52874,272952
355,Sota-Watanabe,6,0.00220,42392,15.53094,272952
356,sutaakar,6,0.00220,42398,15.53313,272952
357,techBeck03,6,0.00220,42404,15.53533,272952
358,ustiugov,6,0.00220,42410,15.53753,272952
359,Utwo,6,0.00220,42416,15.53973,272952
360,William-lbn,6,0.00220,42422,15.54193,272952
361,wu105,6,0.00220,42428,15.54412,272952
362,13567436138,5,0.00183,42433,15.54596,272952
363,A11Ybot-OP,5,0.00183,42438,15.54779,272952
364,alecholmes,5,0.00183,42443,15.54962,272952
365,andersonsoares-tomtom,5,0.00183,42448,15.55145,272952
366,AntoineToussaint,5,0.00183,42453,15.55328,272952
367,benja-wu,5,0.00183,42458,15.55512,272952
368,buckley-w-david,5,0.00183,42463,15.55695,272952
369,cometta,5,0.00183,42468,15.55878,272952
370,cpate3,5,0.00183,42473,15.56061,272952
371,csharpknife2002,5,0.00183,42478,15.56244,272952
372,cyrildiagne,5,0.00183,42483,15.56428,272952
373,datadot,5,0.00183,42488,15.56611,272952
374,DaveSlinn,5,0.00183,42493,15.56794,272952
375,davidlanouette,5,0.00183,42498,15.56977,272952
376,diegoximenes,5,0.00183,42503,15.57160,272952
377,digikin,5,0.00183,42508,15.57343,272952
378,diodesign,5,0.00183,42513,15.57527,272952
379,dungahk,5,0.00183,42518,15.57710,272952
380,eldondev,5,0.00183,42523,15.57893,272952
381,enricofranco,5,0.00183,42528,15.58076,272952
382,fai555,5,0.00183,42533,15.58259,272952
383,holoed,5,0.00183,42538,15.58443,272952
384,IGassmann,5,0.00183,42543,15.58626,272952
385,jeffgriffith,5,0.00183,42548,15.58809,272952
386,JosepSampe,5,0.00183,42553,15.58992,272952
387,JungukCho,5,0.00183,42558,15.59175,272952
388,kenny-chu,5,0.00183,42563,15.59358,272952
389,KevinWang15,5,0.00183,42568,15.59542,272952
390,looperC,5,0.00183,42573,15.59725,272952
391,MandarJKulkarni,5,0.00183,42578,15.59908,272952
392,miosman,5,0.00183,42583,15.60091,272952
393,mkaim,5,0.00183,42588,15.60274,272952
394,mogar1980,5,0.00183,42593,15.60458,272952
395,morfies,5,0.00183,42598,15.60641,272952
396,MrBokeh,5,0.00183,42603,15.60824,272952
397,NEERAJAP2001,5,0.00183,42608,15.61007,272952
398,patrickleet,5,0.00183,42613,15.61190,272952
399,PMarci,5,0.00183,42618,15.61373,272952
400,prudhvinag06,5,0.00183,42623,15.61557,272952
401,quentin-cha,5,0.00183,42628,15.61740,272952
402,rakesh-garimella,5,0.00183,42633,15.61923,272952
403,rakhbari,5,0.00183,42638,15.62106,272952
404,reoring,5,0.00183,42643,15.62289,272952
405,russtaylor,5,0.00183,42648,15.62473,272952
406,sdhoward,5,0.00183,42653,15.62656,272952
407,sifrah,5,0.00183,42658,15.62839,272952
408,silvagiiu,5,0.00183,42663,15.63022,272952
409,sisp,5,0.00183,42668,15.63205,272952
410,ssdowd,5,0.00183,42673,15.63388,272952
411,symfrog,5,0.00183,42678,15.63572,272952
412,vazexqi,5,0.00183,42683,15.63755,272952
413,vinayGudi,5,0.00183,42688,15.63938,272952
414,yubozhao,5,0.00183,42693,15.64121,272952
415,0xE282B0,4,0.00147,42697,15.64268,272952
416,adeleglise,4,0.00147,42701,15.64414,272952
417,arunk-s,4,0.00147,42705,15.64561,272952
418,Baojizhong,4,0.00147,42709,15.64707,272952
419,baum,4,0.00147,42713,15.64854,272952
420,charuni2018,4,0.00147,42717,15.65000,272952
421,chinmay22897,4,0.00147,42721,15.65147,272952
422,chmodrs,4,0.00147,42725,15.65294,272952
423,cinaradem,4,0.00147,42729,15.65440,272952
424,cizixs,4,0.00147,42733,15.65587,272952
425,connorlwilkes,4,0.00147,42737,15.65733,272952
426,danieltahara,4,0.00147,42741,15.65880,272952
427,db306,4,0.00147,42745,15.66026,272952
428,devrajmaker,4,0.00147,42749,15.66173,272952
429,diarmuidie,4,0.00147,42753,15.66319,272952
430,dinagraves,4,0.00147,42757,15.66466,272952
431,doddatpivotal,4,0.00147,42761,15.66612,272952
432,dolfolife,4,0.00147,42765,15.66759,272952
433,dongyingbo,4,0.00147,42769,15.66906,272952
434,edenbuaa,4,0.00147,42773,15.67052,272952
435,ediezh,4,0.00147,42777,15.67199,272952
436,erandiganepola,4,0.00147,42781,15.67345,272952
437,farzinsarvaramini,4,0.00147,42785,15.67492,272952
438,feclist,4,0.00147,42789,15.67638,272952
439,felix-meissner,4,0.00147,42793,15.67785,272952
440,fengqi2019,4,0.00147,42797,15.67931,272952
441,gdlbl,4,0.00147,42801,15.68078,272952
442,GRuuuuu,4,0.00147,42805,15.68224,272952
443,guacamole,4,0.00147,42809,15.68371,272952
444,guyos,4,0.00147,42813,15.68518,272952
445,gwind,4,0.00147,42817,15.68664,272952
446,heprotecbuthealsoattac,4,0.00147,42821,15.68811,272952
447,hilalguler-dev,4,0.00147,42825,15.68957,272952
448,HongyuHe,4,0.00147,42829,15.69104,272952
449,jademcgough,4,0.00147,42833,15.69250,272952
450,james426759,4,0.00147,42837,15.69397,272952
451,jasonaliyetti,4,0.00147,42841,15.69543,272952
452,jensg-st,4,0.00147,42845,15.69690,272952
453,JensonCraft,4,0.00147,42849,15.69836,272952
454,jjangga0214,4,0.00147,42853,15.69983,272952
455,jsanin,4,0.00147,42857,15.70130,272952
456,kaidotdev,4,0.00147,42861,15.70276,272952
457,kubeway,4,0.00147,42865,15.70423,272952
458,lichader,4,0.00147,42869,15.70569,272952
459,loonybear,4,0.00147,42873,15.70716,272952
460,lukogex,4,0.00147,42877,15.70862,272952
461,marcoliceti,4,0.00147,42881,15.71009,272952
462,mattcui,4,0.00147,42885,15.71155,272952
463,mayuchau,4,0.00147,42889,15.71302,272952
464,nakamasato,4,0.00147,42893,15.71448,272952
465,n-boshnakov,4,0.00147,42897,15.71595,272952
466,oyiptong,4,0.00147,42901,15.71742,272952
467,Petahhh,4,0.00147,42905,15.71888,272952
468,polivbr,4,0.00147,42909,15.72035,272952
469,prestona,4,0.00147,42913,15.72181,272952
470,rahulrai-in,4,0.00147,42917,15.72328,272952
471,ramonPires,4,0.00147,42921,15.72474,272952
472,rishantagarwal,4,0.00147,42925,15.72621,272952
473,rutpal,4,0.00147,42929,15.72767,272952
474,SachinVarghese,4,0.00147,42933,15.72914,272952
475,sankalp-r,4,0.00147,42937,15.73060,272952
476,shenkejie15,4,0.00147,42941,15.73207,272952
477,simingweng,4,0.00147,42945,15.73354,272952
478,sinthuja,4,0.00147,42949,15.73500,272952
479,skyguard1,4,0.00147,42953,15.73647,272952
480,speza,4,0.00147,42957,15.73793,272952
481,sqs,4,0.00147,42961,15.73940,272952
482,sshariff01,4,0.00147,42965,15.74086,272952
483,sspeiche,4,0.00147,42969,15.74233,272952
484,SuperCipher,4,0.00147,42973,15.74379,272952
485,swapkh91,4,0.00147,42977,15.74526,272952
486,swvaibhav,4,0.00147,42981,15.74672,272952
487,taiju,4,0.00147,42985,15.74819,272952
488,tarunrathor-pro,4,0.00147,42989,15.74966,272952
489,tbpg,4,0.00147,42993,15.75112,272952
490,tendant,4,0.00147,42997,15.75259,272952
491,tessellator,4,0.00147,43001,15.75405,272952
492,thecampagnards,4,0.00147,43005,15.75552,272952
493,TiewKH,4,0.00147,43009,15.75698,272952
494,tminke,4,0.00147,43013,15.75845,272952
495,tomleah,4,0.00147,43017,15.75991,272952
496,utherp0,4,0.00147,43021,15.76138,272952
497,VinayGoudCheguri,4,0.00147,43025,15.76284,272952
498,vinayu,4,0.00147,43029,15.76431,272952
499,Vivek-anand-jain,4,0.00147,43033,15.76578,272952
500,VPashkov,4,0.00147,43037,15.76724,272952
501,vrock28,4,0.00147,43041,15.76871,272952
502,vugardzhamalov,4,0.00147,43045,15.77017,272952
503,vyom-soft,4,0.00147,43049,15.77164,272952
504,wangXing2,4,0.00147,43053,15.77310,272952
505,wenyangchou,4,0.00147,43057,15.77457,272952
506,xiangshen-dk,4,0.00147,43061,15.77603,272952
507,xingx-xx,4,0.00147,43065,15.77750,272952
508,xionghui,4,0.00147,43069,15.77896,272952
509,yuvaldolev,4,0.00147,43073,15.78043,272952
510,zhangrongguo,4,0.00147,43077,15.78190,272952
511,abdollahpour,3,0.00110,43080,15.78299,272952
512,ahevenor,3,0.00110,43083,15.78409,272952
513,alokumar1,3,0.00110,43086,15.78519,272952
514,alvinliuwg,3,0.00110,43089,15.78629,272952
515,amir3code,3,0.00110,43092,15.78739,272952
516,amir-hadi,3,0.00110,43095,15.78849,272952
517,amitaikoretz,3,0.00110,43098,15.78959,272952
518,arindam-b,3,0.00110,43101,15.79069,272952
519,ar-mi6,3,0.00110,43104,15.79179,272952
520,astelmashenko,3,0.00110,43107,15.79289,272952
521,aurorazl,3,0.00110,43110,15.79399,272952
522,bbung,3,0.00110,43113,15.79508,272952
523,benjamintanweihao,3,0.00110,43116,15.79618,272952
524,Benson666,3,0.00110,43119,15.79728,272952
525,bobfuru,3,0.00110,43122,15.79838,272952
526,boemska-nik,3,0.00110,43125,15.79948,272952
527,boniek83,3,0.00110,43128,15.80058,272952
528,brianschardt,3,0.00110,43131,15.80168,272952
529,BubbaJoe,3,0.00110,43134,15.80278,272952
530,canyugs,3,0.00110,43137,15.80388,272952
531,cforce,3,0.00110,43140,15.80498,272952
532,checkaayush,3,0.00110,43143,15.80608,272952
533,chtison,3,0.00110,43146,15.80717,272952
534,ck99,3,0.00110,43149,15.80827,272952
535,clebs,3,0.00110,43152,15.80937,272952
536,clin4,3,0.00110,43155,15.81047,272952
537,cmllong,3,0.00110,43158,15.81157,272952
538,CodingYuanLiu,3,0.00110,43161,15.81267,272952
539,danielgrist,3,0.00110,43164,15.81377,272952
540,danielgruesso,3,0.00110,43167,15.81487,272952
541,dboshardy,3,0.00110,43170,15.81597,272952
542,DharsanB,3,0.00110,43173,15.81707,272952
543,dinurp,3,0.00110,43176,15.81817,272952
544,Divyansh42,3,0.00110,43179,15.81926,272952
545,dongdan39,3,0.00110,43182,15.82036,272952
546,draksler,3,0.00110,43185,15.82146,272952
547,ealeyner,3,0.00110,43188,15.82256,272952
548,EmmanuelKasper,3,0.00110,43191,15.82366,272952
549,ericshen881027,3,0.00110,43194,15.82476,272952
550,errxr403,3,0.00110,43197,15.82586,272952
551,etherlai,3,0.00110,43200,15.82696,272952
552,evialle,3,0.00110,43203,15.82806,272952
553,fahadsuhaib,3,0.00110,43206,15.82916,272952
554,Freakin,3,0.00110,43209,15.83026,272952
555,FuriKuri,3,0.00110,43212,15.83135,272952
556,fvoznika,3,0.00110,43215,15.83245,272952
557,geigerd,3,0.00110,43218,15.83355,272952
558,gganpaa,3,0.00110,43221,15.83465,272952
559,gopye,3,0.00110,43224,15.83575,272952
560,guodongli-google,3,0.00110,43227,15.83685,272952
561,hajowieland,3,0.00110,43230,15.83795,272952
562,halmakidon,3,0.00110,43233,15.83905,272952
563,halvards,3,0.00110,43236,15.84015,272952
564,hev,3,0.00110,43239,15.84125,272952
565,hmert,3,0.00110,43242,15.84235,272952
566,hrasadi,3,0.00110,43245,15.84345,272952
567,hrgui,3,0.00110,43248,15.84454,272952
568,Hsiny,3,0.00110,43251,15.84564,272952
569,huangyangcong,3,0.00110,43254,15.84674,272952
570,huhuta,3,0.00110,43257,15.84784,272952
571,huija,3,0.00110,43260,15.84894,272952
572,jackThomass,3,0.00110,43263,15.85004,272952
573,jalonsoa,3,0.00110,43266,15.85114,272952
574,jamie-allen,3,0.00110,43269,15.85224,272952
575,janw,3,0.00110,43272,15.85334,272952
576,jeffcai,3,0.00110,43275,15.85444,272952
577,JiniousChoi,3,0.00110,43278,15.85554,272952
578,jiribroulik,3,0.00110,43281,15.85663,272952
579,jmferrer,3,0.00110,43284,15.85773,272952
580,joveli,3,0.00110,43287,15.85883,272952
581,k15r,3,0.00110,43290,15.85993,272952
582,k33g,3,0.00110,43293,15.86103,272952
583,kassnl09,3,0.00110,43296,15.86213,272952
584,kingjan1999,3,0.00110,43299,15.86323,272952
585,Kristian-ZH,3,0.00110,43302,15.86433,272952
586,Kuvesz,3,0.00110,43305,15.86543,272952
587,l31g,3,0.00110,43308,15.86653,272952
588,Laci21,3,0.00110,43311,15.86763,272952
589,lcax200000,3,0.00110,43314,15.86872,272952
590,ledboot,3,0.00110,43317,15.86982,272952
591,lehors,3,0.00110,43320,15.87092,272952
592,l-qing,3,0.00110,43323,15.87202,272952
593,lukas-lansky,3,0.00110,43326,15.87312,272952
594,marcello-mirenda,3,0.00110,43329,15.87422,272952
595,matthew1534,3,0.00110,43332,15.87532,272952
596,matthewchngshopback,3,0.00110,43335,15.87642,272952
597,miguelvr,3,0.00110,43338,15.87752,272952
598,mike-sirs,3,0.00110,43341,15.87862,272952
599,mkyrilov,3,0.00110,43344,15.87972,272952
600,mmercedes,3,0.00110,43347,15.88081,272952
601,mockturtl,3,0.00110,43350,15.88191,272952
602,mqyang56,3,0.00110,43353,15.88301,272952
603,mundaym,3,0.00110,43356,15.88411,272952
604,muthurajr,3,0.00110,43359,15.88521,272952
605,mylokin,3,0.00110,43362,15.88631,272952
606,narenarjun,3,0.00110,43365,15.88741,272952
607,Neustradamus,3,0.00110,43368,15.88851,272952
608,nguyentung-199,3,0.00110,43371,15.88961,272952
609,nickgerace,3,0.00110,43374,15.89071,272952
610,NiclasvanEyk,3,0.00110,43377,15.89181,272952
611,nicmr,3,0.00110,43380,15.89290,272952
612,njuCZ,3,0.00110,43383,15.89400,272952
613,noahw3,3,0.00110,43386,15.89510,272952
614,OpenSourceZombie,3,0.00110,43389,15.89620,272952
615,paassdc,3,0.00110,43392,15.89730,272952
616,pablobastidasv,3,0.00110,43395,15.89840,272952
617,pandagodyyy,3,0.00110,43398,15.89950,272952
618,peidaqi,3,0.00110,43401,15.90060,272952
619,peter-evans,3,0.00110,43404,15.90170,272952
620,peteroruba,3,0.00110,43407,15.90280,272952
621,podilavenky,3,0.00110,43410,15.90390,272952
622,prafullkotecha,3,0.00110,43413,15.90499,272952
623,pramenn,3,0.00110,43416,15.90609,272952
624,qwe19272375,3,0.00110,43419,15.90719,272952
625,rajitha1998,3,0.00110,43422,15.90829,272952
626,ReggieCarey,3,0.00110,43425,15.90939,272952
627,renatocaval,3,0.00110,43428,15.91049,272952
628,RickSlot,3,0.00110,43431,15.91159,272952
629,rodolfo2488,3,0.00110,43434,15.91269,272952
630,romankolpak,3,0.00110,43437,15.91379,272952
631,rudyredhat1,3,0.00110,43440,15.91489,272952
632,Ruminateer,3,0.00110,43443,15.91599,272952
633,rymonroe,3,0.00110,43446,15.91708,272952
634,sagarrandive,3,0.00110,43449,15.91818,272952
635,saurabh1284,3,0.00110,43452,15.91928,272952
636,sciamp-dev,3,0.00110,43455,15.92038,272952
637,SergeC,3,0.00110,43458,15.92148,272952
638,seunggs,3,0.00110,43461,15.92258,272952
639,ShixiongQi,3,0.00110,43464,15.92368,272952
640,shuai-gao-awx,3,0.00110,43467,15.92478,272952
641,Siddhesh-Ghadi,3,0.00110,43470,15.92588,272952
642,Sidhardha95,3,0.00110,43473,15.92698,272952
643,sullis,3,0.00110,43476,15.92808,272952
644,swilen-iwanow,3,0.00110,43479,15.92917,272952
645,Talha-Altair,3,0.00110,43482,15.93027,272952
646,terman37,3,0.00110,43485,15.93137,272952
647,tony-shi,3,0.00110,43488,15.93247,272952
648,tsiq-kylel,3,0.00110,43491,15.93357,272952
649,tyyko,3,0.00110,43494,15.93467,272952
650,UUvUU,3,0.00110,43497,15.93577,272952
651,wade19870531,3,0.00110,43500,15.93687,272952
652,wietsevenema,3,0.00110,43503,15.93797,272952
653,will-cromar,3,0.00110,43506,15.93907,272952
654,wutongjie23hao,3,0.00110,43509,15.94017,272952
655,ximbal,3,0.00110,43512,15.94126,272952
656,ycd,3,0.00110,43515,15.94236,272952
657,yelloman,3,0.00110,43518,15.94346,272952
658,zhaytee,3,0.00110,43521,15.94456,272952
659,ZhengJuCn,3,0.00110,43524,15.94566,272952
660,zops,3,0.00110,43527,15.94676,272952
661,zvictor,3,0.00110,43530,15.94786,272952
662,0xmohit,2,0.00073,43532,15.94859,272952
663,24601,2,0.00073,43534,15.94932,272952
664,2637309949,2,0.00073,43536,15.95006,272952
665,ab-sin-the,2,0.00073,43538,15.95079,272952
666,ade8850,2,0.00073,43540,15.95152,272952
667,afshin2020,2,0.00073,43542,15.95226,272952
668,Ahmed,2,0.00073,43544,15.95299,272952
669,ahuret,2,0.00073,43546,15.95372,272952
670,ajaysg94,2,0.00073,43548,15.95445,272952
671,ajp-lqx,2,0.00073,43550,15.95519,272952
672,ajtomato,2,0.00073,43552,15.95592,272952
673,alanfx,2,0.00073,43554,15.95665,272952
674,AlcaYezz,2,0.00073,43556,15.95738,272952
675,alex3165,2,0.00073,43558,15.95812,272952
676,anderm3,2,0.00073,43560,15.95885,272952
677,andreiac-silva,2,0.00073,43562,15.95958,272952
678,arumugaguru-mindtree,2,0.00073,43564,15.96032,272952
679,arzarif,2,0.00073,43566,15.96105,272952
680,Ask-Subhasmita,2,0.00073,43568,15.96178,272952
681,atamon,2,0.00073,43570,15.96251,272952
682,awgneo,2,0.00073,43572,15.96325,272952
683,ayoub-elbachiri,2,0.00073,43574,15.96398,272952
684,baikai,2,0.00073,43576,15.96471,272952
685,baiyun123,2,0.00073,43578,15.96544,272952
686,BalaP21,2,0.00073,43580,15.96618,272952
687,Baykonur,2,0.00073,43582,15.96691,272952
688,beliver17,2,0.00073,43584,15.96764,272952
689,berlinsaint,2,0.00073,43586,15.96838,272952
690,bernardoVale,2,0.00073,43588,15.96911,272952
691,blorette,2,0.00073,43590,15.96984,272952
692,bradfordcp,2,0.00073,43592,15.97057,272952
693,bradylove,2,0.00073,43594,15.97131,272952
694,brian-burton,2,0.00073,43596,15.97204,272952
695,buaapyj,2,0.00073,43598,15.97277,272952
696,chrrrles,2,0.00073,43600,15.97350,272952
697,csamak,2,0.00073,43602,15.97424,272952
698,cycgp,2,0.00073,43604,15.97497,272952
699,daganida88,2,0.00073,43606,15.97570,272952
700,DanielJonesEB,2,0.00073,43608,15.97644,272952
701,dashwang,2,0.00073,43610,15.97717,272952
702,dejangolubovic,2,0.00073,43612,15.97790,272952
703,diegosucaria,2,0.00073,43614,15.97863,272952
704,dkoci,2,0.00073,43616,15.97937,272952
705,dniasoff,2,0.00073,43618,15.98010,272952
706,dustinsmith1024,2,0.00073,43620,15.98083,272952
707,dvins,2,0.00073,43622,15.98156,272952
708,eaydogan,2,0.00073,43624,15.98230,272952
709,ethai,2,0.00073,43626,15.98303,272952
710,fadeojo,2,0.00073,43628,15.98376,272952
711,faxioman,2,0.00073,43630,15.98450,272952
712,feuyeux,2,0.00073,43632,15.98523,272952
713,fsigalov,2,0.00073,43634,15.98596,272952
714,fuzzybaird,2,0.00073,43636,15.98669,272952
715,galbacarys,2,0.00073,43638,15.98743,272952
716,GarrettPoore,2,0.00073,43640,15.98816,272952
717,glasnt,2,0.00073,43642,15.98889,272952
718,goldmann,2,0.00073,43644,15.98962,272952
719,GregDritschler,2,0.00073,43646,15.99036,272952
720,gshaibi,2,0.00073,43648,15.99109,272952
721,hanshengchiu,2,0.00073,43650,15.99182,272952
722,hanwgyu,2,0.00073,43652,15.99256,272952
723,Haolicopter,2,0.00073,43654,15.99329,272952
724,hatowang,2,0.00073,43656,15.99402,272952
725,havard024,2,0.00073,43658,15.99475,272952
726,himanshumps,2,0.00073,43660,15.99549,272952
727,hongshaoyang,2,0.00073,43662,15.99622,272952
728,houshym,2,0.00073,43664,15.99695,272952
729,Inkdpixels,2,0.00073,43666,15.99768,272952
730,isaac88,2,0.00073,43668,15.99842,272952
731,jamesalbert,2,0.00073,43670,15.99915,272952
732,jansauer,2,0.00073,43672,15.99988,272952
733,jasonnance,2,0.00073,43674,16.00062,272952
734,Jay-Funk,2,0.00073,43676,16.00135,272952
735,jeffmaury,2,0.00073,43678,16.00208,272952
736,jerolimov,2,0.00073,43680,16.00281,272952
737,jimcurtis,2,0.00073,43682,16.00355,272952
738,JiyeYu,2,0.00073,43684,16.00428,272952
739,joshuarider,2,0.00073,43686,16.00501,272952
740,jrivera97,2,0.00073,43688,16.00574,272952
741,jsargiot,2,0.00073,43690,16.00648,272952
742,jtucci,2,0.00073,43692,16.00721,272952
743,Jude188,2,0.00073,43694,16.00794,272952
744,JulesMac,2,0.00073,43696,16.00868,272952
745,jwlai,2,0.00073,43698,16.00941,272952
746,karanrk,2,0.00073,43700,16.01014,272952
747,katfang,2,0.00073,43702,16.01087,272952
748,KazW,2,0.00073,43704,16.01161,272952
749,klinux,2,0.00073,43706,16.01234,272952
750,kmanicka,2,0.00073,43708,16.01307,272952
751,knguyen0125,2,0.00073,43710,16.01380,272952
752,konstantin-dzreev,2,0.00073,43712,16.01454,272952
753,lancerdima,2,0.00073,43714,16.01527,272952
754,leavest,2,0.00073,43716,16.01600,272952
755,lephyrius,2,0.00073,43718,16.01674,272952
756,lisamburns,2,0.00073,43720,16.01747,272952
757,Loyalsoldier,2,0.00073,43722,16.01820,272952
758,lpwwd,2,0.00073,43724,16.01893,272952
759,lukebakken,2,0.00073,43726,16.01967,272952
760,maheshvra,2,0.00073,43728,16.02040,272952
761,MarcialRosales,2,0.00073,43730,16.02113,272952
762,matty-rose,2,0.00073,43732,16.02186,272952
763,mcastilho,2,0.00073,43734,16.02260,272952
764,mcdonamp,2,0.00073,43736,16.02333,272952
765,mdscruggs,2,0.00073,43738,16.02406,272952
766,mericano1,2,0.00073,43740,16.02480,272952
767,mhubig,2,0.00073,43742,16.02553,272952
768,mischieflounge,2,0.00073,43744,16.02626,272952
769,mizabrik,2,0.00073,43746,16.02699,272952
770,mtnygard,2,0.00073,43748,16.02773,272952
771,mvranic,2,0.00073,43750,16.02846,272952
772,nadgowdas,2,0.00073,43752,16.02919,272952
773,nainys-cn,2,0.00073,43754,16.02992,272952
774,Namphibian,2,0.00073,43756,16.03066,272952
775,nborkert,2,0.00073,43758,16.03139,272952
776,neeraj-laad,2,0.00073,43760,16.03212,272952
777,nthh,2,0.00073,43762,16.03286,272952
778,olegchorny,2,0.00073,43764,16.03359,272952
779,ominiet,2,0.00073,43766,16.03432,272952
780,onsails,2,0.00073,43768,16.03505,272952
781,ovkhasch,2,0.00073,43770,16.03579,272952
782,paul931224,2,0.00073,43772,16.03652,272952
783,pengcheng-cs,2,0.00073,43774,16.03725,272952
784,pepperbot,2,0.00073,43776,16.03798,272952
785,petolexa,2,0.00073,43778,16.03872,272952
786,phamquyhai,2,0.00073,43780,16.03945,272952
787,piyushsingariya,2,0.00073,43782,16.04018,272952
788,pjcubero,2,0.00073,43784,16.04092,272952
789,pkit,2,0.00073,43786,16.04165,272952
790,PratapSaren,2,0.00073,43788,16.04238,272952
791,prettynatty,2,0.00073,43790,16.04311,272952
792,pyrito,2,0.00073,43792,16.04385,272952
793,ravindranathakila,2,0.00073,43794,16.04458,272952
794,richtera,2,0.00073,43796,16.04531,272952
795,rileyhun,2,0.00073,43798,16.04604,272952
796,RohanGupta06,2,0.00073,43800,16.04678,272952
797,rohiddev,2,0.00073,43802,16.04751,272952
798,rranjan-us,2,0.00073,43804,16.04824,272952
799,rstroop,2,0.00073,43806,16.04898,272952
800,rudeigerc,2,0.00073,43808,16.04971,272952
801,sbarzowski,2,0.00073,43810,16.05044,272952
802,sbgreene1307,2,0.00073,43812,16.05117,272952
803,schneidersteve,2,0.00073,43814,16.05191,272952
804,scott-wong,2,0.00073,43816,16.05264,272952
805,SeanEmac,2,0.00073,43818,16.05337,272952
806,Sharathnasa,2,0.00073,43820,16.05410,272952
807,Shubham2443,2,0.00073,43822,16.05484,272952
808,Shunpoco,2,0.00073,43824,16.05557,272952
809,shyamjesal,2,0.00073,43826,16.05630,272952
810,siddharth-mitra,2,0.00073,43828,16.05704,272952
811,sidharthramesh,2,0.00073,43830,16.05777,272952
812,simonkrenger,2,0.00073,43832,16.05850,272952
813,simplytunde,2,0.00073,43834,16.05923,272952
814,software2Daniel,2,0.00073,43836,16.05997,272952
815,SpellarBot,2,0.00073,43838,16.06070,272952
816,Spenhouet,2,0.00073,43840,16.06143,272952
817,stephenhandley,2,0.00073,43842,16.06216,272952
818,stuart-xyz,2,0.00073,43844,16.06290,272952
819,su-hyunieee,2,0.00073,43846,16.06363,272952
820,sumowrestler,2,0.00073,43848,16.06436,272952
821,supershll,2,0.00073,43850,16.06510,272952
822,Svendegroote91,2,0.00073,43852,16.06583,272952
823,syedashrafulla,2,0.00073,43854,16.06656,272952
824,t3hmrman,2,0.00073,43856,16.06729,272952
825,tadayosi,2,0.00073,43858,16.06803,272952
826,tclasen,2,0.00073,43860,16.06876,272952
827,ThinkDigitalSoftware,2,0.00073,43862,16.06949,272952
828,tomasatdatabricks,2,0.00073,43864,16.07022,272952
829,tonycoello,2,0.00073,43866,16.07096,272952
830,torstenwerner,2,0.00073,43868,16.07169,272952
831,trenton42,2,0.00073,43870,16.07242,272952
832,tzneal,2,0.00073,43872,16.07316,272952
833,uwefassnacht,2,0.00073,43874,16.07389,272952
834,Vafilor,2,0.00073,43876,16.07462,272952
835,vegoutha,2,0.00073,43878,16.07535,272952
836,WalterHub,2,0.00073,43880,16.07609,272952
837,willnorris,2,0.00073,43882,16.07682,272952
838,wohugb,2,0.00073,43884,16.07755,272952
839,WouterHadrian,2,0.00073,43886,16.07828,272952
840,wwitzel3,2,0.00073,43888,16.07902,272952
841,xfu83,2,0.00073,43890,16.07975,272952
842,xlight05,2,0.00073,43892,16.08048,272952
843,xunfeng1980,2,0.00073,43894,16.08122,272952
844,yang59324,2,0.00073,43896,16.08195,272952
845,Yaoda77,2,0.00073,43898,16.08268,272952
846,yuzliu,2,0.00073,43900,16.08341,272952
847,zadus,2,0.00073,43902,16.08415,272952
848,zanven42,2,0.00073,43904,16.08488,272952
849,zevisert,2,0.00073,43906,16.08561,272952
850,zhaogaiwen,2,0.00073,43908,16.08634,272952
851,ZhengYangTong,2,0.00073,43910,16.08708,272952
852,zzvara,2,0.00073,43912,16.08781,272952
853,1804010511,1,0.00037,43913,16.08818,272952
854,41tair,1,0.00037,43914,16.08854,272952
855,A0xStealth,1,0.00037,43915,16.08891,272952
856,aaron-arellano,1,0.00037,43916,16.08928,272952
857,aaronhnatiw,1,0.00037,43917,16.08964,272952
858,Aashit-Sharma,1,0.00037,43918,16.09001,272952
859,AbdullahKady,1,0.00037,43919,16.09037,272952
860,abhip,1,0.00037,43920,16.09074,272952
861,abvijaykumar,1,0.00037,43921,16.09111,272952
862,achandras,1,0.00037,43922,16.09147,272952
863,adace123,1,0.00037,43923,16.09184,272952
864,aditya69627,1,0.00037,43924,16.09221,272952
865,adrian-dinu,1,0.00037,43925,16.09257,272952
866,afroehlicher,1,0.00037,43926,16.09294,272952
867,Ahsankkhan,1,0.00037,43927,16.09331,272952
868,airwavetechio-gh,1,0.00037,43928,16.09367,272952
869,albertnievees,1,0.00037,43929,16.09404,272952
870,AlexandreRoba,1,0.00037,43930,16.09440,272952
871,alitari,1,0.00037,43931,16.09477,272952
872,alonsocamaro,1,0.00037,43932,16.09514,272952
873,AmFlint,1,0.00037,43933,16.09550,272952
874,AmirMoshfeghi,1,0.00037,43934,16.09587,272952
875,amrueda76,1,0.00037,43935,16.09624,272952
876,Analect,1,0.00037,43936,16.09660,272952
877,andrewxk,1,0.00037,43937,16.09697,272952
878,andrijaperovic,1,0.00037,43938,16.09734,272952
879,anerathil,1,0.00037,43939,16.09770,272952
880,angelafunk,1,0.00037,43940,16.09807,272952
881,anggakes,1,0.00037,43941,16.09843,272952
882,anishpravin,1,0.00037,43942,16.09880,272952
883,Ankit9915,1,0.00037,43943,16.09917,272952
884,ankur47,1,0.00037,43944,16.09953,272952
885,AnnaYue,1,0.00037,43945,16.09990,272952
886,ansky,1,0.00037,43946,16.10027,272952
887,antongri,1,0.00037,43947,16.10063,272952
888,anuruddhal,1,0.00037,43948,16.10100,272952
889,a-peek4,1,0.00037,43949,16.10137,272952
890,aptrishu,1,0.00037,43950,16.10173,272952
891,arbogast,1,0.00037,43951,16.10210,272952
892,arno-joule,1,0.00037,43952,16.10246,272952
893,ArtemChekunov,1,0.00037,43953,16.10283,272952
894,arumugaguru,1,0.00037,43954,16.10320,272952
895,aryacj123,1,0.00037,43955,16.10356,272952
896,avivex1000,1,0.00037,43956,16.10393,272952
897,avnish80,1,0.00037,43957,16.10430,272952
898,aw185176,1,0.00037,43958,16.10466,272952
899,ayqazi,1,0.00037,43959,16.10503,272952
900,balakrishna222111,1,0.00037,43960,16.10540,272952
901,bartusz01,1,0.00037,43961,16.10576,272952
902,beckermarc,1,0.00037,43962,16.10613,272952
903,benja-M-1,1,0.00037,43963,16.10649,272952
904,bennidhamma,1,0.00037,43964,16.10686,272952
905,benzhonghai008,1,0.00037,43965,16.10723,272952
906,BlueOrigin,1,0.00037,43966,16.10759,272952
907,bosaidong,1,0.00037,43967,16.10796,272952
908,buggtb,1,0.00037,43968,16.10833,272952
909,burrsutter,1,0.00037,43969,16.10869,272952
910,cadeveloper00,1,0.00037,43970,16.10906,272952
911,caitengwei,1,0.00037,43971,16.10943,272952
912,calclavia,1,0.00037,43972,16.10979,272952
913,camille-rodriguez,1,0.00037,43973,16.11016,272952
914,CapKenR,1,0.00037,43974,16.11052,272952
915,CatCassie,1,0.00037,43975,16.11089,272952
916,cbron,1,0.00037,43976,16.11126,272952
917,cc4i,1,0.00037,43977,16.11162,272952
918,cdmurph32,1,0.00037,43978,16.11199,272952
919,chansonzhang,1,0.00037,43979,16.11236,272952
920,charlesvictor25,1,0.00037,43980,16.11272,272952
921,chenleji,1,0.00037,43981,16.11309,272952
922,chiragkumarp,1,0.00037,43982,16.11346,272952
923,cjhetzle,1,0.00037,43983,16.11382,272952
924,cleverguy25,1,0.00037,43984,16.11419,272952
925,cowbon,1,0.00037,43985,16.11455,272952
926,cristina-grosu,1,0.00037,43986,16.11492,272952
927,crypto-apple,1,0.00037,43987,16.11529,272952
928,ctatineni,1,0.00037,43988,16.11565,272952
929,curtbushko,1,0.00037,43989,16.11602,272952
930,cyx,1,0.00037,43990,16.11639,272952
931,davidbreitgand,1,0.00037,43991,16.11675,272952
932,davidmehi,1,0.00037,43992,16.11712,272952
933,dearboll,1,0.00037,43993,16.11749,272952
934,dellis23,1,0.00037,43994,16.11785,272952
935,demobox,1,0.00037,43995,16.11822,272952
936,denitiu,1,0.00037,43996,16.11858,272952
937,deoryp,1,0.00037,43997,16.11895,272952
938,derekwilliamsliquidx,1,0.00037,43998,16.11932,272952
939,dgeorgievski,1,0.00037,43999,16.11968,272952
940,diegonayalazo,1,0.00037,44000,16.12005,272952
941,dispensable,1,0.00037,44001,16.12042,272952
942,DnPlas,1,0.00037,44002,16.12078,272952
943,dongfsgf,1,0.00037,44003,16.12115,272952
944,Duaard,1,0.00037,44004,16.12152,272952
945,duanshiqiang,1,0.00037,44005,16.12188,272952
946,dug,1,0.00037,44006,16.12225,272952
947,DuncanDoyle,1,0.00037,44007,16.12261,272952
948,DynamicRemo,1,0.00037,44008,16.12298,272952
949,eddie4941,1,0.00037,44009,16.12335,272952
950,eddiewang,1,0.00037,44010,16.12371,272952
951,edwardzjl,1,0.00037,44011,16.12408,272952
952,eftugahan,1,0.00037,44012,16.12445,272952
953,eliotohme,1,0.00037,44013,16.12481,272952
954,emesx,1,0.00037,44014,16.12518,272952
955,empath,1,0.00037,44015,16.12555,272952
956,Enoch-Kim,1,0.00037,44016,16.12591,272952
957,epicfaace,1,0.00037,44017,16.12628,272952
958,ergannon,1,0.00037,44018,16.12664,272952
959,estrellis,1,0.00037,44019,16.12701,272952
960,felipeconti,1,0.00037,44020,16.12738,272952
961,fhopfensperger,1,0.00037,44021,16.12774,272952
962,Fryuni,1,0.00037,44022,16.12811,272952
963,fxw,1,0.00037,44023,16.12848,272952
964,galen211,1,0.00037,44024,16.12884,272952
965,georgelza,1,0.00037,44025,16.12921,272952
966,ghaih,1,0.00037,44026,16.12958,272952
967,gioufop,1,0.00037,44027,16.12994,272952
968,grantocracy,1,0.00037,44028,16.13031,272952
969,graphdb2,1,0.00037,44029,16.13067,272952
970,guanchzhou,1,0.00037,44030,16.13104,272952
971,guoyingc,1,0.00037,44031,16.13141,272952
972,haibingzhao,1,0.00037,44032,16.13177,272952
973,haneefkassam,1,0.00037,44033,16.13214,272952
974,hideakiaoyagi,1,0.00037,44034,16.13251,272952
975,Hienmaxpro,1,0.00037,44035,16.13287,272952
976,iamShantanu101,1,0.00037,44036,16.13324,272952
977,IceIcebaby167,1,0.00037,44037,16.13361,272952
978,IgorRamalho,1,0.00037,44038,16.13397,272952
979,indreshmishra,1,0.00037,44039,16.13434,272952
980,inventionlabsSydney,1,0.00037,44040,16.13471,272952
981,invincibleJai,1,0.00037,44041,16.13507,272952
982,ionutscorta,1,0.00037,44042,16.13544,272952
983,isuru87,1,0.00037,44043,16.13580,272952
984,ivanmartinvalle,1,0.00037,44044,16.13617,272952
985,iwita,1,0.00037,44045,16.13654,272952
986,iyinoluwaayoola,1,0.00037,44046,16.13690,272952
987,jackfhebert,1,0.00037,44047,16.13727,272952
988,jainmanas13,1,0.00037,44048,16.13764,272952
989,Jamison1,1,0.00037,44049,16.13800,272952
990,jdwrink,1,0.00037,44050,16.13837,272952
991,jeangnc,1,0.00037,44051,16.13874,272952
992,jhanley-com,1,0.00037,44052,16.13910,272952
993,jheyduk,1,0.00037,44053,16.13947,272952
994,JiHyunSong,1,0.00037,44054,16.13983,272952
995,jjm340,1,0.00037,44055,16.14020,272952
996,jlsuarezs,1,0.00037,44056,16.14057,272952
997,joeholley,1,0.00037,44057,16.14093,272952
998,joelbyronbarker,1,0.00037,44058,16.14130,272952
999,joeyfromnijmegen,1,0.00037,44059,16.14167,272952
1000,johnjiangxt,1,0.00037,44060,16.14203,272952
1001,JonKusz,1,0.00037,44061,16.14240,272952
1002,joshua-smith4,1,0.00037,44062,16.14277,272952
1003,jsDuan,1,0.00037,44063,16.14313,272952
1004,jtlz2,1,0.00037,44064,16.14350,272952
1005,juixtu,1,0.00037,44065,16.14386,272952
1006,juliendangers,1,0.00037,44066,16.14423,272952
1007,jwtodd,1,0.00037,44067,16.14460,272952
1008,jxadro,1,0.00037,44068,16.14496,272952
1009,kailashyogeshwar85,1,0.00037,44069,16.14533,272952
1010,KaizenPikachu,1,0.00037,44070,16.14570,272952
1011,kaleo211,1,0.00037,44071,16.14606,272952
1012,kelaban,1,0.00037,44072,16.14643,272952
1013,keshamin,1,0.00037,44073,16.14680,272952
1014,kevinnesta,1,0.00037,44074,16.14716,272952
1015,kimikuri,1,0.00037,44075,16.14753,272952
1016,kimschles,1,0.00037,44076,16.14789,272952
1017,kingljl,1,0.00037,44077,16.14826,272952
1018,kjnilsson,1,0.00037,44078,16.14863,272952
1019,koalaxiu7,1,0.00037,44079,16.14899,272952
1020,ks-magas,1,0.00037,44080,16.14936,272952
1021,laballab,1,0.00037,44081,16.14973,272952
1022,landons-migo,1,0.00037,44082,16.15009,272952
1023,L-Angel,1,0.00037,44083,16.15046,272952
1024,lazybetrayer,1,0.00037,44084,16.15083,272952
1025,lee-zhg,1,0.00037,44085,16.15119,272952
1026,Legion2,1,0.00037,44086,16.15156,272952
1027,liangxj8,1,0.00037,44087,16.15192,272952
1028,ljulliar,1,0.00037,44088,16.15229,272952
1029,loosebazooka,1,0.00037,44089,16.15266,272952
1030,lucamaf,1,0.00037,44090,16.15302,272952
1031,lucasscw,1,0.00037,44091,16.15339,272952
1032,luckyheiko,1,0.00037,44092,16.15376,272952
1033,LukasTomalla,1,0.00037,44093,16.15412,272952
1034,maarek,1,0.00037,44094,16.15449,272952
1035,majuansari,1,0.00037,44095,16.15486,272952
1036,marcjimz,1,0.00037,44096,16.15522,272952
1037,marcomancini1994,1,0.00037,44097,16.15559,272952
1038,matrober-uk,1,0.00037,44098,16.15595,272952
1039,MatteoMori,1,0.00037,44099,16.15632,272952
1040,mcpomm,1,0.00037,44100,16.15669,272952
1041,medenzon,1,0.00037,44101,16.15705,272952
1042,mehdijoe,1,0.00037,44102,16.15742,272952
1043,mhebbel,1,0.00037,44103,16.15779,272952
1044,micah-gcp,1,0.00037,44104,16.15815,272952
1045,michael-serchenia,1,0.00037,44105,16.15852,272952
1046,mikaelasanchez,1,0.00037,44106,16.15889,272952
1047,mikepc,1,0.00037,44107,16.15925,272952
1048,milantracy,1,0.00037,44108,16.15962,272952
1049,MirahImage,1,0.00037,44109,16.15998,272952
1050,mi-yu,1,0.00037,44110,16.16035,272952
1051,mjanickova,1,0.00037,44111,16.16072,272952
1052,mpeyrard,1,0.00037,44112,16.16108,272952
1053,ms1515,1,0.00037,44113,16.16145,272952
1054,msidd111,1,0.00037,44114,16.16182,272952
1055,mujikankshdh,1,0.00037,44115,16.16218,272952
1056,mukundjalan,1,0.00037,44116,16.16255,272952
1057,nbarthwal-test,1,0.00037,44117,16.16292,272952
1058,nfishe,1,0.00037,44118,16.16328,272952
1059,nicoaragon,1,0.00037,44119,16.16365,272952
1060,nicolasmingo,1,0.00037,44120,16.16401,272952
1061,nikt-lsq,1,0.00037,44121,16.16438,272952
1062,NirmalAnandKuzhandaivel,1,0.00037,44122,16.16475,272952
1063,nirmal-mehta,1,0.00037,44123,16.16511,272952
1064,Nkpanam0101,1,0.00037,44124,16.16548,272952
1065,NorikDavtian,1,0.00037,44125,16.16585,272952
1066,norman465,1,0.00037,44126,16.16621,272952
1067,npalm,1,0.00037,44127,16.16658,272952
1068,npurdy-tyro,1,0.00037,44128,16.16695,272952
1069,ntx-ben,1,0.00037,44129,16.16731,272952
1070,Nxtra,1,0.00037,44130,16.16768,272952
1071,objectiveous,1,0.00037,44131,16.16804,272952
1072,oceanweave,1,0.00037,44132,16.16841,272952
1073,octonato,1,0.00037,44133,16.16878,272952
1074,ohboyotero,1,0.00037,44134,16.16914,272952
1075,ontheway16,1,0.00037,44135,16.16951,272952
1076,orionHong,1,0.00037,44136,16.16988,272952
1077,otavioprado,1,0.00037,44137,16.17024,272952
1078,pablocavalieri,1,0.00037,44138,16.17061,272952
1079,pajoma,1,0.00037,44139,16.17098,272952
1080,pappnase99,1,0.00037,44140,16.17134,272952
1081,PascalStieber,1,0.00037,44141,16.17171,272952
1082,PatrickOsborne,1,0.00037,44142,16.17207,272952
1083,paulcwarren,1,0.00037,44143,16.17244,272952
1084,pawlean,1,0.00037,44144,16.17281,272952
1085,pbuzek,1,0.00037,44145,16.17317,272952
1086,pczhang-cs,1,0.00037,44146,16.17354,272952
1087,pedroarthur,1,0.00037,44147,16.17391,272952
1088,PhilCorney,1,0.00037,44148,16.17427,272952
1089,pinkeshsharma,1,0.00037,44149,16.17464,272952
1090,piotrekfilip,1,0.00037,44150,16.17501,272952
1091,pivotaljohn,1,0.00037,44151,16.17537,272952
1092,pksurferdad,1,0.00037,44152,16.17574,272952
1093,plsmaop,1,0.00037,44153,16.17610,272952
1094,Pomazan-Bogdan,1,0.00037,44154,16.17647,272952
1095,pouledodue,1,0.00037,44155,16.17684,272952
1096,pradeep-mishra,1,0.00037,44156,16.17720,272952
1097,prasanthpagolu,1,0.00037,44157,16.17757,272952
1098,puneetmathur-87,1,0.00037,44158,16.17794,272952
1099,pyramation,1,0.00037,44159,16.17830,272952
1100,qiannawang,1,0.00037,44160,16.17867,272952
1101,rafaelbmoraes,1,0.00037,44161,16.17904,272952
1102,rashiga,1,0.00037,44162,16.17940,272952
1103,Ravindrasingh29,1,0.00037,44163,16.17977,272952
1104,realsarm,1,0.00037,44164,16.18013,272952
1105,rektide,1,0.00037,44165,16.18050,272952
1106,Richardmbs12,1,0.00037,44166,16.18087,272952
1107,RikusdeM,1,0.00037,44167,16.18123,272952
1108,riyueshiwang,1,0.00037,44168,16.18160,272952
1109,rlopez4,1,0.00037,44169,16.18197,272952
1110,RobinsChens,1,0.00037,44170,16.18233,272952
1111,rohitp-dev,1,0.00037,44171,16.18270,272952
1112,romanseibel,1,0.00037,44172,16.18307,272952
1113,ron212,1,0.00037,44173,16.18343,272952
1114,RotatingFans,1,0.00037,44174,16.18380,272952
1115,rtipnis,1,0.00037,44175,16.18416,272952
1116,sachintha29,1,0.00037,44176,16.18453,272952
1117,Sadiquedeveloper,1,0.00037,44177,16.18490,272952
1118,salamani,1,0.00037,44178,16.18526,272952
1119,samyhm2000,1,0.00037,44179,16.18563,272952
1120,saphoooo,1,0.00037,44180,16.18600,272952
1121,saribmahmood55,1,0.00037,44181,16.18636,272952
1122,SarnathK,1,0.00037,44182,16.18673,272952
1123,sartian,1,0.00037,44183,16.18710,272952
1124,s-chand,1,0.00037,44184,16.18746,272952
1125,sergevonage,1,0.00037,44185,16.18783,272952
1126,seufagner,1,0.00037,44186,16.18819,272952
1127,ShahriyarHasan5115,1,0.00037,44187,16.18856,272952
1128,shauncampbell,1,0.00037,44188,16.18893,272952
1129,Shivkumar13,1,0.00037,44189,16.18929,272952
1130,shreyans2007,1,0.00037,44190,16.18966,272952
1131,shyamrox,1,0.00037,44191,16.19003,272952
1132,shyguy420,1,0.00037,44192,16.19039,272952
1133,SidetrekAI,1,0.00037,44193,16.19076,272952
1134,skuehnlein,1,0.00037,44194,16.19113,272952
1135,skyn1ce,1,0.00037,44195,16.19149,272952
1136,slpereira,1,0.00037,44196,16.19186,272952
1137,snmohan83,1,0.00037,44197,16.19222,272952
1138,snowneji,1,0.00037,44198,16.19259,272952
1139,souenzzo,1,0.00037,44199,16.19296,272952
1140,spcxta,1,0.00037,44200,16.19332,272952
1141,ssdowdavalon,1,0.00037,44201,16.19369,272952
1142,SteffenBurger,1,0.00037,44202,16.19406,272952
1143,stevef1uk,1,0.00037,44203,16.19442,272952
1144,stroebitzer,1,0.00037,44204,16.19479,272952
1145,sudharsanomprakash,1,0.00037,44205,16.19516,272952
1146,swinton,1,0.00037,44206,16.19552,272952
1147,tang-john,1,0.00037,44207,16.19589,272952
1148,tedsteen,1,0.00037,44208,16.19625,272952
1149,theckang,1,0.00037,44209,16.19662,272952
1150,TheEvilCoder42,1,0.00037,44210,16.19699,272952
1151,themoah,1,0.00037,44211,16.19735,272952
1152,thiagosantosleite,1,0.00037,44212,16.19772,272952
1153,thinakes,1,0.00037,44213,16.19809,272952
1154,tiagocarmosantos,1,0.00037,44214,16.19845,272952
1155,TimonB,1,0.00037,44215,16.19882,272952
1156,tliberman,1,0.00037,44216,16.19919,272952
1157,tomabeles,1,0.00037,44217,16.19955,272952
1158,trust-freedom,1,0.00037,44218,16.19992,272952
1159,truyet,1,0.00037,44219,16.20028,272952
1160,Turbots,1,0.00037,44220,16.20065,272952
1161,tx19980520,1,0.00037,44221,16.20102,272952
1162,untereiner,1,0.00037,44222,16.20138,272952
1163,Vantage-Collabo,1,0.00037,44223,16.20175,272952
1164,varunraj01999,1,0.00037,44224,16.20212,272952
1165,VenkateshSrini,1,0.00037,44225,16.20248,272952
1166,VerstraeteBert,1,0.00037,44226,16.20285,272952
1167,vitreuz,1,0.00037,44227,16.20322,272952
1168,Vkrish-Nimmagadda,1,0.00037,44228,16.20358,272952
1169,VladimirSmogitel,1,0.00037,44229,16.20395,272952
1170,VonRehberg,1,0.00037,44230,16.20431,272952
1171,vpasquier,1,0.00037,44231,16.20468,272952
1172,waeljammal,1,0.00037,44232,16.20505,272952
1173,walltz556,1,0.00037,44233,16.20541,272952
1174,warrenvw,1,0.00037,44234,16.20578,272952
1175,warunipop,1,0.00037,44235,16.20615,272952
1176,wenzhaojie,1,0.00037,44236,16.20651,272952
1177,xasm83,1,0.00037,44237,16.20688,272952
1178,xinoxapps,1,0.00037,44238,16.20725,272952
1179,yaronp68,1,0.00037,44239,16.20761,272952
1180,yedamao,1,0.00037,44240,16.20798,272952
1181,yonwon01,1,0.00037,44241,16.20834,272952
1182,yovizzle,1,0.00037,44242,16.20871,272952
1183,yura415,1,0.00037,44243,16.20908,272952
1184,zhaojinxin409,1,0.00037,44244,16.20944,272952
1185,zhiminwen,1,0.00037,44245,16.20981,272952
1186,zhongj0802,1,0.00037,44246,16.21018,272952
1187,zhruan,1,0.00037,44247,16.21054,272952
1188,ZitRos,1,0.00037,44248,16.21091,272952
1189,Zongshun96,1,0.00037,44249,16.21128,272952
